elapsed_time,unique_edges,total_execs,crash_count,hang_count,exec_speed,queue_size,last_new_find,last_crash,last_hang
0.00,0,0,0,0,0.00,0,0.00,0.00,0.00
13.36,1640,2393,0,0,179.18,187,12.98,0.00,0.00
23.37,1666,3906,0,0,167.13,208,23.13,0.00,0.00
33.51,1669,5526,0,0,164.90,211,32.15,0.00,0.00
43.53,1684,7146,0,0,164.15,219,42.61,0.00,0.00
53.55,1686,8802,0,0,164.37,221,52.44,0.00,0.00
63.58,1689,10458,0,0,164.49,224,61.00,0.00,0.00
73.71,1695,12114,0,0,164.34,230,72.27,0.00,0.00
83.81,1698,13752,0,0,164.09,233,79.26,0.00,0.00
93.87,1702,15390,0,0,163.94,237,92.50,0.00,0.00
103.89,1709,17046,0,0,164.08,238,102.20,0.00,0.00
114.06,1709,18684,0,0,163.81,238,102.20,0.00,0.00
124.18,1711,20376,0,0,164.09,240,119.86,0.00,0.00
134.34,1711,22050,0,0,164.14,240,119.86,0.00,0.00
144.52,1712,23670,0,0,163.78,241,141.55,0.00,0.00
154.61,1721,25308,0,0,163.69,244,147.07,0.00,0.00
164.68,1723,26964,0,0,163.74,246,162.50,0.00,0.00
174.72,1725,28620,0,0,163.81,247,168.06,0.00,0.00
184.86,1726,30348,0,0,164.16,248,175.72,0.00,0.00
194.93,1726,32004,0,0,164.18,248,175.72,0.00,0.00
205.04,1727,33642,0,0,164.07,249,197.04,0.00,0.00
215.24,1727,35298,0,0,163.99,249,197.04,0.00,0.00
225.25,1728,36954,0,0,164.06,250,219.58,0.00,0.00
235.26,1729,38628,0,0,164.20,251,230.40,0.00,0.00
245.35,1730,40320,0,0,164.33,252,236.90,0.00,0.00
255.41,1730,41994,0,0,164.42,252,236.90,0.00,0.00
265.50,1730,43632,0,0,164.34,252,236.90,0.00,0.00
275.52,1730,45234,0,0,164.18,252,236.90,0.00,0.00
285.70,1730,46890,0,0,164.12,252,236.90,0.00,0.00
295.72,1730,48564,0,0,164.22,252,236.90,0.00,0.00
305.88,1748,50214,0,0,164.16,260,304.21,0.00,0.00
315.97,1751,51852,0,0,164.10,263,312.56,0.00,0.00
326.07,1751,53492,0,0,164.05,263,312.56,0.00,0.00
336.25,1752,55176,0,0,164.09,264,334.53,0.00,0.00
346.37,1753,56784,0,0,163.94,265,345.41,0.00,0.00
356.50,1754,58422,0,0,163.88,266,348.35,0.00,0.00
366.60,1755,60030,0,0,163.75,267,364.05,0.00,0.00
376.72,1755,61640,0,0,163.62,267,364.05,0.00,0.00
386.78,1755,63248,0,0,163.52,267,364.05,0.00,0.00
396.87,1755,64928,0,0,163.60,267,364.05,0.00,0.00
406.96,1756,66538,0,0,163.50,268,397.92,0.00,0.00
417.05,1756,68192,0,0,163.51,268,397.92,0.00,0.00
427.21,1757,69816,0,0,163.42,269,421.01,0.00,0.00
437.36,1757,71456,0,0,163.38,269,421.01,0.00,0.00
447.53,1757,73048,0,0,163.22,269,421.01,0.00,0.00
457.66,1757,74714,0,0,163.25,269,421.01,0.00,0.00
467.68,1757,76336,0,0,163.22,269,421.01,0.00,0.00
477.78,1757,77944,0,0,163.14,269,421.01,0.00,0.00
487.83,1758,79594,0,0,163.16,270,484.27,0.00,0.00
497.89,1758,81216,0,0,163.12,270,484.27,0.00,0.00
507.97,1758,82838,0,0,163.08,270,484.27,0.00,0.00
518.11,1758,84490,0,0,163.07,270,484.27,0.00,0.00
528.22,1768,86098,0,0,163.00,272,523.75,0.00,0.00
538.23,1768,87646,0,0,162.84,272,523.75,0.00,0.00
548.26,1768,89238,0,0,162.77,272,523.75,0.00,0.00
558.30,1768,90846,0,0,162.72,272,523.75,0.00,0.00
568.36,1768,92438,0,0,162.64,272,523.75,0.00,0.00
578.46,1768,94030,0,0,162.55,272,523.75,0.00,0.00
588.54,1768,95636,0,0,162.50,272,523.75,0.00,0.00
598.71,1768,97272,0,0,162.47,272,523.75,0.00,0.00
628.77,1768,101990,0,0,162.21,272,523.75,0.00,0.00
658.94,1768,106758,0,0,162.01,272,523.75,0.00,0.00
688.96,1768,111642,0,0,162.04,272,523.75,0.00,0.00
718.99,1768,116432,0,0,161.94,272,523.75,0.00,0.00
749.06,1769,121224,0,0,161.83,273,748.81,0.00,0.00
779.09,1771,126034,0,0,161.77,275,768.05,0.00,0.00
809.21,1771,130954,0,0,161.83,275,768.05,0.00,0.00
839.30,1771,135820,0,0,161.82,275,768.05,0.00,0.00
869.35,1771,140616,0,0,161.75,275,768.05,0.00,0.00
899.54,1771,145454,0,0,161.70,275,768.05,0.00,0.00
929.59,1771,150398,0,0,161.79,275,768.05,0.00,0.00
959.68,1772,155190,0,0,161.71,276,942.92,0.00,0.00
989.83,1772,160014,0,0,161.66,276,942.92,0.00,0.00
1019.91,1772,164892,0,0,161.67,276,942.92,0.00,0.00
1050.02,1772,169774,0,0,161.69,276,942.92,0.00,0.00
1080.05,1772,174610,0,0,161.67,276,942.92,0.00,0.00
1110.11,1772,179480,0,0,161.68,276,942.92,0.00,0.00
1140.18,1773,184350,0,0,161.69,277,1140.07,0.00,0.00
1170.23,1773,189310,0,0,161.77,277,1140.07,0.00,0.00
1200.31,1773,194226,0,0,161.81,277,1140.07,0.00,0.00
1230.38,1773,199004,0,0,161.74,277,1140.07,0.00,0.00
1260.52,1773,203870,0,0,161.74,277,1140.07,0.00,0.00
1290.65,1773,208712,0,0,161.71,277,1140.07,0.00,0.00
1320.70,1773,213510,0,0,161.66,277,1140.07,0.00,0.00
1350.81,1773,218394,0,0,161.68,277,1140.07,0.00,0.00
1380.85,1773,223248,0,0,161.67,277,1140.07,0.00,0.00
1411.01,1773,228076,0,0,161.64,277,1140.07,0.00,0.00
1441.10,1773,232804,0,0,161.55,277,1140.07,0.00,0.00
1471.21,1773,237586,0,0,161.49,277,1140.07,0.00,0.00
1501.25,1774,242396,0,0,161.46,278,1472.07,0.00,0.00
1531.33,1774,247248,0,0,161.46,278,1472.07,0.00,0.00
1561.40,1774,252022,0,0,161.41,278,1472.07,0.00,0.00
1591.53,1774,256830,0,0,161.37,278,1472.07,0.00,0.00
1621.58,1774,261714,0,0,161.39,278,1472.07,0.00,0.00
1651.68,1774,266566,0,0,161.39,278,1472.07,0.00,0.00
1681.82,1774,271482,0,0,161.42,278,1472.07,0.00,0.00
1711.95,1774,276322,0,0,161.41,278,1472.07,0.00,0.00
1742.04,1774,281220,0,0,161.43,278,1472.07,0.00,0.00
1772.11,1774,286070,0,0,161.43,278,1472.07,0.00,0.00
1802.13,1774,290822,0,0,161.38,278,1472.07,0.00,0.00
1832.30,1774,295676,0,0,161.37,278,1472.07,0.00,0.00
1862.31,1774,300558,0,0,161.39,278,1472.07,0.00,0.00
1892.42,1774,305560,0,0,161.47,278,1472.07,0.00,0.00
1922.48,1774,310682,0,0,161.60,278,1472.07,0.00,0.00
1952.63,1774,315764,0,0,161.71,278,1472.07,0.00,0.00
1982.69,1774,320902,0,0,161.85,278,1472.07,0.00,0.00
2012.82,1775,325826,0,0,161.88,279,2006.73,0.00,0.00
2042.82,1775,330662,0,0,161.87,279,2006.73,0.00,0.00
2072.95,1775,335512,0,0,161.85,279,2006.73,0.00,0.00
2103.04,1775,340424,0,0,161.87,279,2006.73,0.00,0.00
2133.24,1775,345294,0,0,161.86,279,2006.73,0.00,0.00
2163.32,1775,350146,0,0,161.86,279,2006.73,0.00,0.00
2193.46,1775,355012,0,0,161.85,279,2006.73,0.00,0.00
2223.54,1775,359834,0,0,161.83,279,2006.73,0.00,0.00
2253.64,1775,364730,0,0,161.84,279,2006.73,0.00,0.00
2283.69,1775,369640,0,0,161.86,279,2006.73,0.00,0.00
2313.83,1775,374536,0,0,161.87,279,2006.73,0.00,0.00
2343.85,1775,379496,0,0,161.91,279,2006.73,0.00,0.00
2373.86,1775,384320,0,0,161.90,279,2006.73,0.00,0.00
2403.88,1775,389118,0,0,161.87,279,2006.73,0.00,0.00
2433.99,1775,393984,0,0,161.87,279,2006.73,0.00,0.00
2464.13,1775,398796,0,0,161.84,279,2006.73,0.00,0.00
2494.25,1775,403678,0,0,161.84,279,2006.73,0.00,0.00
2524.41,1775,408460,0,0,161.80,279,2006.73,0.00,0.00
2554.46,1775,413362,0,0,161.82,279,2006.73,0.00,0.00
2584.51,1775,418202,0,0,161.81,279,2006.73,0.00,0.00
2614.52,1775,422948,0,0,161.77,279,2006.73,0.00,0.00
2644.70,1775,427850,0,0,161.78,279,2006.73,0.00,0.00
2674.86,1775,432700,0,0,161.77,279,2006.73,0.00,0.00
2704.98,1776,437566,0,0,161.76,280,2700.47,0.00,0.00
2735.04,1776,442386,0,0,161.75,280,2700.47,0.00,0.00
2765.15,1776,447280,0,0,161.76,280,2700.47,0.00,0.00
2795.16,1776,452092,0,0,161.74,280,2700.47,0.00,0.00
2825.27,1776,456976,0,0,161.75,280,2700.47,0.00,0.00
2855.34,1776,461830,0,0,161.74,280,2700.47,0.00,0.00
2885.36,1776,466608,0,0,161.72,280,2700.47,0.00,0.00
2915.41,1776,471490,0,0,161.72,280,2700.47,0.00,0.00
2945.56,1776,476328,0,0,161.71,280,2700.47,0.00,0.00
2975.71,1776,481138,0,0,161.69,280,2700.47,0.00,0.00
3005.81,1776,485888,0,0,161.65,280,2700.47,0.00,0.00
3035.95,1776,490710,0,0,161.63,280,2700.47,0.00,0.00
3065.95,1776,495506,0,0,161.62,280,2700.47,0.00,0.00
3095.98,1776,500330,0,0,161.61,280,2700.47,0.00,0.00
3126.08,1776,505146,0,0,161.59,280,2700.47,0.00,0.00
3156.13,1776,509968,0,0,161.58,280,2700.47,0.00,0.00
3186.29,1776,514854,0,0,161.58,280,2700.47,0.00,0.00
3216.42,1776,519694,0,0,161.58,280,2700.47,0.00,0.00
3246.52,1776,524520,0,0,161.56,280,2700.47,0.00,0.00
3276.62,1776,529300,0,0,161.54,280,2700.47,0.00,0.00
3306.76,1776,534062,0,0,161.51,280,2700.47,0.00,0.00
3336.93,1776,538988,0,0,161.52,280,2700.47,0.00,0.00
3366.99,1776,543856,0,0,161.53,280,2700.47,0.00,0.00
3397.09,1776,548738,0,0,161.53,280,2700.47,0.00,0.00
3427.22,1776,553590,0,0,161.53,280,2700.47,0.00,0.00
3457.24,1777,558396,0,0,161.52,281,3454.01,0.00,0.00
3487.33,1777,563234,0,0,161.51,281,3454.01,0.00,0.00
3517.43,1777,568038,0,0,161.49,281,3454.01,0.00,0.00
3547.51,1777,572992,0,0,161.52,281,3454.01,0.00,0.00
3577.58,1777,577842,0,0,161.52,281,3454.01,0.00,0.00
3637.64,1777,587530,0,0,161.51,281,3454.01,0.00,0.00
3697.67,1777,597208,0,0,161.51,281,3454.01,0.00,0.00
3757.82,1777,606808,0,0,161.48,281,3454.01,0.00,0.00
3817.97,1788,616500,0,0,161.47,282,3760.37,0.00,0.00
3878.12,1788,626114,0,0,161.45,282,3760.37,0.00,0.00
3938.21,1788,635760,0,0,161.43,282,3760.37,0.00,0.00
3998.37,1788,645468,0,0,161.43,282,3760.37,0.00,0.00
4058.38,1790,655100,0,0,161.42,284,4040.18,0.00,0.00
4118.51,1790,664764,0,0,161.41,284,4040.18,0.00,0.00
4178.64,1790,674498,0,0,161.42,284,4040.18,0.00,0.00
4238.67,1790,684072,0,0,161.39,284,4040.18,0.00,0.00
4298.70,1790,693840,0,0,161.41,284,4040.18,0.00,0.00
4358.80,1790,703582,0,0,161.42,284,4040.18,0.00,0.00
4418.93,1790,713148,0,0,161.38,284,4040.18,0.00,0.00
4478.97,1790,722822,0,0,161.38,284,4040.18,0.00,0.00
4539.14,1790,732646,0,0,161.41,284,4040.18,0.00,0.00
4599.23,1790,742352,0,0,161.41,284,4040.18,0.00,0.00
4659.37,1790,752146,0,0,161.43,284,4040.18,0.00,0.00
4719.37,1859,759528,0,0,160.94,285,4705.37,0.00,0.00
4779.37,1859,759528,0,0,158.92,285,4705.37,0.00,0.00
4839.37,1859,759528,0,0,156.95,285,4705.37,0.00,0.00
4899.37,1859,759528,0,0,155.03,285,4705.37,0.00,0.00
4959.37,1859,759528,0,0,153.15,285,4705.37,0.00,0.00
5019.37,1859,759528,0,0,151.32,285,4705.37,0.00,0.00
5079.37,1859,759528,0,0,149.53,285,4705.37,0.00,0.00
5139.37,1859,759528,0,0,147.79,285,4705.37,0.00,0.00
5199.37,1859,759528,0,0,146.08,285,4705.37,0.00,0.00
5259.37,1859,759528,0,0,144.41,285,4705.37,0.00,0.00
5319.37,1859,759528,0,0,142.79,285,4705.37,0.00,0.00
5379.37,1859,759528,0,0,141.19,285,4705.37,0.00,0.00
5439.37,1859,759528,0,0,139.64,285,4705.37,0.00,0.00
5499.37,1859,759528,0,0,138.11,285,4705.37,0.00,0.00
5559.37,1859,759528,0,0,136.62,285,4705.37,0.00,0.00
5619.37,1859,759528,0,0,135.16,285,4705.37,0.00,0.00
5679.37,1859,759528,0,0,133.73,285,4705.37,0.00,0.00
5739.37,1859,759528,0,0,132.34,285,4705.37,0.00,0.00
5799.37,1859,759528,0,0,130.97,285,4705.37,0.00,0.00
5859.37,1859,759528,0,0,129.63,285,4705.37,0.00,0.00
5919.37,1859,759528,0,0,128.31,285,4705.37,0.00,0.00
5979.37,1859,759528,0,0,127.02,285,4705.37,0.00,0.00
6039.37,1859,759528,0,0,125.76,285,4705.37,0.00,0.00
6099.37,1859,759528,0,0,124.53,285,4705.37,0.00,0.00
6159.37,1859,759528,0,0,123.31,285,4705.37,0.00,0.00
6219.37,1859,759528,0,0,122.12,285,4705.37,0.00,0.00
6279.37,1859,759528,0,0,120.96,285,4705.37,0.00,0.00
6339.37,1859,759528,0,0,119.81,285,4705.37,0.00,0.00
6399.37,1859,759528,0,0,118.69,285,4705.37,0.00,0.00
6459.37,1859,759528,0,0,117.59,285,4705.37,0.00,0.00
6519.37,1859,759528,0,0,116.50,285,4705.37,0.00,0.00
6579.37,1859,759528,0,0,115.44,285,4705.37,0.00,0.00
6639.37,1859,759528,0,0,114.40,285,4705.37,0.00,0.00
6699.37,1859,759528,0,0,113.37,285,4705.37,0.00,0.00
6759.37,1859,759528,0,0,112.37,285,4705.37,0.00,0.00
6819.37,1859,759528,0,0,111.38,285,4705.37,0.00,0.00
6879.37,1859,759528,0,0,110.41,285,4705.37,0.00,0.00
6939.37,1859,759528,0,0,109.45,285,4705.37,0.00,0.00
6999.37,1859,759528,0,0,108.51,285,4705.37,0.00,0.00
7059.37,1859,759528,0,0,107.59,285,4705.37,0.00,0.00
7119.37,1859,759528,0,0,106.68,285,4705.37,0.00,0.00
7179.37,1859,759528,0,0,105.79,285,4705.37,0.00,0.00
7239.37,1859,759528,0,0,104.92,285,4705.37,0.00,0.00
7299.37,1859,759528,0,0,104.05,285,4705.37,0.00,0.00
7359.37,1859,759528,0,0,103.21,285,4705.37,0.00,0.00
7419.37,1859,759528,0,0,102.37,285,4705.37,0.00,0.00
7479.37,1859,759528,0,0,101.55,285,4705.37,0.00,0.00
7539.37,1859,759528,0,0,100.74,285,4705.37,0.00,0.00
7599.37,1859,759528,0,0,99.95,285,4705.37,0.00,0.00
7659.37,1859,759528,0,0,99.16,285,4705.37,0.00,0.00
7719.37,1859,759528,0,0,98.39,285,4705.37,0.00,0.00
7779.37,1859,759528,0,0,97.63,285,4705.37,0.00,0.00
7839.37,1859,759528,0,0,96.89,285,4705.37,0.00,0.00
7899.37,1859,759528,0,0,96.15,285,4705.37,0.00,0.00
7959.37,1859,759528,0,0,95.43,285,4705.37,0.00,0.00
8019.37,1859,759528,0,0,94.71,285,4705.37,0.00,0.00
8079.37,1859,759528,0,0,94.01,285,4705.37,0.00,0.00
8139.37,1859,759528,0,0,93.32,285,4705.37,0.00,0.00
8199.37,1859,759528,0,0,92.63,285,4705.37,0.00,0.00
8259.37,1859,759528,0,0,91.96,285,4705.37,0.00,0.00
8319.37,1859,759528,0,0,91.30,285,4705.37,0.00,0.00
8379.37,1859,759528,0,0,90.64,285,4705.37,0.00,0.00
8439.37,1859,759528,0,0,90.00,285,4705.37,0.00,0.00
8499.37,1859,759528,0,0,89.36,285,4705.37,0.00,0.00
8559.37,1859,759528,0,0,88.74,285,4705.37,0.00,0.00
8619.37,1859,759528,0,0,88.12,285,4705.37,0.00,0.00
8679.37,1859,759528,0,0,87.51,285,4705.37,0.00,0.00
8739.37,1859,759528,0,0,86.91,285,4705.37,0.00,0.00
8799.37,1859,759528,0,0,86.32,285,4705.37,0.00,0.00
8859.37,1859,759528,0,0,85.73,285,4705.37,0.00,0.00
8919.37,1859,759528,0,0,85.15,285,4705.37,0.00,0.00
8979.37,1859,759528,0,0,84.59,285,4705.37,0.00,0.00
9039.37,1859,759528,0,0,84.02,285,4705.37,0.00,0.00
9099.37,1859,759528,0,0,83.47,285,4705.37,0.00,0.00
9159.37,1859,759528,0,0,82.92,285,4705.37,0.00,0.00
9219.37,1859,759528,0,0,82.38,285,4705.37,0.00,0.00
9279.37,1859,759528,0,0,81.85,285,4705.37,0.00,0.00
9339.37,1859,759528,0,0,81.33,285,4705.37,0.00,0.00
9399.37,1859,759528,0,0,80.81,285,4705.37,0.00,0.00
9459.37,1859,759528,0,0,80.29,285,4705.37,0.00,0.00
9519.37,1859,759528,0,0,79.79,285,4705.37,0.00,0.00
9579.37,1859,759528,0,0,79.29,285,4705.37,0.00,0.00
9639.37,1859,759528,0,0,78.79,285,4705.37,0.00,0.00
9699.37,1859,759528,0,0,78.31,285,4705.37,0.00,0.00
9759.37,1859,759528,0,0,77.83,285,4705.37,0.00,0.00
9819.37,1859,759528,0,0,77.35,285,4705.37,0.00,0.00
9879.37,1859,759528,0,0,76.88,285,4705.37,0.00,0.00
9939.37,1859,759528,0,0,76.42,285,4705.37,0.00,0.00
9999.37,1859,759528,0,0,75.96,285,4705.37,0.00,0.00
10059.37,1859,759528,0,0,75.50,285,4705.37,0.00,0.00
10119.37,1859,759528,0,0,75.06,285,4705.37,0.00,0.00
10179.37,1859,759528,0,0,74.61,285,4705.37,0.00,0.00
10239.37,1859,759528,0,0,74.18,285,4705.37,0.00,0.00
10299.37,1859,759528,0,0,73.75,285,4705.37,0.00,0.00
10359.37,1859,759528,0,0,73.32,285,4705.37,0.00,0.00
10419.37,1859,759528,0,0,72.90,285,4705.37,0.00,0.00
10479.37,1859,759528,0,0,72.48,285,4705.37,0.00,0.00
10539.37,1859,759528,0,0,72.07,285,4705.37,0.00,0.00
10599.37,1859,759528,0,0,71.66,285,4705.37,0.00,0.00
10659.37,1859,759528,0,0,71.25,285,4705.37,0.00,0.00
10719.37,1859,759528,0,0,70.86,285,4705.37,0.00,0.00
10779.37,1859,759528,0,0,70.46,285,4705.37,0.00,0.00
10839.37,1859,759528,0,0,70.07,285,4705.37,0.00,0.00
10899.37,1859,759528,0,0,69.69,285,4705.37,0.00,0.00
10959.37,1859,759528,0,0,69.30,285,4705.37,0.00,0.00
11019.37,1859,759528,0,0,68.93,285,4705.37,0.00,0.00
11079.37,1859,759528,0,0,68.55,285,4705.37,0.00,0.00
11139.37,1859,759528,0,0,68.18,285,4705.37,0.00,0.00
11199.37,1859,759528,0,0,67.82,285,4705.37,0.00,0.00
11259.37,1859,759528,0,0,67.46,285,4705.37,0.00,0.00
11319.37,1859,759528,0,0,67.10,285,4705.37,0.00,0.00
11379.37,1859,759528,0,0,66.75,285,4705.37,0.00,0.00
11439.37,1859,759528,0,0,66.40,285,4705.37,0.00,0.00
11499.37,1859,759528,0,0,66.05,285,4705.37,0.00,0.00
11559.37,1859,759528,0,0,65.71,285,4705.37,0.00,0.00
11619.37,1859,759528,0,0,65.37,285,4705.37,0.00,0.00
11679.37,1859,759528,0,0,65.03,285,4705.37,0.00,0.00
11739.37,1859,759528,0,0,64.70,285,4705.37,0.00,0.00
11799.37,1859,759528,0,0,64.37,285,4705.37,0.00,0.00
11859.37,1859,759528,0,0,64.04,285,4705.37,0.00,0.00
11919.37,1859,759528,0,0,63.72,285,4705.37,0.00,0.00
11979.37,1859,759528,0,0,63.40,285,4705.37,0.00,0.00
12039.37,1859,759528,0,0,63.09,285,4705.37,0.00,0.00
12099.37,1859,759528,0,0,62.77,285,4705.37,0.00,0.00
12159.37,1859,759528,0,0,62.46,285,4705.37,0.00,0.00
12219.37,1859,759528,0,0,62.16,285,4705.37,0.00,0.00
12279.37,1859,759528,0,0,61.85,285,4705.37,0.00,0.00
12339.37,1859,759528,0,0,61.55,285,4705.37,0.00,0.00
12399.37,1859,759528,0,0,61.26,285,4705.37,0.00,0.00
12459.37,1859,759528,0,0,60.96,285,4705.37,0.00,0.00
12519.37,1859,759528,0,0,60.67,285,4705.37,0.00,0.00
12579.37,1859,759528,0,0,60.38,285,4705.37,0.00,0.00
12639.37,1859,759528,0,0,60.09,285,4705.37,0.00,0.00
12699.37,1859,759528,0,0,59.81,285,4705.37,0.00,0.00
12759.37,1859,759528,0,0,59.53,285,4705.37,0.00,0.00
12819.37,1859,759528,0,0,59.25,285,4705.37,0.00,0.00
12879.37,1859,759528,0,0,58.97,285,4705.37,0.00,0.00
12939.37,1859,759528,0,0,58.70,285,4705.37,0.00,0.00
12999.37,1859,759528,0,0,58.43,285,4705.37,0.00,0.00
13059.37,1859,759528,0,0,58.16,285,4705.37,0.00,0.00
13119.37,1859,759528,0,0,57.89,285,4705.37,0.00,0.00
13179.37,1859,759528,0,0,57.63,285,4705.37,0.00,0.00
13239.37,1859,759528,0,0,57.37,285,4705.37,0.00,0.00
13299.38,1859,759528,0,0,57.11,285,4705.37,0.00,0.00
13359.38,1859,759528,0,0,56.85,285,4705.37,0.00,0.00
13419.38,1859,759528,0,0,56.60,285,4705.37,0.00,0.00
13479.38,1859,759528,0,0,56.35,285,4705.37,0.00,0.00
13539.38,1859,759528,0,0,56.10,285,4705.37,0.00,0.00
13599.38,1859,759528,0,0,55.85,285,4705.37,0.00,0.00
13659.38,1859,759528,0,0,55.60,285,4705.37,0.00,0.00
13719.38,1859,759528,0,0,55.36,285,4705.37,0.00,0.00
13779.38,1859,759528,0,0,55.12,285,4705.37,0.00,0.00
13839.38,1859,759528,0,0,54.88,285,4705.37,0.00,0.00
13899.38,1859,759528,0,0,54.64,285,4705.37,0.00,0.00
13959.38,1859,759528,0,0,54.41,285,4705.37,0.00,0.00
14019.38,1859,759528,0,0,54.18,285,4705.37,0.00,0.00
14079.38,1859,759528,0,0,53.95,285,4705.37,0.00,0.00
14139.38,1859,759528,0,0,53.72,285,4705.37,0.00,0.00
14199.38,1859,759528,0,0,53.49,285,4705.37,0.00,0.00
14259.38,1859,759528,0,0,53.27,285,4705.37,0.00,0.00
14319.38,1859,759528,0,0,53.04,285,4705.37,0.00,0.00
14379.38,1859,759528,0,0,52.82,285,4705.37,0.00,0.00
14439.38,1859,759528,0,0,52.60,285,4705.37,0.00,0.00
14499.38,1859,759528,0,0,52.38,285,4705.37,0.00,0.00
14559.38,1859,759528,0,0,52.17,285,4705.37,0.00,0.00
14619.38,1859,759528,0,0,51.95,285,4705.37,0.00,0.00
14679.38,1859,759528,0,0,51.74,285,4705.37,0.00,0.00
14739.38,1859,759528,0,0,51.53,285,4705.37,0.00,0.00
14799.38,1859,759528,0,0,51.32,285,4705.37,0.00,0.00
14859.38,1859,759528,0,0,51.11,285,4705.37,0.00,0.00
14919.38,1859,759528,0,0,50.91,285,4705.37,0.00,0.00
14979.38,1859,759528,0,0,50.70,285,4705.37,0.00,0.00
15039.38,1859,759528,0,0,50.50,285,4705.37,0.00,0.00
15099.38,1859,759528,0,0,50.30,285,4705.37,0.00,0.00
15159.38,1859,759528,0,0,50.10,285,4705.37,0.00,0.00
15219.38,1859,759528,0,0,49.91,285,4705.37,0.00,0.00
15279.38,1859,759528,0,0,49.71,285,4705.37,0.00,0.00
15339.38,1859,759528,0,0,49.51,285,4705.37,0.00,0.00
15399.38,1859,759528,0,0,49.32,285,4705.37,0.00,0.00
15459.38,1859,759528,0,0,49.13,285,4705.37,0.00,0.00
15519.38,1859,759528,0,0,48.94,285,4705.37,0.00,0.00
15579.38,1859,759528,0,0,48.75,285,4705.37,0.00,0.00
15639.38,1859,759528,0,0,48.57,285,4705.37,0.00,0.00
15699.38,1859,759528,0,0,48.38,285,4705.37,0.00,0.00
15759.38,1859,759528,0,0,48.20,285,4705.37,0.00,0.00
15819.38,1859,759528,0,0,48.01,285,4705.37,0.00,0.00
15879.38,1859,759528,0,0,47.83,285,4705.37,0.00,0.00
15939.38,1859,759528,0,0,47.65,285,4705.37,0.00,0.00
15999.38,1859,759528,0,0,47.47,285,4705.37,0.00,0.00
16059.38,1859,759528,0,0,47.29,285,4705.37,0.00,0.00
16119.38,1859,759528,0,0,47.12,285,4705.37,0.00,0.00
16179.38,1859,759528,0,0,46.94,285,4705.37,0.00,0.00
16239.38,1859,759528,0,0,46.77,285,4705.37,0.00,0.00
16299.38,1859,759528,0,0,46.60,285,4705.37,0.00,0.00
16359.38,1859,759528,0,0,46.43,285,4705.37,0.00,0.00
16419.38,1859,759528,0,0,46.26,285,4705.37,0.00,0.00
16479.38,1859,759528,0,0,46.09,285,4705.37,0.00,0.00
16539.38,1859,759528,0,0,45.92,285,4705.37,0.00,0.00
16599.38,1859,759528,0,0,45.76,285,4705.37,0.00,0.00
16659.38,1859,759528,0,0,45.59,285,4705.37,0.00,0.00
16719.38,1859,759528,0,0,45.43,285,4705.37,0.00,0.00
16779.38,1859,759528,0,0,45.27,285,4705.37,0.00,0.00
16839.38,1859,759528,0,0,45.10,285,4705.37,0.00,0.00
16899.38,1859,759528,0,0,44.94,285,4705.37,0.00,0.00
16959.38,1859,759528,0,0,44.79,285,4705.37,0.00,0.00
17019.38,1859,759528,0,0,44.63,285,4705.37,0.00,0.00
17079.38,1859,759528,0,0,44.47,285,4705.37,0.00,0.00
17139.38,1859,759528,0,0,44.31,285,4705.37,0.00,0.00
17199.38,1859,759528,0,0,44.16,285,4705.37,0.00,0.00
17259.38,1859,759528,0,0,44.01,285,4705.37,0.00,0.00
17319.38,1859,759528,0,0,43.85,285,4705.37,0.00,0.00
17379.38,1859,759528,0,0,43.70,285,4705.37,0.00,0.00
17439.38,1859,759528,0,0,43.55,285,4705.37,0.00,0.00
17499.38,1859,759528,0,0,43.40,285,4705.37,0.00,0.00
17559.38,1859,759528,0,0,43.25,285,4705.37,0.00,0.00
17619.38,1859,759528,0,0,43.11,285,4705.37,0.00,0.00
17679.38,1859,759528,0,0,42.96,285,4705.37,0.00,0.00
17739.38,1859,759528,0,0,42.82,285,4705.37,0.00,0.00
17799.38,1859,759528,0,0,42.67,285,4705.37,0.00,0.00
17859.38,1859,759528,0,0,42.53,285,4705.37,0.00,0.00
17919.38,1859,759528,0,0,42.39,285,4705.37,0.00,0.00
17979.38,1859,759528,0,0,42.24,285,4705.37,0.00,0.00
18039.38,1859,759528,0,0,42.10,285,4705.37,0.00,0.00
18099.38,1859,759528,0,0,41.96,285,4705.37,0.00,0.00
18159.38,1859,759528,0,0,41.83,285,4705.37,0.00,0.00
18219.38,1859,759528,0,0,41.69,285,4705.37,0.00,0.00
18279.38,1859,759528,0,0,41.55,285,4705.37,0.00,0.00
18339.38,1859,759528,0,0,41.42,285,4705.37,0.00,0.00
18399.38,1859,759528,0,0,41.28,285,4705.37,0.00,0.00
18459.38,1859,759528,0,0,41.15,285,4705.37,0.00,0.00
18519.38,1859,759528,0,0,41.01,285,4705.37,0.00,0.00
18579.38,1859,759528,0,0,40.88,285,4705.37,0.00,0.00
18639.38,1859,759528,0,0,40.75,285,4705.37,0.00,0.00
18699.38,1859,759528,0,0,40.62,285,4705.37,0.00,0.00
18759.38,1859,759528,0,0,40.49,285,4705.37,0.00,0.00
18819.38,1859,759528,0,0,40.36,285,4705.37,0.00,0.00
18879.38,1859,759528,0,0,40.23,285,4705.37,0.00,0.00
18939.38,1859,759528,0,0,40.10,285,4705.37,0.00,0.00
18999.38,1859,759528,0,0,39.98,285,4705.37,0.00,0.00
19059.38,1859,759528,0,0,39.85,285,4705.37,0.00,0.00
19119.38,1859,759528,0,0,39.73,285,4705.37,0.00,0.00
19179.38,1859,759528,0,0,39.60,285,4705.37,0.00,0.00
19239.38,1859,759528,0,0,39.48,285,4705.37,0.00,0.00
19299.38,1859,759528,0,0,39.36,285,4705.37,0.00,0.00
19359.38,1859,759528,0,0,39.23,285,4705.37,0.00,0.00
19419.38,1859,759528,0,0,39.11,285,4705.37,0.00,0.00
19479.38,1859,759528,0,0,38.99,285,4705.37,0.00,0.00
19539.38,1859,759528,0,0,38.87,285,4705.37,0.00,0.00
19599.38,1859,759528,0,0,38.75,285,4705.37,0.00,0.00
19659.38,1859,759528,0,0,38.63,285,4705.37,0.00,0.00
19719.38,1859,759528,0,0,38.52,285,4705.37,0.00,0.00
19779.38,1859,759528,0,0,38.40,285,4705.37,0.00,0.00
19839.38,1859,759528,0,0,38.28,285,4705.37,0.00,0.00
19899.38,1859,759528,0,0,38.17,285,4705.37,0.00,0.00
19959.38,1859,759528,0,0,38.05,285,4705.37,0.00,0.00
20019.38,1859,759528,0,0,37.94,285,4705.37,0.00,0.00
20079.38,1859,759528,0,0,37.83,285,4705.37,0.00,0.00
20139.38,1859,759528,0,0,37.71,285,4705.37,0.00,0.00
20199.38,1859,759528,0,0,37.60,285,4705.37,0.00,0.00
20259.38,1859,759528,0,0,37.49,285,4705.37,0.00,0.00
20319.38,1859,759528,0,0,37.38,285,4705.37,0.00,0.00
20379.38,1859,759528,0,0,37.27,285,4705.37,0.00,0.00
20439.38,1859,759528,0,0,37.16,285,4705.37,0.00,0.00
20499.38,1859,759528,0,0,37.05,285,4705.37,0.00,0.00
20559.38,1859,759528,0,0,36.94,285,4705.37,0.00,0.00
20619.38,1859,759528,0,0,36.84,285,4705.37,0.00,0.00
20679.38,1859,759528,0,0,36.73,285,4705.37,0.00,0.00
20739.38,1859,759528,0,0,36.62,285,4705.37,0.00,0.00
20799.38,1859,759528,0,0,36.52,285,4705.37,0.00,0.00
20859.38,1859,759528,0,0,36.41,285,4705.37,0.00,0.00
20919.38,1859,759528,0,0,36.31,285,4705.37,0.00,0.00
20979.38,1859,759528,0,0,36.20,285,4705.37,0.00,0.00
21039.38,1859,759528,0,0,36.10,285,4705.37,0.00,0.00
21099.38,1859,759528,0,0,36.00,285,4705.37,0.00,0.00
21159.38,1859,759528,0,0,35.90,285,4705.37,0.00,0.00
21219.38,1859,759528,0,0,35.79,285,4705.37,0.00,0.00
21279.38,1859,759528,0,0,35.69,285,4705.37,0.00,0.00
21339.38,1859,759528,0,0,35.59,285,4705.37,0.00,0.00
21399.38,1859,759528,0,0,35.49,285,4705.37,0.00,0.00
21459.38,1859,759528,0,0,35.39,285,4705.37,0.00,0.00
21519.38,1859,759528,0,0,35.30,285,4705.37,0.00,0.00
21579.38,1859,759528,0,0,35.20,285,4705.37,0.00,0.00
21639.38,1859,759528,0,0,35.10,285,4705.37,0.00,0.00
21699.38,1859,759528,0,0,35.00,285,4705.37,0.00,0.00
21759.38,1859,759528,0,0,34.91,285,4705.37,0.00,0.00
21819.38,1859,759528,0,0,34.81,285,4705.37,0.00,0.00
21879.38,1859,759528,0,0,34.71,285,4705.37,0.00,0.00
21939.38,1859,759528,0,0,34.62,285,4705.37,0.00,0.00
21999.38,1859,759528,0,0,34.52,285,4705.37,0.00,0.00
22059.38,1859,759528,0,0,34.43,285,4705.37,0.00,0.00
22119.38,1859,759528,0,0,34.34,285,4705.37,0.00,0.00
22179.38,1859,759528,0,0,34.24,285,4705.37,0.00,0.00
22239.38,1859,759528,0,0,34.15,285,4705.37,0.00,0.00
22299.38,1859,759528,0,0,34.06,285,4705.37,0.00,0.00
22359.38,1859,759528,0,0,33.97,285,4705.37,0.00,0.00
22419.38,1859,759528,0,0,33.88,285,4705.37,0.00,0.00
22479.38,1859,759528,0,0,33.79,285,4705.37,0.00,0.00
22539.38,1859,759528,0,0,33.70,285,4705.37,0.00,0.00
22599.38,1859,759528,0,0,33.61,285,4705.37,0.00,0.00
22659.38,1859,759528,0,0,33.52,285,4705.37,0.00,0.00
22719.38,1859,759528,0,0,33.43,285,4705.37,0.00,0.00
22779.38,1859,759528,0,0,33.34,285,4705.37,0.00,0.00
22839.38,1859,759528,0,0,33.26,285,4705.37,0.00,0.00
22899.38,1859,759528,0,0,33.17,285,4705.37,0.00,0.00
22959.38,1859,759528,0,0,33.08,285,4705.37,0.00,0.00
23019.38,1859,759528,0,0,33.00,285,4705.37,0.00,0.00
23079.38,1859,759528,0,0,32.91,285,4705.37,0.00,0.00
23139.38,1859,759528,0,0,32.82,285,4705.37,0.00,0.00
23199.38,1859,759528,0,0,32.74,285,4705.37,0.00,0.00
23259.38,1859,759528,0,0,32.65,285,4705.37,0.00,0.00
23319.38,1859,759528,0,0,32.57,285,4705.37,0.00,0.00
23379.38,1859,759528,0,0,32.49,285,4705.37,0.00,0.00
23439.38,1859,759528,0,0,32.40,285,4705.37,0.00,0.00
23499.38,1859,759528,0,0,32.32,285,4705.37,0.00,0.00
23559.38,1859,759528,0,0,32.24,285,4705.37,0.00,0.00
23619.38,1859,759528,0,0,32.16,285,4705.37,0.00,0.00
23679.38,1859,759528,0,0,32.08,285,4705.37,0.00,0.00
23739.38,1859,759528,0,0,31.99,285,4705.37,0.00,0.00
23799.38,1859,759528,0,0,31.91,285,4705.37,0.00,0.00
23859.38,1859,759528,0,0,31.83,285,4705.37,0.00,0.00
23919.38,1859,759528,0,0,31.75,285,4705.37,0.00,0.00
23979.38,1859,759528,0,0,31.67,285,4705.37,0.00,0.00
24039.38,1859,759528,0,0,31.60,285,4705.37,0.00,0.00
24099.38,1859,759528,0,0,31.52,285,4705.37,0.00,0.00
24159.38,1859,759528,0,0,31.44,285,4705.37,0.00,0.00
24219.38,1859,759528,0,0,31.36,285,4705.37,0.00,0.00
24279.38,1859,759528,0,0,31.28,285,4705.37,0.00,0.00
24339.38,1859,759528,0,0,31.21,285,4705.37,0.00,0.00
24399.38,1859,759528,0,0,31.13,285,4705.37,0.00,0.00
24459.38,1859,759528,0,0,31.05,285,4705.37,0.00,0.00
24519.38,1859,759528,0,0,30.98,285,4705.37,0.00,0.00
24579.38,1859,759528,0,0,30.90,285,4705.37,0.00,0.00
24639.38,1859,759528,0,0,30.83,285,4705.37,0.00,0.00
24699.38,1859,759528,0,0,30.75,285,4705.37,0.00,0.00
24759.38,1859,759528,0,0,30.68,285,4705.37,0.00,0.00
24819.38,1859,759528,0,0,30.60,285,4705.37,0.00,0.00
24879.38,1859,759528,0,0,30.53,285,4705.37,0.00,0.00
24939.38,1859,759528,0,0,30.45,285,4705.37,0.00,0.00
24999.38,1859,759528,0,0,30.38,285,4705.37,0.00,0.00
25059.38,1859,759528,0,0,30.31,285,4705.37,0.00,0.00
25119.38,1859,759528,0,0,30.24,285,4705.37,0.00,0.00
25179.38,1859,759528,0,0,30.16,285,4705.37,0.00,0.00
25239.38,1859,759528,0,0,30.09,285,4705.37,0.00,0.00
25299.38,1859,759528,0,0,30.02,285,4705.37,0.00,0.00
25359.38,1859,759528,0,0,29.95,285,4705.37,0.00,0.00
25419.38,1859,759528,0,0,29.88,285,4705.37,0.00,0.00
25479.38,1859,759528,0,0,29.81,285,4705.37,0.00,0.00
25539.38,1859,759528,0,0,29.74,285,4705.37,0.00,0.00
25599.38,1859,759528,0,0,29.67,285,4705.37,0.00,0.00
25659.38,1859,759528,0,0,29.60,285,4705.37,0.00,0.00
25719.38,1859,759528,0,0,29.53,285,4705.37,0.00,0.00
25779.38,1859,759528,0,0,29.46,285,4705.37,0.00,0.00
25839.38,1859,759528,0,0,29.39,285,4705.37,0.00,0.00
25899.38,1859,759528,0,0,29.33,285,4705.37,0.00,0.00
25959.38,1859,759528,0,0,29.26,285,4705.37,0.00,0.00
26019.38,1859,759528,0,0,29.19,285,4705.37,0.00,0.00
26079.38,1859,759528,0,0,29.12,285,4705.37,0.00,0.00
26139.38,1859,759528,0,0,29.06,285,4705.37,0.00,0.00
26199.38,1859,759528,0,0,28.99,285,4705.37,0.00,0.00
26259.38,1859,759528,0,0,28.92,285,4705.37,0.00,0.00
26319.38,1859,759528,0,0,28.86,285,4705.37,0.00,0.00
26379.38,1859,759528,0,0,28.79,285,4705.37,0.00,0.00
26439.38,1859,759528,0,0,28.73,285,4705.37,0.00,0.00
26499.38,1859,759528,0,0,28.66,285,4705.37,0.00,0.00
26559.38,1859,759528,0,0,28.60,285,4705.37,0.00,0.00
26619.38,1859,759528,0,0,28.53,285,4705.37,0.00,0.00
26679.38,1859,759528,0,0,28.47,285,4705.37,0.00,0.00
26739.38,1859,759528,0,0,28.40,285,4705.37,0.00,0.00
26799.38,1859,759528,0,0,28.34,285,4705.37,0.00,0.00
26859.38,1859,759528,0,0,28.28,285,4705.37,0.00,0.00
26919.38,1859,759528,0,0,28.21,285,4705.37,0.00,0.00
26979.38,1859,759528,0,0,28.15,285,4705.37,0.00,0.00
27039.38,1859,759528,0,0,28.09,285,4705.37,0.00,0.00
27099.38,1859,759528,0,0,28.03,285,4705.37,0.00,0.00
27159.38,1859,759528,0,0,27.97,285,4705.37,0.00,0.00
27219.38,1859,759528,0,0,27.90,285,4705.37,0.00,0.00
27279.38,1859,759528,0,0,27.84,285,4705.37,0.00,0.00
27339.38,1859,759528,0,0,27.78,285,4705.37,0.00,0.00
27399.38,1859,759528,0,0,27.72,285,4705.37,0.00,0.00
27459.38,1859,759528,0,0,27.66,285,4705.37,0.00,0.00
27519.38,1859,759528,0,0,27.60,285,4705.37,0.00,0.00
27579.38,1859,759528,0,0,27.54,285,4705.37,0.00,0.00
27639.38,1859,759528,0,0,27.48,285,4705.37,0.00,0.00
27699.38,1859,759528,0,0,27.42,285,4705.37,0.00,0.00
27759.38,1859,759528,0,0,27.36,285,4705.37,0.00,0.00
27819.38,1859,759528,0,0,27.30,285,4705.37,0.00,0.00
27879.38,1859,759528,0,0,27.24,285,4705.37,0.00,0.00
27939.38,1859,759528,0,0,27.18,285,4705.37,0.00,0.00
27999.38,1859,759528,0,0,27.13,285,4705.37,0.00,0.00
28059.38,1859,759528,0,0,27.07,285,4705.37,0.00,0.00
28119.38,1859,759528,0,0,27.01,285,4705.37,0.00,0.00
28179.38,1859,759528,0,0,26.95,285,4705.37,0.00,0.00
28239.38,1859,759528,0,0,26.90,285,4705.37,0.00,0.00
28299.38,1859,759528,0,0,26.84,285,4705.37,0.00,0.00
28359.38,1859,759528,0,0,26.78,285,4705.37,0.00,0.00
28419.38,1859,759528,0,0,26.73,285,4705.37,0.00,0.00
28479.38,1859,759528,0,0,26.67,285,4705.37,0.00,0.00
28539.38,1859,759528,0,0,26.61,285,4705.37,0.00,0.00
28599.38,1859,759528,0,0,26.56,285,4705.37,0.00,0.00
28659.38,1859,759528,0,0,26.50,285,4705.37,0.00,0.00
28719.38,1859,759528,0,0,26.45,285,4705.37,0.00,0.00
28779.38,1859,759528,0,0,26.39,285,4705.37,0.00,0.00
28839.38,1859,759528,0,0,26.34,285,4705.37,0.00,0.00
28899.38,1859,759528,0,0,26.28,285,4705.37,0.00,0.00
28959.38,1859,759528,0,0,26.23,285,4705.37,0.00,0.00
29019.38,1859,759528,0,0,26.17,285,4705.37,0.00,0.00
29079.38,1859,759528,0,0,26.12,285,4705.37,0.00,0.00
29139.38,1859,759528,0,0,26.07,285,4705.37,0.00,0.00
29199.38,1859,759528,0,0,26.01,285,4705.37,0.00,0.00
29259.38,1859,759528,0,0,25.96,285,4705.37,0.00,0.00
29319.38,1859,759528,0,0,25.91,285,4705.37,0.00,0.00
29379.38,1859,759528,0,0,25.85,285,4705.37,0.00,0.00
29439.38,1859,759528,0,0,25.80,285,4705.37,0.00,0.00
29499.38,1859,759528,0,0,25.75,285,4705.37,0.00,0.00
29559.38,1859,759528,0,0,25.69,285,4705.37,0.00,0.00
29619.38,1859,759528,0,0,25.64,285,4705.37,0.00,0.00
29679.38,1859,759528,0,0,25.59,285,4705.37,0.00,0.00
29739.38,1859,759528,0,0,25.54,285,4705.37,0.00,0.00
29799.38,1859,759528,0,0,25.49,285,4705.37,0.00,0.00
29859.38,1859,759528,0,0,25.44,285,4705.37,0.00,0.00
29919.38,1859,759528,0,0,25.39,285,4705.37,0.00,0.00
29979.38,1859,759528,0,0,25.34,285,4705.37,0.00,0.00
30039.38,1859,759528,0,0,25.28,285,4705.37,0.00,0.00
30099.38,1859,759528,0,0,25.23,285,4705.37,0.00,0.00
30159.38,1859,759528,0,0,25.18,285,4705.37,0.00,0.00
30219.38,1859,759528,0,0,25.13,285,4705.37,0.00,0.00
30279.38,1859,759528,0,0,25.08,285,4705.37,0.00,0.00
30339.38,1859,759528,0,0,25.03,285,4705.37,0.00,0.00
30399.38,1859,759528,0,0,24.98,285,4705.37,0.00,0.00
30459.38,1859,759528,0,0,24.94,285,4705.37,0.00,0.00
30519.38,1859,759528,0,0,24.89,285,4705.37,0.00,0.00
30579.38,1859,759528,0,0,24.84,285,4705.37,0.00,0.00
30639.38,1859,759528,0,0,24.79,285,4705.37,0.00,0.00
30699.38,1859,759528,0,0,24.74,285,4705.37,0.00,0.00
30759.38,1859,759528,0,0,24.69,285,4705.37,0.00,0.00
30819.38,1859,759528,0,0,24.64,285,4705.37,0.00,0.00
30879.38,1859,759528,0,0,24.60,285,4705.37,0.00,0.00
30939.38,1859,759528,0,0,24.55,285,4705.37,0.00,0.00
30999.38,1859,759528,0,0,24.50,285,4705.37,0.00,0.00
31059.38,1859,759528,0,0,24.45,285,4705.37,0.00,0.00
31119.38,1859,759528,0,0,24.41,285,4705.37,0.00,0.00
31179.38,1859,759528,0,0,24.36,285,4705.37,0.00,0.00
31239.38,1859,759528,0,0,24.31,285,4705.37,0.00,0.00
31299.38,1859,759528,0,0,24.27,285,4705.37,0.00,0.00
31359.38,1859,759528,0,0,24.22,285,4705.37,0.00,0.00
31419.38,1859,759528,0,0,24.17,285,4705.37,0.00,0.00
31479.38,1859,759528,0,0,24.13,285,4705.37,0.00,0.00
31539.38,1859,759528,0,0,24.08,285,4705.37,0.00,0.00
31599.38,1859,759528,0,0,24.04,285,4705.37,0.00,0.00
31659.38,1859,759528,0,0,23.99,285,4705.37,0.00,0.00
31719.38,1859,759528,0,0,23.95,285,4705.37,0.00,0.00
31779.38,1859,759528,0,0,23.90,285,4705.37,0.00,0.00
31839.38,1859,759528,0,0,23.85,285,4705.37,0.00,0.00
31899.38,1859,759528,0,0,23.81,285,4705.37,0.00,0.00
31959.38,1859,759528,0,0,23.77,285,4705.37,0.00,0.00
32019.38,1859,759528,0,0,23.72,285,4705.37,0.00,0.00
32079.38,1859,759528,0,0,23.68,285,4705.37,0.00,0.00
32139.38,1859,759528,0,0,23.63,285,4705.37,0.00,0.00
32199.38,1859,759528,0,0,23.59,285,4705.37,0.00,0.00
32259.38,1859,759528,0,0,23.54,285,4705.37,0.00,0.00
32319.38,1859,759528,0,0,23.50,285,4705.37,0.00,0.00
32379.38,1859,759528,0,0,23.46,285,4705.37,0.00,0.00
32439.38,1859,759528,0,0,23.41,285,4705.37,0.00,0.00
32499.38,1859,759528,0,0,23.37,285,4705.37,0.00,0.00
32559.38,1859,759528,0,0,23.33,285,4705.37,0.00,0.00
32619.38,1859,759528,0,0,23.28,285,4705.37,0.00,0.00
32679.38,1859,759528,0,0,23.24,285,4705.37,0.00,0.00
32739.38,1859,759528,0,0,23.20,285,4705.37,0.00,0.00
32799.38,1859,759528,0,0,23.16,285,4705.37,0.00,0.00
32859.38,1859,759528,0,0,23.11,285,4705.37,0.00,0.00
32919.38,1859,759528,0,0,23.07,285,4705.37,0.00,0.00
32979.38,1859,759528,0,0,23.03,285,4705.37,0.00,0.00
33039.38,1859,759528,0,0,22.99,285,4705.37,0.00,0.00
33099.38,1859,759528,0,0,22.95,285,4705.37,0.00,0.00
33159.38,1859,759528,0,0,22.91,285,4705.37,0.00,0.00
33219.38,1859,759528,0,0,22.86,285,4705.37,0.00,0.00
33279.38,1859,759528,0,0,22.82,285,4705.37,0.00,0.00
33339.38,1859,759528,0,0,22.78,285,4705.37,0.00,0.00
33399.38,1859,759528,0,0,22.74,285,4705.37,0.00,0.00
33459.38,1859,759528,0,0,22.70,285,4705.37,0.00,0.00
33519.38,1859,759528,0,0,22.66,285,4705.37,0.00,0.00
33579.38,1859,759528,0,0,22.62,285,4705.37,0.00,0.00
33639.38,1859,759528,0,0,22.58,285,4705.37,0.00,0.00
33699.38,1859,759528,0,0,22.54,285,4705.37,0.00,0.00
33759.38,1859,759528,0,0,22.50,285,4705.37,0.00,0.00
33819.38,1859,759528,0,0,22.46,285,4705.37,0.00,0.00
33879.38,1859,759528,0,0,22.42,285,4705.37,0.00,0.00
33939.38,1859,759528,0,0,22.38,285,4705.37,0.00,0.00
33999.38,1859,759528,0,0,22.34,285,4705.37,0.00,0.00
34059.38,1859,759528,0,0,22.30,285,4705.37,0.00,0.00
34119.38,1859,759528,0,0,22.26,285,4705.37,0.00,0.00
34179.38,1859,759528,0,0,22.22,285,4705.37,0.00,0.00
34239.38,1859,759528,0,0,22.18,285,4705.37,0.00,0.00
34299.38,1859,759528,0,0,22.14,285,4705.37,0.00,0.00
34359.38,1859,759528,0,0,22.11,285,4705.37,0.00,0.00
34419.38,1859,759528,0,0,22.07,285,4705.37,0.00,0.00
34479.38,1859,759528,0,0,22.03,285,4705.37,0.00,0.00
34539.38,1859,759528,0,0,21.99,285,4705.37,0.00,0.00
34599.38,1859,759528,0,0,21.95,285,4705.37,0.00,0.00
34659.38,1859,759528,0,0,21.91,285,4705.37,0.00,0.00
34719.38,1859,759528,0,0,21.88,285,4705.37,0.00,0.00
34779.38,1859,759528,0,0,21.84,285,4705.37,0.00,0.00
34839.38,1859,759528,0,0,21.80,285,4705.37,0.00,0.00
34899.38,1859,759528,0,0,21.76,285,4705.37,0.00,0.00
34959.38,1859,759528,0,0,21.73,285,4705.37,0.00,0.00
35019.38,1859,759528,0,0,21.69,285,4705.37,0.00,0.00
35079.38,1859,759528,0,0,21.65,285,4705.37,0.00,0.00
35139.38,1859,759528,0,0,21.61,285,4705.37,0.00,0.00
35199.38,1859,759528,0,0,21.58,285,4705.37,0.00,0.00
35259.38,1859,759528,0,0,21.54,285,4705.37,0.00,0.00
35319.38,1859,759528,0,0,21.50,285,4705.37,0.00,0.00
35379.38,1859,759528,0,0,21.47,285,4705.37,0.00,0.00
35439.38,1859,759528,0,0,21.43,285,4705.37,0.00,0.00
35499.38,1859,759528,0,0,21.40,285,4705.37,0.00,0.00
35559.38,1859,759528,0,0,21.36,285,4705.37,0.00,0.00
35619.38,1859,759528,0,0,21.32,285,4705.37,0.00,0.00
35679.38,1859,759528,0,0,21.29,285,4705.37,0.00,0.00
35739.38,1859,759528,0,0,21.25,285,4705.37,0.00,0.00
35799.38,1859,759528,0,0,21.22,285,4705.37,0.00,0.00
35859.38,1859,759528,0,0,21.18,285,4705.37,0.00,0.00
35919.38,1859,759528,0,0,21.15,285,4705.37,0.00,0.00
35979.38,1859,759528,0,0,21.11,285,4705.37,0.00,0.00
36039.38,1859,759528,0,0,21.07,285,4705.37,0.00,0.00
36099.38,1859,759528,0,0,21.04,285,4705.37,0.00,0.00
36159.38,1859,759528,0,0,21.01,285,4705.37,0.00,0.00
36219.38,1859,759528,0,0,20.97,285,4705.37,0.00,0.00
36279.38,1859,759528,0,0,20.94,285,4705.37,0.00,0.00
36339.38,1859,759528,0,0,20.90,285,4705.37,0.00,0.00
36399.38,1859,759528,0,0,20.87,285,4705.37,0.00,0.00
36459.38,1859,759528,0,0,20.83,285,4705.37,0.00,0.00
36519.38,1859,759528,0,0,20.80,285,4705.37,0.00,0.00
36579.38,1859,759528,0,0,20.76,285,4705.37,0.00,0.00
36639.38,1859,759528,0,0,20.73,285,4705.37,0.00,0.00
36699.38,1859,759528,0,0,20.70,285,4705.37,0.00,0.00
36759.38,1859,759528,0,0,20.66,285,4705.37,0.00,0.00
36819.38,1859,759528,0,0,20.63,285,4705.37,0.00,0.00
36879.38,1859,759528,0,0,20.59,285,4705.37,0.00,0.00
36939.38,1859,759528,0,0,20.56,285,4705.37,0.00,0.00
36999.38,1859,759528,0,0,20.53,285,4705.37,0.00,0.00
37059.38,1859,759528,0,0,20.49,285,4705.37,0.00,0.00
37119.38,1859,759528,0,0,20.46,285,4705.37,0.00,0.00
37179.38,1859,759528,0,0,20.43,285,4705.37,0.00,0.00
37239.38,1859,759528,0,0,20.40,285,4705.37,0.00,0.00
37299.38,1859,759528,0,0,20.36,285,4705.37,0.00,0.00
37359.38,1859,759528,0,0,20.33,285,4705.37,0.00,0.00
37419.38,1859,759528,0,0,20.30,285,4705.37,0.00,0.00
37479.38,1859,759528,0,0,20.27,285,4705.37,0.00,0.00
37539.38,1859,759528,0,0,20.23,285,4705.37,0.00,0.00
37599.38,1859,759528,0,0,20.20,285,4705.37,0.00,0.00
37659.38,1859,759528,0,0,20.17,285,4705.37,0.00,0.00
37719.38,1859,759528,0,0,20.14,285,4705.37,0.00,0.00
37779.38,1859,759528,0,0,20.10,285,4705.37,0.00,0.00
37839.38,1859,759528,0,0,20.07,285,4705.37,0.00,0.00
37899.38,1859,759528,0,0,20.04,285,4705.37,0.00,0.00
37959.38,1859,759528,0,0,20.01,285,4705.37,0.00,0.00
38019.38,1859,759528,0,0,19.98,285,4705.37,0.00,0.00
38079.38,1859,759528,0,0,19.95,285,4705.37,0.00,0.00
38139.38,1859,759528,0,0,19.91,285,4705.37,0.00,0.00
38199.38,1859,759528,0,0,19.88,285,4705.37,0.00,0.00
38259.38,1859,759528,0,0,19.85,285,4705.37,0.00,0.00
38319.38,1859,759528,0,0,19.82,285,4705.37,0.00,0.00
38379.38,1859,759528,0,0,19.79,285,4705.37,0.00,0.00
38439.38,1859,759528,0,0,19.76,285,4705.37,0.00,0.00
38499.38,1859,759528,0,0,19.73,285,4705.37,0.00,0.00
38559.38,1859,759528,0,0,19.70,285,4705.37,0.00,0.00
38619.38,1859,759528,0,0,19.67,285,4705.37,0.00,0.00
38679.38,1859,759528,0,0,19.64,285,4705.37,0.00,0.00
38739.38,1859,759528,0,0,19.61,285,4705.37,0.00,0.00
38799.38,1859,759528,0,0,19.58,285,4705.37,0.00,0.00
38859.38,1859,759528,0,0,19.55,285,4705.37,0.00,0.00
38919.38,1859,759528,0,0,19.52,285,4705.37,0.00,0.00
38979.38,1859,759528,0,0,19.49,285,4705.37,0.00,0.00
39039.38,1859,759528,0,0,19.46,285,4705.37,0.00,0.00
39099.38,1859,759528,0,0,19.43,285,4705.37,0.00,0.00
39159.38,1859,759528,0,0,19.40,285,4705.37,0.00,0.00
39219.38,1859,759528,0,0,19.37,285,4705.37,0.00,0.00
39279.38,1859,759528,0,0,19.34,285,4705.37,0.00,0.00
39339.38,1859,759528,0,0,19.31,285,4705.37,0.00,0.00
39399.38,1859,759528,0,0,19.28,285,4705.37,0.00,0.00
39459.38,1859,759528,0,0,19.25,285,4705.37,0.00,0.00
39519.38,1859,759528,0,0,19.22,285,4705.37,0.00,0.00
39579.38,1859,759528,0,0,19.19,285,4705.37,0.00,0.00
39639.38,1859,759528,0,0,19.16,285,4705.37,0.00,0.00
39699.38,1859,759528,0,0,19.13,285,4705.37,0.00,0.00
39759.38,1859,759528,0,0,19.10,285,4705.37,0.00,0.00
39819.38,1859,759528,0,0,19.07,285,4705.37,0.00,0.00
39879.38,1859,759528,0,0,19.05,285,4705.37,0.00,0.00
39939.38,1859,759528,0,0,19.02,285,4705.37,0.00,0.00
39999.38,1859,759528,0,0,18.99,285,4705.37,0.00,0.00
40059.38,1859,759528,0,0,18.96,285,4705.37,0.00,0.00
40119.38,1859,759528,0,0,18.93,285,4705.37,0.00,0.00
40179.38,1859,759528,0,0,18.90,285,4705.37,0.00,0.00
40239.38,1859,759528,0,0,18.88,285,4705.37,0.00,0.00
40299.38,1859,759528,0,0,18.85,285,4705.37,0.00,0.00
40359.38,1859,759528,0,0,18.82,285,4705.37,0.00,0.00
40419.38,1859,759528,0,0,18.79,285,4705.37,0.00,0.00
40479.38,1859,759528,0,0,18.76,285,4705.37,0.00,0.00
40539.38,1859,759528,0,0,18.74,285,4705.37,0.00,0.00
40599.38,1859,759528,0,0,18.71,285,4705.37,0.00,0.00
40659.38,1859,759528,0,0,18.68,285,4705.37,0.00,0.00
40719.38,1859,759528,0,0,18.65,285,4705.37,0.00,0.00
40779.38,1859,759528,0,0,18.63,285,4705.37,0.00,0.00
40839.38,1859,759528,0,0,18.60,285,4705.37,0.00,0.00
40899.38,1859,759528,0,0,18.57,285,4705.37,0.00,0.00
40959.38,1859,759528,0,0,18.54,285,4705.37,0.00,0.00
41019.38,1859,759528,0,0,18.52,285,4705.37,0.00,0.00
41079.38,1859,759528,0,0,18.49,285,4705.37,0.00,0.00
41139.38,1859,759528,0,0,18.46,285,4705.37,0.00,0.00
41199.38,1859,759528,0,0,18.44,285,4705.37,0.00,0.00
41259.38,1859,759528,0,0,18.41,285,4705.37,0.00,0.00
41319.38,1859,759528,0,0,18.38,285,4705.37,0.00,0.00
41379.38,1859,759528,0,0,18.36,285,4705.37,0.00,0.00
41439.38,1859,759528,0,0,18.33,285,4705.37,0.00,0.00
41499.38,1859,759528,0,0,18.30,285,4705.37,0.00,0.00
41559.38,1859,759528,0,0,18.28,285,4705.37,0.00,0.00
41619.38,1859,759528,0,0,18.25,285,4705.37,0.00,0.00
41679.38,1859,759528,0,0,18.22,285,4705.37,0.00,0.00
41739.38,1859,759528,0,0,18.20,285,4705.37,0.00,0.00
41799.38,1859,759528,0,0,18.17,285,4705.37,0.00,0.00
41859.38,1859,759528,0,0,18.14,285,4705.37,0.00,0.00
41919.38,1859,759528,0,0,18.12,285,4705.37,0.00,0.00
41979.38,1859,759528,0,0,18.09,285,4705.37,0.00,0.00
42039.38,1859,759528,0,0,18.07,285,4705.37,0.00,0.00
42099.38,1859,759528,0,0,18.04,285,4705.37,0.00,0.00
42159.38,1859,759528,0,0,18.02,285,4705.37,0.00,0.00
42219.38,1859,759528,0,0,17.99,285,4705.37,0.00,0.00
42279.38,1859,759528,0,0,17.96,285,4705.37,0.00,0.00
42339.38,1859,759528,0,0,17.94,285,4705.37,0.00,0.00
42399.38,1859,759528,0,0,17.91,285,4705.37,0.00,0.00
42459.38,1859,759528,0,0,17.89,285,4705.37,0.00,0.00
42519.38,1859,759528,0,0,17.86,285,4705.37,0.00,0.00
42579.38,1859,759528,0,0,17.84,285,4705.37,0.00,0.00
42639.38,1859,759528,0,0,17.81,285,4705.37,0.00,0.00
42699.38,1859,759528,0,0,17.79,285,4705.37,0.00,0.00
42759.38,1859,759528,0,0,17.76,285,4705.37,0.00,0.00
42819.38,1859,759528,0,0,17.74,285,4705.37,0.00,0.00
42879.38,1859,759528,0,0,17.71,285,4705.37,0.00,0.00
42939.38,1859,759528,0,0,17.69,285,4705.37,0.00,0.00
42999.38,1859,759528,0,0,17.66,285,4705.37,0.00,0.00
43059.38,1859,759528,0,0,17.64,285,4705.37,0.00,0.00
43119.38,1859,759528,0,0,17.61,285,4705.37,0.00,0.00
43179.38,1859,759528,0,0,17.59,285,4705.37,0.00,0.00
43239.38,1859,759528,0,0,17.57,285,4705.37,0.00,0.00
43299.38,1859,759528,0,0,17.54,285,4705.37,0.00,0.00
43359.38,1859,759528,0,0,17.52,285,4705.37,0.00,0.00
43419.38,1859,759528,0,0,17.49,285,4705.37,0.00,0.00
43479.38,1859,759528,0,0,17.47,285,4705.37,0.00,0.00
43539.38,1859,759528,0,0,17.44,285,4705.37,0.00,0.00
43599.38,1859,759528,0,0,17.42,285,4705.37,0.00,0.00
43659.38,1859,759528,0,0,17.40,285,4705.37,0.00,0.00
43719.38,1859,759528,0,0,17.37,285,4705.37,0.00,0.00
43779.38,1859,759528,0,0,17.35,285,4705.37,0.00,0.00
43839.38,1859,759528,0,0,17.33,285,4705.37,0.00,0.00
43899.38,1859,759528,0,0,17.30,285,4705.37,0.00,0.00
43959.38,1859,759528,0,0,17.28,285,4705.37,0.00,0.00
44019.38,1859,759528,0,0,17.25,285,4705.37,0.00,0.00
44079.38,1859,759528,0,0,17.23,285,4705.37,0.00,0.00
44139.38,1859,759528,0,0,17.21,285,4705.37,0.00,0.00
44199.38,1859,759528,0,0,17.18,285,4705.37,0.00,0.00
44259.38,1859,759528,0,0,17.16,285,4705.37,0.00,0.00
44319.38,1859,759528,0,0,17.14,285,4705.37,0.00,0.00
44379.38,1859,759528,0,0,17.11,285,4705.37,0.00,0.00
44439.38,1859,759528,0,0,17.09,285,4705.37,0.00,0.00
44499.38,1859,759528,0,0,17.07,285,4705.37,0.00,0.00
44559.38,1859,759528,0,0,17.05,285,4705.37,0.00,0.00
44619.38,1859,759528,0,0,17.02,285,4705.37,0.00,0.00
44679.38,1859,759528,0,0,17.00,285,4705.37,0.00,0.00
44739.38,1859,759528,0,0,16.98,285,4705.37,0.00,0.00
44799.38,1859,759528,0,0,16.95,285,4705.37,0.00,0.00
44859.38,1859,759528,0,0,16.93,285,4705.37,0.00,0.00
44919.38,1859,759528,0,0,16.91,285,4705.37,0.00,0.00
44979.38,1859,759528,0,0,16.89,285,4705.37,0.00,0.00
45039.38,1859,759528,0,0,16.86,285,4705.37,0.00,0.00
45099.38,1859,759528,0,0,16.84,285,4705.37,0.00,0.00
45159.38,1859,759528,0,0,16.82,285,4705.37,0.00,0.00
45219.38,1859,759528,0,0,16.80,285,4705.37,0.00,0.00
45279.38,1859,759528,0,0,16.77,285,4705.37,0.00,0.00
45339.38,1859,759528,0,0,16.75,285,4705.37,0.00,0.00
45399.38,1859,759528,0,0,16.73,285,4705.37,0.00,0.00
45459.38,1859,759528,0,0,16.71,285,4705.37,0.00,0.00
45519.38,1859,759528,0,0,16.69,285,4705.37,0.00,0.00
45579.38,1859,759528,0,0,16.66,285,4705.37,0.00,0.00
45639.38,1859,759528,0,0,16.64,285,4705.37,0.00,0.00
45699.38,1859,759528,0,0,16.62,285,4705.37,0.00,0.00
45759.38,1859,759528,0,0,16.60,285,4705.37,0.00,0.00
45819.38,1859,759528,0,0,16.58,285,4705.37,0.00,0.00
45879.38,1859,759528,0,0,16.55,285,4705.37,0.00,0.00
45939.38,1859,759528,0,0,16.53,285,4705.37,0.00,0.00
45999.38,1859,759528,0,0,16.51,285,4705.37,0.00,0.00
46059.38,1859,759528,0,0,16.49,285,4705.37,0.00,0.00
46119.38,1859,759528,0,0,16.47,285,4705.37,0.00,0.00
46179.38,1859,759528,0,0,16.45,285,4705.37,0.00,0.00
46239.38,1859,759528,0,0,16.43,285,4705.37,0.00,0.00
46299.38,1859,759528,0,0,16.40,285,4705.37,0.00,0.00
46359.38,1859,759528,0,0,16.38,285,4705.37,0.00,0.00
46419.38,1859,759528,0,0,16.36,285,4705.37,0.00,0.00
46479.38,1859,759528,0,0,16.34,285,4705.37,0.00,0.00
46539.38,1859,759528,0,0,16.32,285,4705.37,0.00,0.00
46599.38,1859,759528,0,0,16.30,285,4705.37,0.00,0.00
46659.38,1859,759528,0,0,16.28,285,4705.37,0.00,0.00
46719.38,1859,759528,0,0,16.26,285,4705.37,0.00,0.00
46779.38,1859,759528,0,0,16.24,285,4705.37,0.00,0.00
46839.38,1859,759528,0,0,16.22,285,4705.37,0.00,0.00
46899.38,1859,759528,0,0,16.19,285,4705.37,0.00,0.00
46959.38,1859,759528,0,0,16.17,285,4705.37,0.00,0.00
47019.38,1859,759528,0,0,16.15,285,4705.37,0.00,0.00
47079.38,1859,759528,0,0,16.13,285,4705.37,0.00,0.00
47139.38,1859,759528,0,0,16.11,285,4705.37,0.00,0.00
47199.38,1859,759528,0,0,16.09,285,4705.37,0.00,0.00
47259.38,1859,759528,0,0,16.07,285,4705.37,0.00,0.00
47319.38,1859,759528,0,0,16.05,285,4705.37,0.00,0.00
47379.38,1859,759528,0,0,16.03,285,4705.37,0.00,0.00
47439.38,1859,759528,0,0,16.01,285,4705.37,0.00,0.00
47499.38,1859,759528,0,0,15.99,285,4705.37,0.00,0.00
47559.38,1859,759528,0,0,15.97,285,4705.37,0.00,0.00
47619.38,1859,759528,0,0,15.95,285,4705.37,0.00,0.00
47679.38,1859,759528,0,0,15.93,285,4705.37,0.00,0.00
47739.38,1859,759528,0,0,15.91,285,4705.37,0.00,0.00
47799.38,1859,759528,0,0,15.89,285,4705.37,0.00,0.00
47859.38,1859,759528,0,0,15.87,285,4705.37,0.00,0.00
47919.38,1859,759528,0,0,15.85,285,4705.37,0.00,0.00
47979.38,1859,759528,0,0,15.83,285,4705.37,0.00,0.00
48039.38,1859,759528,0,0,15.81,285,4705.37,0.00,0.00
48099.38,1859,759528,0,0,15.79,285,4705.37,0.00,0.00
48159.38,1859,759528,0,0,15.77,285,4705.37,0.00,0.00
48219.38,1859,759528,0,0,15.75,285,4705.37,0.00,0.00
48279.38,1859,759528,0,0,15.73,285,4705.37,0.00,0.00
48339.38,1859,759528,0,0,15.71,285,4705.37,0.00,0.00
48399.38,1859,759528,0,0,15.69,285,4705.37,0.00,0.00
48459.38,1859,759528,0,0,15.67,285,4705.37,0.00,0.00
48519.38,1859,759528,0,0,15.65,285,4705.37,0.00,0.00
48579.38,1859,759528,0,0,15.63,285,4705.37,0.00,0.00
48639.38,1859,759528,0,0,15.62,285,4705.37,0.00,0.00
48699.38,1859,759528,0,0,15.60,285,4705.37,0.00,0.00
48759.38,1859,759528,0,0,15.58,285,4705.37,0.00,0.00
48819.38,1859,759528,0,0,15.56,285,4705.37,0.00,0.00
48879.38,1859,759528,0,0,15.54,285,4705.37,0.00,0.00
48939.38,1859,759528,0,0,15.52,285,4705.37,0.00,0.00
48999.38,1859,759528,0,0,15.50,285,4705.37,0.00,0.00
49059.38,1859,759528,0,0,15.48,285,4705.37,0.00,0.00
49119.38,1859,759528,0,0,15.46,285,4705.37,0.00,0.00
49179.38,1859,759528,0,0,15.44,285,4705.37,0.00,0.00
49239.38,1859,759528,0,0,15.43,285,4705.37,0.00,0.00
49299.38,1859,759528,0,0,15.41,285,4705.37,0.00,0.00
49359.38,1859,759528,0,0,15.39,285,4705.37,0.00,0.00
49419.38,1859,759528,0,0,15.37,285,4705.37,0.00,0.00
49479.38,1859,759528,0,0,15.35,285,4705.37,0.00,0.00
49539.38,1859,759528,0,0,15.33,285,4705.37,0.00,0.00
49599.38,1859,759528,0,0,15.31,285,4705.37,0.00,0.00
49659.38,1859,759528,0,0,15.29,285,4705.37,0.00,0.00
49719.38,1859,759528,0,0,15.28,285,4705.37,0.00,0.00
49779.38,1859,759528,0,0,15.26,285,4705.37,0.00,0.00
49839.38,1859,759528,0,0,15.24,285,4705.37,0.00,0.00
49899.38,1859,759528,0,0,15.22,285,4705.37,0.00,0.00
49959.38,1859,759528,0,0,15.20,285,4705.37,0.00,0.00
50019.38,1859,759528,0,0,15.18,285,4705.37,0.00,0.00
50079.38,1859,759528,0,0,15.17,285,4705.37,0.00,0.00
50139.38,1859,759528,0,0,15.15,285,4705.37,0.00,0.00
50199.38,1859,759528,0,0,15.13,285,4705.37,0.00,0.00
50259.38,1859,759528,0,0,15.11,285,4705.37,0.00,0.00
50319.38,1859,759528,0,0,15.09,285,4705.37,0.00,0.00
50379.38,1859,759528,0,0,15.08,285,4705.37,0.00,0.00
50439.38,1859,759528,0,0,15.06,285,4705.37,0.00,0.00
50499.38,1859,759528,0,0,15.04,285,4705.37,0.00,0.00
50559.38,1859,759528,0,0,15.02,285,4705.37,0.00,0.00
50619.38,1859,759528,0,0,15.00,285,4705.37,0.00,0.00
50679.38,1859,759528,0,0,14.99,285,4705.37,0.00,0.00
50739.38,1859,759528,0,0,14.97,285,4705.37,0.00,0.00
50799.38,1859,759528,0,0,14.95,285,4705.37,0.00,0.00
50859.38,1859,759528,0,0,14.93,285,4705.37,0.00,0.00
50919.38,1859,759528,0,0,14.92,285,4705.37,0.00,0.00
50979.38,1859,759528,0,0,14.90,285,4705.37,0.00,0.00
51039.38,1859,759528,0,0,14.88,285,4705.37,0.00,0.00
51099.38,1859,759528,0,0,14.86,285,4705.37,0.00,0.00
51159.38,1859,759528,0,0,14.85,285,4705.37,0.00,0.00
51219.38,1859,759528,0,0,14.83,285,4705.37,0.00,0.00
51279.38,1859,759528,0,0,14.81,285,4705.37,0.00,0.00
51339.38,1859,759528,0,0,14.79,285,4705.37,0.00,0.00
51399.38,1859,759528,0,0,14.78,285,4705.37,0.00,0.00
51459.38,1859,759528,0,0,14.76,285,4705.37,0.00,0.00
51519.38,1859,759528,0,0,14.74,285,4705.37,0.00,0.00
51579.38,1859,759528,0,0,14.73,285,4705.37,0.00,0.00
51639.38,1859,759528,0,0,14.71,285,4705.37,0.00,0.00
51699.38,1859,759528,0,0,14.69,285,4705.37,0.00,0.00
51759.38,1859,759528,0,0,14.67,285,4705.37,0.00,0.00
51819.38,1859,759528,0,0,14.66,285,4705.37,0.00,0.00
51879.38,1859,759528,0,0,14.64,285,4705.37,0.00,0.00
51939.38,1859,759528,0,0,14.62,285,4705.37,0.00,0.00
51999.38,1859,759528,0,0,14.61,285,4705.37,0.00,0.00
52059.38,1859,759528,0,0,14.59,285,4705.37,0.00,0.00
52119.38,1859,759528,0,0,14.57,285,4705.37,0.00,0.00
52179.38,1859,759528,0,0,14.56,285,4705.37,0.00,0.00
52239.38,1859,759528,0,0,14.54,285,4705.37,0.00,0.00
52299.38,1859,759528,0,0,14.52,285,4705.37,0.00,0.00
52359.38,1859,759528,0,0,14.51,285,4705.37,0.00,0.00
52419.38,1859,759528,0,0,14.49,285,4705.37,0.00,0.00
52479.38,1859,759528,0,0,14.47,285,4705.37,0.00,0.00
52539.38,1859,759528,0,0,14.46,285,4705.37,0.00,0.00
52599.38,1859,759528,0,0,14.44,285,4705.37,0.00,0.00
52659.38,1859,759528,0,0,14.42,285,4705.37,0.00,0.00
52719.38,1859,759528,0,0,14.41,285,4705.37,0.00,0.00
52779.38,1859,759528,0,0,14.39,285,4705.37,0.00,0.00
52839.38,1859,759528,0,0,14.37,285,4705.37,0.00,0.00
52899.38,1859,759528,0,0,14.36,285,4705.37,0.00,0.00
52959.38,1859,759528,0,0,14.34,285,4705.37,0.00,0.00
53019.38,1859,759528,0,0,14.33,285,4705.37,0.00,0.00
53079.38,1859,759528,0,0,14.31,285,4705.37,0.00,0.00
53139.38,1859,759528,0,0,14.29,285,4705.37,0.00,0.00
53199.38,1859,759528,0,0,14.28,285,4705.37,0.00,0.00
53259.38,1859,759528,0,0,14.26,285,4705.37,0.00,0.00
53319.38,1859,759528,0,0,14.24,285,4705.37,0.00,0.00
53379.38,1859,759528,0,0,14.23,285,4705.37,0.00,0.00
53439.38,1859,759528,0,0,14.21,285,4705.37,0.00,0.00
53499.38,1859,759528,0,0,14.20,285,4705.37,0.00,0.00
53559.38,1859,759528,0,0,14.18,285,4705.37,0.00,0.00
53619.38,1859,759528,0,0,14.17,285,4705.37,0.00,0.00
53679.38,1859,759528,0,0,14.15,285,4705.37,0.00,0.00
53739.38,1859,759528,0,0,14.13,285,4705.37,0.00,0.00
53799.38,1859,759528,0,0,14.12,285,4705.37,0.00,0.00
53859.38,1859,759528,0,0,14.10,285,4705.37,0.00,0.00
53919.38,1859,759528,0,0,14.09,285,4705.37,0.00,0.00
53979.38,1859,759528,0,0,14.07,285,4705.37,0.00,0.00
54039.38,1859,759528,0,0,14.06,285,4705.37,0.00,0.00
54099.38,1859,759528,0,0,14.04,285,4705.37,0.00,0.00
54159.38,1859,759528,0,0,14.02,285,4705.37,0.00,0.00
54219.38,1859,759528,0,0,14.01,285,4705.37,0.00,0.00
54279.38,1859,759528,0,0,13.99,285,4705.37,0.00,0.00
54339.38,1859,759528,0,0,13.98,285,4705.37,0.00,0.00
54399.38,1859,759528,0,0,13.96,285,4705.37,0.00,0.00
54459.38,1859,759528,0,0,13.95,285,4705.37,0.00,0.00
54519.38,1859,759528,0,0,13.93,285,4705.37,0.00,0.00
54579.38,1859,759528,0,0,13.92,285,4705.37,0.00,0.00
54639.38,1859,759528,0,0,13.90,285,4705.37,0.00,0.00
54699.38,1859,759528,0,0,13.89,285,4705.37,0.00,0.00
54759.38,1859,759528,0,0,13.87,285,4705.37,0.00,0.00
54819.38,1859,759528,0,0,13.86,285,4705.37,0.00,0.00
54879.38,1859,759528,0,0,13.84,285,4705.37,0.00,0.00
54939.38,1859,759528,0,0,13.82,285,4705.37,0.00,0.00
54999.38,1859,759528,0,0,13.81,285,4705.37,0.00,0.00
55059.38,1859,759528,0,0,13.79,285,4705.37,0.00,0.00
55119.38,1859,759528,0,0,13.78,285,4705.37,0.00,0.00
55179.38,1859,759528,0,0,13.76,285,4705.37,0.00,0.00
55239.38,1859,759528,0,0,13.75,285,4705.37,0.00,0.00
55299.38,1859,759528,0,0,13.73,285,4705.37,0.00,0.00
55359.38,1859,759528,0,0,13.72,285,4705.37,0.00,0.00
55419.38,1859,759528,0,0,13.71,285,4705.37,0.00,0.00
55479.38,1859,759528,0,0,13.69,285,4705.37,0.00,0.00
55539.38,1859,759528,0,0,13.68,285,4705.37,0.00,0.00
55599.38,1859,759528,0,0,13.66,285,4705.37,0.00,0.00
55659.38,1859,759528,0,0,13.65,285,4705.37,0.00,0.00
55719.38,1859,759528,0,0,13.63,285,4705.37,0.00,0.00
55779.38,1859,759528,0,0,13.62,285,4705.37,0.00,0.00
55839.38,1859,759528,0,0,13.60,285,4705.37,0.00,0.00
55899.38,1859,759528,0,0,13.59,285,4705.37,0.00,0.00
55959.38,1859,759528,0,0,13.57,285,4705.37,0.00,0.00
56019.38,1859,759528,0,0,13.56,285,4705.37,0.00,0.00
56079.38,1859,759528,0,0,13.54,285,4705.37,0.00,0.00
56139.38,1859,759528,0,0,13.53,285,4705.37,0.00,0.00
56199.38,1859,759528,0,0,13.51,285,4705.37,0.00,0.00
56259.38,1859,759528,0,0,13.50,285,4705.37,0.00,0.00
56319.38,1859,759528,0,0,13.49,285,4705.37,0.00,0.00
56379.38,1859,759528,0,0,13.47,285,4705.37,0.00,0.00
56439.38,1859,759528,0,0,13.46,285,4705.37,0.00,0.00
56499.38,1859,759528,0,0,13.44,285,4705.37,0.00,0.00
56559.38,1859,759528,0,0,13.43,285,4705.37,0.00,0.00
56619.38,1859,759528,0,0,13.41,285,4705.37,0.00,0.00
56679.38,1859,759528,0,0,13.40,285,4705.37,0.00,0.00
56739.38,1859,759528,0,0,13.39,285,4705.37,0.00,0.00
56799.38,1859,759528,0,0,13.37,285,4705.37,0.00,0.00
56859.38,1859,759528,0,0,13.36,285,4705.37,0.00,0.00
56919.38,1859,759528,0,0,13.34,285,4705.37,0.00,0.00
56979.38,1859,759528,0,0,13.33,285,4705.37,0.00,0.00
57039.38,1859,759528,0,0,13.32,285,4705.37,0.00,0.00
57099.38,1859,759528,0,0,13.30,285,4705.37,0.00,0.00
57159.38,1859,759528,0,0,13.29,285,4705.37,0.00,0.00
57219.38,1859,759528,0,0,13.27,285,4705.37,0.00,0.00
57279.38,1859,759528,0,0,13.26,285,4705.37,0.00,0.00
57339.38,1859,759528,0,0,13.25,285,4705.37,0.00,0.00
57399.38,1859,759528,0,0,13.23,285,4705.37,0.00,0.00
57459.38,1859,759528,0,0,13.22,285,4705.37,0.00,0.00
57519.38,1859,759528,0,0,13.20,285,4705.37,0.00,0.00
57579.38,1859,759528,0,0,13.19,285,4705.37,0.00,0.00
57639.38,1859,759528,0,0,13.18,285,4705.37,0.00,0.00
57699.38,1859,759528,0,0,13.16,285,4705.37,0.00,0.00
57759.38,1859,759528,0,0,13.15,285,4705.37,0.00,0.00
57819.38,1859,759528,0,0,13.14,285,4705.37,0.00,0.00
57879.38,1859,759528,0,0,13.12,285,4705.37,0.00,0.00
57939.38,1859,759528,0,0,13.11,285,4705.37,0.00,0.00
57999.38,1859,759528,0,0,13.10,285,4705.37,0.00,0.00
58059.38,1859,759528,0,0,13.08,285,4705.37,0.00,0.00
58119.38,1859,759528,0,0,13.07,285,4705.37,0.00,0.00
58179.38,1859,759528,0,0,13.05,285,4705.37,0.00,0.00
58239.38,1859,759528,0,0,13.04,285,4705.37,0.00,0.00
58299.38,1859,759528,0,0,13.03,285,4705.37,0.00,0.00
58359.38,1859,759528,0,0,13.01,285,4705.37,0.00,0.00
58419.38,1859,759528,0,0,13.00,285,4705.37,0.00,0.00
58479.38,1859,759528,0,0,12.99,285,4705.37,0.00,0.00
58539.38,1859,759528,0,0,12.97,285,4705.37,0.00,0.00
58599.38,1859,759528,0,0,12.96,285,4705.37,0.00,0.00
58659.38,1859,759528,0,0,12.95,285,4705.37,0.00,0.00
58719.38,1859,759528,0,0,12.93,285,4705.37,0.00,0.00
58779.38,1859,759528,0,0,12.92,285,4705.37,0.00,0.00
58839.38,1859,759528,0,0,12.91,285,4705.37,0.00,0.00
58899.38,1859,759528,0,0,12.90,285,4705.37,0.00,0.00
58959.38,1859,759528,0,0,12.88,285,4705.37,0.00,0.00
59019.38,1859,759528,0,0,12.87,285,4705.37,0.00,0.00
59079.38,1859,759528,0,0,12.86,285,4705.37,0.00,0.00
59139.38,1859,759528,0,0,12.84,285,4705.37,0.00,0.00
59199.38,1859,759528,0,0,12.83,285,4705.37,0.00,0.00
59259.38,1859,759528,0,0,12.82,285,4705.37,0.00,0.00
59319.38,1859,759528,0,0,12.80,285,4705.37,0.00,0.00
59379.38,1859,759528,0,0,12.79,285,4705.37,0.00,0.00
59439.38,1859,759528,0,0,12.78,285,4705.37,0.00,0.00
59499.38,1859,759528,0,0,12.77,285,4705.37,0.00,0.00
59559.38,1859,759528,0,0,12.75,285,4705.37,0.00,0.00
59619.38,1859,759528,0,0,12.74,285,4705.37,0.00,0.00
59679.38,1859,759528,0,0,12.73,285,4705.37,0.00,0.00
59739.38,1859,759528,0,0,12.71,285,4705.37,0.00,0.00
59799.38,1859,759528,0,0,12.70,285,4705.37,0.00,0.00
59859.38,1859,759528,0,0,12.69,285,4705.37,0.00,0.00
59919.38,1859,759528,0,0,12.68,285,4705.37,0.00,0.00
59979.38,1859,759528,0,0,12.66,285,4705.37,0.00,0.00
60039.38,1859,759528,0,0,12.65,285,4705.37,0.00,0.00
60099.38,1859,759528,0,0,12.64,285,4705.37,0.00,0.00
60159.38,1859,759528,0,0,12.63,285,4705.37,0.00,0.00
60219.38,1859,759528,0,0,12.61,285,4705.37,0.00,0.00
60279.38,1859,759528,0,0,12.60,285,4705.37,0.00,0.00
60339.38,1859,759528,0,0,12.59,285,4705.37,0.00,0.00
60399.38,1859,759528,0,0,12.58,285,4705.37,0.00,0.00
60459.38,1859,759528,0,0,12.56,285,4705.37,0.00,0.00
60519.38,1859,759528,0,0,12.55,285,4705.37,0.00,0.00
60579.38,1859,759528,0,0,12.54,285,4705.37,0.00,0.00
60639.38,1859,759528,0,0,12.53,285,4705.37,0.00,0.00
60699.38,1859,759528,0,0,12.51,285,4705.37,0.00,0.00
60759.38,1859,759528,0,0,12.50,285,4705.37,0.00,0.00
60819.38,1859,759528,0,0,12.49,285,4705.37,0.00,0.00
60879.38,1859,759528,0,0,12.48,285,4705.37,0.00,0.00
60939.38,1859,759528,0,0,12.46,285,4705.37,0.00,0.00
60999.38,1859,759528,0,0,12.45,285,4705.37,0.00,0.00
61059.38,1859,759528,0,0,12.44,285,4705.37,0.00,0.00
61119.38,1859,759528,0,0,12.43,285,4705.37,0.00,0.00
61179.38,1859,759528,0,0,12.41,285,4705.37,0.00,0.00
61239.38,1859,759528,0,0,12.40,285,4705.37,0.00,0.00
61299.38,1859,759528,0,0,12.39,285,4705.37,0.00,0.00
61359.38,1859,759528,0,0,12.38,285,4705.37,0.00,0.00
61419.38,1859,759528,0,0,12.37,285,4705.37,0.00,0.00
61479.38,1859,759528,0,0,12.35,285,4705.37,0.00,0.00
61539.38,1859,759528,0,0,12.34,285,4705.37,0.00,0.00
61599.38,1859,759528,0,0,12.33,285,4705.37,0.00,0.00
61659.38,1859,759528,0,0,12.32,285,4705.37,0.00,0.00
61719.38,1859,759528,0,0,12.31,285,4705.37,0.00,0.00
61779.38,1859,759528,0,0,12.29,285,4705.37,0.00,0.00
61839.38,1859,759528,0,0,12.28,285,4705.37,0.00,0.00
61899.38,1859,759528,0,0,12.27,285,4705.37,0.00,0.00
61959.38,1859,759528,0,0,12.26,285,4705.37,0.00,0.00
62019.38,1859,759528,0,0,12.25,285,4705.37,0.00,0.00
62079.38,1859,759528,0,0,12.23,285,4705.37,0.00,0.00
62139.38,1859,759528,0,0,12.22,285,4705.37,0.00,0.00
62199.38,1859,759528,0,0,12.21,285,4705.37,0.00,0.00
62259.38,1859,759528,0,0,12.20,285,4705.37,0.00,0.00
62319.38,1859,759528,0,0,12.19,285,4705.37,0.00,0.00
62379.38,1859,759528,0,0,12.18,285,4705.37,0.00,0.00
62439.38,1859,759528,0,0,12.16,285,4705.37,0.00,0.00
62499.38,1859,759528,0,0,12.15,285,4705.37,0.00,0.00
62559.38,1859,759528,0,0,12.14,285,4705.37,0.00,0.00
62619.38,1859,759528,0,0,12.13,285,4705.37,0.00,0.00
62679.38,1859,759528,0,0,12.12,285,4705.37,0.00,0.00
62739.38,1859,759528,0,0,12.11,285,4705.37,0.00,0.00
62799.38,1859,759528,0,0,12.09,285,4705.37,0.00,0.00
62859.38,1859,759528,0,0,12.08,285,4705.37,0.00,0.00
62919.38,1859,759528,0,0,12.07,285,4705.37,0.00,0.00
62979.38,1859,759528,0,0,12.06,285,4705.37,0.00,0.00
63039.38,1859,759528,0,0,12.05,285,4705.37,0.00,0.00
63099.38,1859,759528,0,0,12.04,285,4705.37,0.00,0.00
63159.38,1859,759528,0,0,12.03,285,4705.37,0.00,0.00
63219.38,1859,759528,0,0,12.01,285,4705.37,0.00,0.00
63279.38,1859,759528,0,0,12.00,285,4705.37,0.00,0.00
63339.38,1859,759528,0,0,11.99,285,4705.37,0.00,0.00
63399.38,1859,759528,0,0,11.98,285,4705.37,0.00,0.00
63459.38,1859,759528,0,0,11.97,285,4705.37,0.00,0.00
63519.38,1859,759528,0,0,11.96,285,4705.37,0.00,0.00
63579.38,1859,759528,0,0,11.95,285,4705.37,0.00,0.00
63639.38,1859,759528,0,0,11.93,285,4705.37,0.00,0.00
63699.38,1859,759528,0,0,11.92,285,4705.37,0.00,0.00
63759.38,1859,759528,0,0,11.91,285,4705.37,0.00,0.00
63819.38,1859,759528,0,0,11.90,285,4705.37,0.00,0.00
63879.38,1859,759528,0,0,11.89,285,4705.37,0.00,0.00
63939.38,1859,759528,0,0,11.88,285,4705.37,0.00,0.00
63999.38,1859,759528,0,0,11.87,285,4705.37,0.00,0.00
64059.38,1859,759528,0,0,11.86,285,4705.37,0.00,0.00
64119.38,1859,759528,0,0,11.85,285,4705.37,0.00,0.00
64179.38,1859,759528,0,0,11.83,285,4705.37,0.00,0.00
64239.38,1859,759528,0,0,11.82,285,4705.37,0.00,0.00
64299.38,1859,759528,0,0,11.81,285,4705.37,0.00,0.00
64359.38,1859,759528,0,0,11.80,285,4705.37,0.00,0.00
64419.38,1859,759528,0,0,11.79,285,4705.37,0.00,0.00
64479.38,1859,759528,0,0,11.78,285,4705.37,0.00,0.00
64539.38,1859,759528,0,0,11.77,285,4705.37,0.00,0.00
64599.38,1859,759528,0,0,11.76,285,4705.37,0.00,0.00
64659.38,1859,759528,0,0,11.75,285,4705.37,0.00,0.00
64719.38,1859,759528,0,0,11.74,285,4705.37,0.00,0.00
64779.38,1859,759528,0,0,11.72,285,4705.37,0.00,0.00
64839.38,1859,759528,0,0,11.71,285,4705.37,0.00,0.00
64899.38,1859,759528,0,0,11.70,285,4705.37,0.00,0.00
64959.38,1859,759528,0,0,11.69,285,4705.37,0.00,0.00
65019.38,1859,759528,0,0,11.68,285,4705.37,0.00,0.00
65079.38,1859,759528,0,0,11.67,285,4705.37,0.00,0.00
65139.38,1859,759528,0,0,11.66,285,4705.37,0.00,0.00
65199.38,1859,759528,0,0,11.65,285,4705.37,0.00,0.00
65259.38,1859,759528,0,0,11.64,285,4705.37,0.00,0.00
65319.38,1859,759528,0,0,11.63,285,4705.37,0.00,0.00
65379.38,1859,759528,0,0,11.62,285,4705.37,0.00,0.00
65439.38,1859,759528,0,0,11.61,285,4705.37,0.00,0.00
65499.38,1859,759528,0,0,11.60,285,4705.37,0.00,0.00
65559.38,1859,759528,0,0,11.59,285,4705.37,0.00,0.00
65619.38,1859,759528,0,0,11.57,285,4705.37,0.00,0.00
65679.38,1859,759528,0,0,11.56,285,4705.37,0.00,0.00
65739.38,1859,759528,0,0,11.55,285,4705.37,0.00,0.00
65799.38,1859,759528,0,0,11.54,285,4705.37,0.00,0.00
65859.38,1859,759528,0,0,11.53,285,4705.37,0.00,0.00
65919.38,1859,759528,0,0,11.52,285,4705.37,0.00,0.00
65979.38,1859,759528,0,0,11.51,285,4705.37,0.00,0.00
66039.38,1859,759528,0,0,11.50,285,4705.37,0.00,0.00
66099.38,1859,759528,0,0,11.49,285,4705.37,0.00,0.00
66159.38,1859,759528,0,0,11.48,285,4705.37,0.00,0.00
66219.38,1859,759528,0,0,11.47,285,4705.37,0.00,0.00
66279.38,1859,759528,0,0,11.46,285,4705.37,0.00,0.00
66339.38,1859,759528,0,0,11.45,285,4705.37,0.00,0.00
66399.38,1859,759528,0,0,11.44,285,4705.37,0.00,0.00
66459.38,1859,759528,0,0,11.43,285,4705.37,0.00,0.00
66519.38,1859,759528,0,0,11.42,285,4705.37,0.00,0.00
66579.38,1859,759528,0,0,11.41,285,4705.37,0.00,0.00
66639.38,1859,759528,0,0,11.40,285,4705.37,0.00,0.00
66699.38,1859,759528,0,0,11.39,285,4705.37,0.00,0.00
66759.38,1859,759528,0,0,11.38,285,4705.37,0.00,0.00
66819.38,1859,759528,0,0,11.37,285,4705.37,0.00,0.00
66879.38,1859,759528,0,0,11.36,285,4705.37,0.00,0.00
66939.38,1859,759528,0,0,11.35,285,4705.37,0.00,0.00
66999.38,1859,759528,0,0,11.34,285,4705.37,0.00,0.00
67059.38,1859,759528,0,0,11.33,285,4705.37,0.00,0.00
67119.38,1859,759528,0,0,11.32,285,4705.37,0.00,0.00
67179.38,1859,759528,0,0,11.31,285,4705.37,0.00,0.00
67239.38,1859,759528,0,0,11.30,285,4705.37,0.00,0.00
67299.38,1859,759528,0,0,11.29,285,4705.37,0.00,0.00
67359.38,1859,759528,0,0,11.28,285,4705.37,0.00,0.00
67419.38,1859,759528,0,0,11.27,285,4705.37,0.00,0.00
67479.38,1859,759528,0,0,11.26,285,4705.37,0.00,0.00
67539.38,1859,759528,0,0,11.25,285,4705.37,0.00,0.00
67599.38,1859,759528,0,0,11.24,285,4705.37,0.00,0.00
67659.38,1859,759528,0,0,11.23,285,4705.37,0.00,0.00
67719.38,1859,759528,0,0,11.22,285,4705.37,0.00,0.00
67779.38,1859,759528,0,0,11.21,285,4705.37,0.00,0.00
67839.38,1859,759528,0,0,11.20,285,4705.37,0.00,0.00
67899.38,1859,759528,0,0,11.19,285,4705.37,0.00,0.00
67959.38,1859,759528,0,0,11.18,285,4705.37,0.00,0.00
68019.38,1859,759528,0,0,11.17,285,4705.37,0.00,0.00
68079.38,1859,759528,0,0,11.16,285,4705.37,0.00,0.00
68139.38,1859,759528,0,0,11.15,285,4705.37,0.00,0.00
68199.38,1859,759528,0,0,11.14,285,4705.37,0.00,0.00
68259.38,1859,759528,0,0,11.13,285,4705.37,0.00,0.00
68319.38,1859,759528,0,0,11.12,285,4705.37,0.00,0.00
68379.38,1859,759528,0,0,11.11,285,4705.37,0.00,0.00
68439.38,1859,759528,0,0,11.10,285,4705.37,0.00,0.00
68499.38,1859,759528,0,0,11.09,285,4705.37,0.00,0.00
68559.38,1859,759528,0,0,11.08,285,4705.37,0.00,0.00
68619.38,1859,759528,0,0,11.07,285,4705.37,0.00,0.00
68679.38,1859,759528,0,0,11.06,285,4705.37,0.00,0.00
68739.38,1859,759528,0,0,11.05,285,4705.37,0.00,0.00
68799.38,1859,759528,0,0,11.04,285,4705.37,0.00,0.00
68859.38,1859,759528,0,0,11.03,285,4705.37,0.00,0.00
68919.38,1859,759528,0,0,11.02,285,4705.37,0.00,0.00
68979.38,1859,759528,0,0,11.01,285,4705.37,0.00,0.00
69039.38,1859,759528,0,0,11.00,285,4705.37,0.00,0.00
69099.38,1859,759528,0,0,10.99,285,4705.37,0.00,0.00
69159.38,1859,759528,0,0,10.98,285,4705.37,0.00,0.00
69219.38,1859,759528,0,0,10.97,285,4705.37,0.00,0.00
69279.38,1859,759528,0,0,10.96,285,4705.37,0.00,0.00
69339.38,1859,759528,0,0,10.95,285,4705.37,0.00,0.00
69399.38,1859,759528,0,0,10.94,285,4705.37,0.00,0.00
69459.38,1859,759528,0,0,10.93,285,4705.37,0.00,0.00
69519.38,1859,759528,0,0,10.93,285,4705.37,0.00,0.00
69579.38,1859,759528,0,0,10.92,285,4705.37,0.00,0.00
69639.38,1859,759528,0,0,10.91,285,4705.37,0.00,0.00
69699.38,1859,759528,0,0,10.90,285,4705.37,0.00,0.00
69759.38,1859,759528,0,0,10.89,285,4705.37,0.00,0.00
69819.38,1859,759528,0,0,10.88,285,4705.37,0.00,0.00
69879.38,1859,759528,0,0,10.87,285,4705.37,0.00,0.00
69939.38,1859,759528,0,0,10.86,285,4705.37,0.00,0.00
69999.38,1859,759528,0,0,10.85,285,4705.37,0.00,0.00
70059.38,1859,759528,0,0,10.84,285,4705.37,0.00,0.00
70119.38,1859,759528,0,0,10.83,285,4705.37,0.00,0.00
70179.38,1859,759528,0,0,10.82,285,4705.37,0.00,0.00
70239.38,1859,759528,0,0,10.81,285,4705.37,0.00,0.00
70299.38,1859,759528,0,0,10.80,285,4705.37,0.00,0.00
70359.38,1859,759528,0,0,10.79,285,4705.37,0.00,0.00
70419.38,1859,759528,0,0,10.79,285,4705.37,0.00,0.00
70479.38,1859,759528,0,0,10.78,285,4705.37,0.00,0.00
70539.38,1859,759528,0,0,10.77,285,4705.37,0.00,0.00
70599.38,1859,759528,0,0,10.76,285,4705.37,0.00,0.00
70659.38,1859,759528,0,0,10.75,285,4705.37,0.00,0.00
70719.38,1859,759528,0,0,10.74,285,4705.37,0.00,0.00
70779.38,1859,759528,0,0,10.73,285,4705.37,0.00,0.00
70839.38,1859,759528,0,0,10.72,285,4705.37,0.00,0.00
70899.38,1859,759528,0,0,10.71,285,4705.37,0.00,0.00
70959.38,1859,759528,0,0,10.70,285,4705.37,0.00,0.00
71019.38,1859,759528,0,0,10.69,285,4705.37,0.00,0.00
71079.38,1859,759528,0,0,10.69,285,4705.37,0.00,0.00
71139.38,1859,759528,0,0,10.68,285,4705.37,0.00,0.00
71199.38,1859,759528,0,0,10.67,285,4705.37,0.00,0.00
71259.38,1859,759528,0,0,10.66,285,4705.37,0.00,0.00
71319.38,1859,759528,0,0,10.65,285,4705.37,0.00,0.00
71379.38,1859,759528,0,0,10.64,285,4705.37,0.00,0.00
71439.38,1859,759528,0,0,10.63,285,4705.37,0.00,0.00
71499.38,1859,759528,0,0,10.62,285,4705.37,0.00,0.00
71559.38,1859,759528,0,0,10.61,285,4705.37,0.00,0.00
71619.38,1859,759528,0,0,10.61,285,4705.37,0.00,0.00
71679.38,1859,759528,0,0,10.60,285,4705.37,0.00,0.00
71739.38,1859,759528,0,0,10.59,285,4705.37,0.00,0.00
71799.38,1859,759528,0,0,10.58,285,4705.37,0.00,0.00
71859.38,1859,759528,0,0,10.57,285,4705.37,0.00,0.00
71919.38,1859,759528,0,0,10.56,285,4705.37,0.00,0.00
71979.38,1859,759528,0,0,10.55,285,4705.37,0.00,0.00
72039.38,1859,759528,0,0,10.54,285,4705.37,0.00,0.00
72099.38,1859,759528,0,0,10.53,285,4705.37,0.00,0.00
72159.38,1859,759528,0,0,10.53,285,4705.37,0.00,0.00
72219.38,1859,759528,0,0,10.52,285,4705.37,0.00,0.00
72279.38,1859,759528,0,0,10.51,285,4705.37,0.00,0.00
72339.38,1859,759528,0,0,10.50,285,4705.37,0.00,0.00
72399.38,1859,759528,0,0,10.49,285,4705.37,0.00,0.00
72459.38,1859,759528,0,0,10.48,285,4705.37,0.00,0.00
72519.38,1859,759528,0,0,10.47,285,4705.37,0.00,0.00
72579.38,1859,759528,0,0,10.46,285,4705.37,0.00,0.00
72639.38,1859,759528,0,0,10.46,285,4705.37,0.00,0.00
72699.38,1859,759528,0,0,10.45,285,4705.37,0.00,0.00
72759.38,1859,759528,0,0,10.44,285,4705.37,0.00,0.00
72819.38,1859,759528,0,0,10.43,285,4705.37,0.00,0.00
72879.38,1859,759528,0,0,10.42,285,4705.37,0.00,0.00
72939.38,1859,759528,0,0,10.41,285,4705.37,0.00,0.00
72999.38,1859,759528,0,0,10.40,285,4705.37,0.00,0.00
73059.38,1859,759528,0,0,10.40,285,4705.37,0.00,0.00
73119.38,1859,759528,0,0,10.39,285,4705.37,0.00,0.00
73179.38,1859,759528,0,0,10.38,285,4705.37,0.00,0.00
73239.38,1859,759528,0,0,10.37,285,4705.37,0.00,0.00
73299.38,1859,759528,0,0,10.36,285,4705.37,0.00,0.00
73359.38,1859,759528,0,0,10.35,285,4705.37,0.00,0.00
73419.38,1859,759528,0,0,10.35,285,4705.37,0.00,0.00
73479.38,1859,759528,0,0,10.34,285,4705.37,0.00,0.00
73539.38,1859,759528,0,0,10.33,285,4705.37,0.00,0.00
73599.38,1859,759528,0,0,10.32,285,4705.37,0.00,0.00
73659.38,1859,759528,0,0,10.31,285,4705.37,0.00,0.00
73719.38,1859,759528,0,0,10.30,285,4705.37,0.00,0.00
73779.38,1859,759528,0,0,10.29,285,4705.37,0.00,0.00
73839.38,1859,759528,0,0,10.29,285,4705.37,0.00,0.00
73899.38,1859,759528,0,0,10.28,285,4705.37,0.00,0.00
73959.38,1859,759528,0,0,10.27,285,4705.37,0.00,0.00
74019.38,1859,759528,0,0,10.26,285,4705.37,0.00,0.00
74079.38,1859,759528,0,0,10.25,285,4705.37,0.00,0.00
74139.38,1859,759528,0,0,10.24,285,4705.37,0.00,0.00
74199.38,1859,759528,0,0,10.24,285,4705.37,0.00,0.00
74259.38,1859,759528,0,0,10.23,285,4705.37,0.00,0.00
74319.38,1859,759528,0,0,10.22,285,4705.37,0.00,0.00
74379.38,1859,759528,0,0,10.21,285,4705.37,0.00,0.00
74439.38,1859,759528,0,0,10.20,285,4705.37,0.00,0.00
74499.38,1859,759528,0,0,10.20,285,4705.37,0.00,0.00
74559.38,1859,759528,0,0,10.19,285,4705.37,0.00,0.00
74619.38,1859,759528,0,0,10.18,285,4705.37,0.00,0.00
74679.38,1859,759528,0,0,10.17,285,4705.37,0.00,0.00
74739.38,1859,759528,0,0,10.16,285,4705.37,0.00,0.00
74799.38,1859,759528,0,0,10.15,285,4705.37,0.00,0.00
74859.38,1859,759528,0,0,10.15,285,4705.37,0.00,0.00
74919.38,1859,759528,0,0,10.14,285,4705.37,0.00,0.00
74979.38,1859,759528,0,0,10.13,285,4705.37,0.00,0.00
75039.38,1859,759528,0,0,10.12,285,4705.37,0.00,0.00
75099.38,1859,759528,0,0,10.11,285,4705.37,0.00,0.00
75159.38,1859,759528,0,0,10.11,285,4705.37,0.00,0.00
75219.38,1859,759528,0,0,10.10,285,4705.37,0.00,0.00
75279.38,1859,759528,0,0,10.09,285,4705.37,0.00,0.00
75339.38,1859,759528,0,0,10.08,285,4705.37,0.00,0.00
75399.38,1859,759528,0,0,10.07,285,4705.37,0.00,0.00
75459.38,1859,759528,0,0,10.07,285,4705.37,0.00,0.00
75519.38,1859,759528,0,0,10.06,285,4705.37,0.00,0.00
75579.38,1859,759528,0,0,10.05,285,4705.37,0.00,0.00
75639.38,1859,759528,0,0,10.04,285,4705.37,0.00,0.00
75699.38,1859,759528,0,0,10.03,285,4705.37,0.00,0.00
75759.38,1859,759528,0,0,10.03,285,4705.37,0.00,0.00
75819.38,1859,759528,0,0,10.02,285,4705.37,0.00,0.00
75879.38,1859,759528,0,0,10.01,285,4705.37,0.00,0.00
75939.38,1859,759528,0,0,10.00,285,4705.37,0.00,0.00
75999.38,1859,759528,0,0,9.99,285,4705.37,0.00,0.00
76059.38,1859,759528,0,0,9.99,285,4705.37,0.00,0.00
76119.38,1859,759528,0,0,9.98,285,4705.37,0.00,0.00
76179.38,1859,759528,0,0,9.97,285,4705.37,0.00,0.00
76239.38,1859,759528,0,0,9.96,285,4705.37,0.00,0.00
76299.38,1859,759528,0,0,9.95,285,4705.37,0.00,0.00
76359.38,1859,759528,0,0,9.95,285,4705.37,0.00,0.00
76419.38,1859,759528,0,0,9.94,285,4705.37,0.00,0.00
76479.38,1859,759528,0,0,9.93,285,4705.37,0.00,0.00
76539.38,1859,759528,0,0,9.92,285,4705.37,0.00,0.00
76599.38,1859,759528,0,0,9.92,285,4705.37,0.00,0.00
76659.38,1859,759528,0,0,9.91,285,4705.37,0.00,0.00
76719.38,1859,759528,0,0,9.90,285,4705.37,0.00,0.00
76779.38,1859,759528,0,0,9.89,285,4705.37,0.00,0.00
76839.38,1859,759528,0,0,9.88,285,4705.37,0.00,0.00
76899.38,1859,759528,0,0,9.88,285,4705.37,0.00,0.00
76959.38,1859,759528,0,0,9.87,285,4705.37,0.00,0.00
77019.38,1859,759528,0,0,9.86,285,4705.37,0.00,0.00
77079.38,1859,759528,0,0,9.85,285,4705.37,0.00,0.00
77139.38,1859,759528,0,0,9.85,285,4705.37,0.00,0.00
77199.38,1859,759528,0,0,9.84,285,4705.37,0.00,0.00
77259.38,1859,759528,0,0,9.83,285,4705.37,0.00,0.00
77319.38,1859,759528,0,0,9.82,285,4705.37,0.00,0.00
77379.38,1859,759528,0,0,9.82,285,4705.37,0.00,0.00
77439.38,1859,759528,0,0,9.81,285,4705.37,0.00,0.00
77499.38,1859,759528,0,0,9.80,285,4705.37,0.00,0.00
77559.38,1859,759528,0,0,9.79,285,4705.37,0.00,0.00
77619.38,1859,759528,0,0,9.79,285,4705.37,0.00,0.00
77679.38,1859,759528,0,0,9.78,285,4705.37,0.00,0.00
77739.38,1859,759528,0,0,9.77,285,4705.37,0.00,0.00
77799.38,1859,759528,0,0,9.76,285,4705.37,0.00,0.00
77859.38,1859,759528,0,0,9.76,285,4705.37,0.00,0.00
77919.38,1859,759528,0,0,9.75,285,4705.37,0.00,0.00
77979.38,1859,759528,0,0,9.74,285,4705.37,0.00,0.00
78039.38,1859,759528,0,0,9.73,285,4705.37,0.00,0.00
78099.38,1859,759528,0,0,9.73,285,4705.37,0.00,0.00
78159.38,1859,759528,0,0,9.72,285,4705.37,0.00,0.00
78219.38,1859,759528,0,0,9.71,285,4705.37,0.00,0.00
78279.38,1859,759528,0,0,9.70,285,4705.37,0.00,0.00
78339.38,1859,759528,0,0,9.70,285,4705.37,0.00,0.00
78399.38,1859,759528,0,0,9.69,285,4705.37,0.00,0.00
78459.38,1859,759528,0,0,9.68,285,4705.37,0.00,0.00
78519.38,1859,759528,0,0,9.67,285,4705.37,0.00,0.00
78579.38,1859,759528,0,0,9.67,285,4705.37,0.00,0.00
78639.38,1859,759528,0,0,9.66,285,4705.37,0.00,0.00
78699.38,1859,759528,0,0,9.65,285,4705.37,0.00,0.00
78759.38,1859,759528,0,0,9.64,285,4705.37,0.00,0.00
78819.38,1859,759528,0,0,9.64,285,4705.37,0.00,0.00
78879.38,1859,759528,0,0,9.63,285,4705.37,0.00,0.00
78939.38,1859,759528,0,0,9.62,285,4705.37,0.00,0.00
78999.38,1859,759528,0,0,9.61,285,4705.37,0.00,0.00
79059.38,1859,759528,0,0,9.61,285,4705.37,0.00,0.00
79119.38,1859,759528,0,0,9.60,285,4705.37,0.00,0.00
79179.38,1859,759528,0,0,9.59,285,4705.37,0.00,0.00
79239.38,1859,759528,0,0,9.59,285,4705.37,0.00,0.00
79299.38,1859,759528,0,0,9.58,285,4705.37,0.00,0.00
79359.38,1859,759528,0,0,9.57,285,4705.37,0.00,0.00
79419.38,1859,759528,0,0,9.56,285,4705.37,0.00,0.00
79479.38,1859,759528,0,0,9.56,285,4705.37,0.00,0.00
79539.38,1859,759528,0,0,9.55,285,4705.37,0.00,0.00
79599.38,1859,759528,0,0,9.54,285,4705.37,0.00,0.00
79659.38,1859,759528,0,0,9.53,285,4705.37,0.00,0.00
79719.38,1859,759528,0,0,9.53,285,4705.37,0.00,0.00
79779.38,1859,759528,0,0,9.52,285,4705.37,0.00,0.00
79839.38,1859,759528,0,0,9.51,285,4705.37,0.00,0.00
79899.38,1859,759528,0,0,9.51,285,4705.37,0.00,0.00
79959.38,1859,759528,0,0,9.50,285,4705.37,0.00,0.00
80019.38,1859,759528,0,0,9.49,285,4705.37,0.00,0.00
80079.38,1859,759528,0,0,9.48,285,4705.37,0.00,0.00
80139.38,1859,759528,0,0,9.48,285,4705.37,0.00,0.00
80199.38,1859,759528,0,0,9.47,285,4705.37,0.00,0.00
80259.38,1859,759528,0,0,9.46,285,4705.37,0.00,0.00
80319.38,1859,759528,0,0,9.46,285,4705.37,0.00,0.00
80379.38,1859,759528,0,0,9.45,285,4705.37,0.00,0.00
80439.38,1859,759528,0,0,9.44,285,4705.37,0.00,0.00
80499.38,1859,759528,0,0,9.44,285,4705.37,0.00,0.00
80559.38,1859,759528,0,0,9.43,285,4705.37,0.00,0.00
80619.38,1859,759528,0,0,9.42,285,4705.37,0.00,0.00
80679.38,1859,759528,0,0,9.41,285,4705.37,0.00,0.00
80739.38,1859,759528,0,0,9.41,285,4705.37,0.00,0.00
80799.38,1859,759528,0,0,9.40,285,4705.37,0.00,0.00
80859.38,1859,759528,0,0,9.39,285,4705.37,0.00,0.00
80919.38,1859,759528,0,0,9.39,285,4705.37,0.00,0.00
80979.38,1859,759528,0,0,9.38,285,4705.37,0.00,0.00
81039.38,1859,759528,0,0,9.37,285,4705.37,0.00,0.00
81099.38,1859,759528,0,0,9.37,285,4705.37,0.00,0.00
81159.38,1859,759528,0,0,9.36,285,4705.37,0.00,0.00
81219.38,1859,759528,0,0,9.35,285,4705.37,0.00,0.00
81279.38,1859,759528,0,0,9.34,285,4705.37,0.00,0.00
81339.38,1859,759528,0,0,9.34,285,4705.37,0.00,0.00
81399.38,1859,759528,0,0,9.33,285,4705.37,0.00,0.00
81459.38,1859,759528,0,0,9.32,285,4705.37,0.00,0.00
81519.38,1859,759528,0,0,9.32,285,4705.37,0.00,0.00
81579.38,1859,759528,0,0,9.31,285,4705.37,0.00,0.00
81639.38,1859,759528,0,0,9.30,285,4705.37,0.00,0.00
81699.38,1859,759528,0,0,9.30,285,4705.37,0.00,0.00
81759.38,1859,759528,0,0,9.29,285,4705.37,0.00,0.00
81819.38,1859,759528,0,0,9.28,285,4705.37,0.00,0.00
81879.38,1859,759528,0,0,9.28,285,4705.37,0.00,0.00
81939.38,1859,759528,0,0,9.27,285,4705.37,0.00,0.00
81999.38,1859,759528,0,0,9.26,285,4705.37,0.00,0.00
82059.38,1859,759528,0,0,9.26,285,4705.37,0.00,0.00
82119.38,1859,759528,0,0,9.25,285,4705.37,0.00,0.00
82179.38,1859,759528,0,0,9.24,285,4705.37,0.00,0.00
82239.38,1859,759528,0,0,9.24,285,4705.37,0.00,0.00
82299.38,1859,759528,0,0,9.23,285,4705.37,0.00,0.00
82359.38,1859,759528,0,0,9.22,285,4705.37,0.00,0.00
82419.38,1859,759528,0,0,9.22,285,4705.37,0.00,0.00
82479.38,1859,759528,0,0,9.21,285,4705.37,0.00,0.00
82539.38,1859,759528,0,0,9.20,285,4705.37,0.00,0.00
82599.38,1859,759528,0,0,9.20,285,4705.37,0.00,0.00
82659.38,1859,759528,0,0,9.19,285,4705.37,0.00,0.00
82719.38,1859,759528,0,0,9.18,285,4705.37,0.00,0.00
82779.38,1859,759528,0,0,9.18,285,4705.37,0.00,0.00
82839.38,1859,759528,0,0,9.17,285,4705.37,0.00,0.00
82899.38,1859,759528,0,0,9.16,285,4705.37,0.00,0.00
82959.38,1859,759528,0,0,9.16,285,4705.37,0.00,0.00
83019.38,1859,759528,0,0,9.15,285,4705.37,0.00,0.00
83079.38,1859,759528,0,0,9.14,285,4705.37,0.00,0.00
83139.38,1859,759528,0,0,9.14,285,4705.37,0.00,0.00
83199.38,1859,759528,0,0,9.13,285,4705.37,0.00,0.00
83259.38,1859,759528,0,0,9.12,285,4705.37,0.00,0.00
83319.38,1859,759528,0,0,9.12,285,4705.37,0.00,0.00
83379.38,1859,759528,0,0,9.11,285,4705.37,0.00,0.00
83439.38,1859,759528,0,0,9.10,285,4705.37,0.00,0.00
83499.38,1859,759528,0,0,9.10,285,4705.37,0.00,0.00
83559.38,1859,759528,0,0,9.09,285,4705.37,0.00,0.00
83619.38,1859,759528,0,0,9.08,285,4705.37,0.00,0.00
83679.38,1859,759528,0,0,9.08,285,4705.37,0.00,0.00
83739.38,1859,759528,0,0,9.07,285,4705.37,0.00,0.00
83799.38,1859,759528,0,0,9.06,285,4705.37,0.00,0.00
83859.38,1859,759528,0,0,9.06,285,4705.37,0.00,0.00
83919.38,1859,759528,0,0,9.05,285,4705.37,0.00,0.00
83979.38,1859,759528,0,0,9.04,285,4705.37,0.00,0.00
84039.38,1859,759528,0,0,9.04,285,4705.37,0.00,0.00
84099.38,1859,759528,0,0,9.03,285,4705.37,0.00,0.00
84159.38,1859,759528,0,0,9.02,285,4705.37,0.00,0.00
84219.38,1859,759528,0,0,9.02,285,4705.37,0.00,0.00
84279.38,1859,759528,0,0,9.01,285,4705.37,0.00,0.00
84339.38,1859,759528,0,0,9.01,285,4705.37,0.00,0.00
84399.38,1859,759528,0,0,9.00,285,4705.37,0.00,0.00
84459.38,1859,759528,0,0,8.99,285,4705.37,0.00,0.00
84519.38,1859,759528,0,0,8.99,285,4705.37,0.00,0.00
84579.38,1859,759528,0,0,8.98,285,4705.37,0.00,0.00
84639.38,1859,759528,0,0,8.97,285,4705.37,0.00,0.00
84699.38,1859,759528,0,0,8.97,285,4705.37,0.00,0.00
84759.38,1859,759528,0,0,8.96,285,4705.37,0.00,0.00
84819.38,1859,759528,0,0,8.95,285,4705.37,0.00,0.00
84879.38,1859,759528,0,0,8.95,285,4705.37,0.00,0.00
84939.38,1859,759528,0,0,8.94,285,4705.37,0.00,0.00
84999.38,1859,759528,0,0,8.94,285,4705.37,0.00,0.00
85059.38,1859,759528,0,0,8.93,285,4705.37,0.00,0.00
85119.38,1859,759528,0,0,8.92,285,4705.37,0.00,0.00
85179.38,1859,759528,0,0,8.92,285,4705.37,0.00,0.00
85239.38,1859,759528,0,0,8.91,285,4705.37,0.00,0.00
85299.38,1859,759528,0,0,8.90,285,4705.37,0.00,0.00
85359.38,1859,759528,0,0,8.90,285,4705.37,0.00,0.00
85419.38,1859,759528,0,0,8.89,285,4705.37,0.00,0.00
85479.38,1859,759528,0,0,8.89,285,4705.37,0.00,0.00
85539.38,1859,759528,0,0,8.88,285,4705.37,0.00,0.00
85599.38,1859,759528,0,0,8.87,285,4705.37,0.00,0.00
85659.38,1859,759528,0,0,8.87,285,4705.37,0.00,0.00
85719.38,1859,759528,0,0,8.86,285,4705.37,0.00,0.00
85779.38,1859,759528,0,0,8.85,285,4705.37,0.00,0.00
85839.38,1859,759528,0,0,8.85,285,4705.37,0.00,0.00
85899.38,1859,759528,0,0,8.84,285,4705.37,0.00,0.00
85959.38,1859,759528,0,0,8.84,285,4705.37,0.00,0.00
86019.38,1859,759528,0,0,8.83,285,4705.37,0.00,0.00
86079.38,1859,759528,0,0,8.82,285,4705.37,0.00,0.00
86139.38,1859,759528,0,0,8.82,285,4705.37,0.00,0.00
86199.38,1859,759528,0,0,8.81,285,4705.37,0.00,0.00
86259.38,1859,759528,0,0,8.81,285,4705.37,0.00,0.00
86319.38,1859,759528,0,0,8.80,285,4705.37,0.00,0.00
86379.38,1859,759528,0,0,8.79,285,4705.37,0.00,0.00
