elapsed_time,unique_edges,total_execs,crash_count,hang_count,exec_speed,queue_size,last_new_find,last_crash,last_hang
0.00,0,0,0,0,0.00,0,0.00,0.00,0.00
10.05,1625,1745,0,0,173.70,140,9.73,0.00,0.00
23.03,1716,3967,0,0,172.29,180,23.01,0.00,0.00
37.41,2012,6535,0,0,174.68,225,37.27,0.00,0.00
47.45,2045,8328,0,0,175.50,237,47.31,0.00,0.00
57.47,2070,10120,0,0,176.08,245,57.35,0.00,0.00
67.51,2086,11716,0,0,173.54,250,65.61,0.00,0.00
77.65,2148,13575,0,0,174.82,255,75.89,0.00,0.00
87.68,2165,15135,0,0,172.63,259,87.48,0.00,0.00
97.70,2170,16685,0,0,170.78,261,96.56,0.00,0.00
107.74,2172,18869,0,0,175.13,262,101.14,0.00,0.00
117.83,2175,21053,0,0,178.68,265,111.70,0.00,0.00
127.89,2205,23237,0,0,181.70,269,126.02,0.00,0.00
138.01,2223,25239,0,0,182.88,273,135.85,0.00,0.00
148.03,2226,27319,0,0,184.55,274,138.35,0.00,0.00
158.10,2233,29077,0,0,183.92,275,148.14,0.00,0.00
168.12,2235,30637,0,0,182.23,276,167.85,0.00,0.00
178.13,2235,32171,0,0,180.60,276,167.85,0.00,0.00
188.24,2289,33777,0,0,179.44,282,188.21,0.00,0.00
198.31,2295,35337,0,0,178.19,285,197.64,0.00,0.00
208.39,2297,36769,0,0,176.44,287,208.36,0.00,0.00
218.40,2335,38153,0,0,174.69,288,210.84,0.00,0.00
228.44,2361,39465,0,0,172.75,290,225.94,0.00,0.00
238.56,2366,41073,0,0,172.17,292,238.23,0.00,0.00
248.57,2390,42581,0,0,171.31,301,245.38,0.00,0.00
258.71,2391,43954,0,0,169.90,302,257.96,0.00,0.00
268.86,2396,45426,0,0,168.96,305,266.16,0.00,0.00
279.08,2399,46762,0,0,167.56,307,277.88,0.00,0.00
289.15,2401,48303,0,0,167.05,309,285.87,0.00,0.00
299.21,2413,49844,0,0,166.59,315,297.56,0.00,0.00
309.33,2413,51408,0,0,166.19,315,297.56,0.00,0.00
319.42,2413,52827,0,0,165.39,315,297.56,0.00,0.00
329.47,2413,54391,0,0,165.09,315,297.56,0.00,0.00
339.52,2413,55856,0,0,164.51,315,297.56,0.00,0.00
349.53,2413,57397,0,0,164.21,315,297.56,0.00,0.00
359.55,2414,58869,0,0,163.73,316,357.83,0.00,0.00
369.63,2415,60364,0,0,163.31,317,364.81,0.00,0.00
379.67,2415,61829,0,0,162.85,317,364.81,0.00,0.00
389.69,2415,63485,0,0,162.91,317,364.81,0.00,0.00
399.79,2415,65065,0,0,162.75,317,364.81,0.00,0.00
409.84,2416,66698,0,0,162.74,318,400.62,0.00,0.00
419.87,2416,68347,0,0,162.78,318,400.62,0.00,0.00
429.87,2416,70003,0,0,162.85,318,400.62,0.00,0.00
439.89,2416,71452,0,0,162.43,318,400.62,0.00,0.00
450.03,2416,72809,0,0,161.79,318,400.62,0.00,0.00
460.14,2416,74235,0,0,161.33,318,400.62,0.00,0.00
470.24,2417,75707,0,0,161.00,319,463.51,0.00,0.00
480.48,2417,77294,0,0,160.87,319,463.51,0.00,0.00
490.55,2417,78844,0,0,160.72,319,463.51,0.00,0.00
500.62,2417,80263,0,0,160.33,319,463.51,0.00,0.00
510.70,2417,81613,0,0,159.81,319,463.51,0.00,0.00
520.76,2417,83246,0,0,159.85,319,463.51,0.00,0.00
530.76,2417,84649,0,0,159.49,319,463.51,0.00,0.00
540.86,2417,86213,0,0,159.40,319,463.51,0.00,0.00
551.01,2417,87678,0,0,159.12,319,463.51,0.00,0.00
561.14,2417,89212,0,0,158.98,319,463.51,0.00,0.00
571.21,2417,90730,0,0,158.84,319,463.51,0.00,0.00
581.33,2425,92294,0,0,158.76,321,575.96,0.00,0.00
591.46,2425,93713,0,0,158.44,321,575.96,0.00,0.00
621.52,2425,98543,0,0,158.55,321,575.96,0.00,0.00
651.53,2426,103182,0,0,158.37,322,624.90,0.00,0.00
681.57,2433,107591,0,0,157.86,324,677.60,0.00,0.00
711.61,2443,112398,0,0,157.95,325,698.45,0.00,0.00
741.63,2445,116722,0,0,157.39,326,726.42,0.00,0.00
771.65,2458,121216,0,0,157.09,328,765.69,0.00,0.00
801.73,2458,125526,0,0,156.57,328,765.69,0.00,0.00
831.75,2458,130218,0,0,156.56,328,765.69,0.00,0.00
861.84,2459,135071,0,0,156.72,329,855.19,0.00,0.00
891.99,2459,139855,0,0,156.79,329,855.19,0.00,0.00
922.02,2459,144409,0,0,156.62,329,855.19,0.00,0.00
952.03,2459,148634,0,0,156.12,329,855.19,0.00,0.00
982.07,2459,153395,0,0,156.20,329,855.19,0.00,0.00
1012.09,2479,157965,0,0,156.08,333,1008.92,0.00,0.00
1042.09,2479,162431,0,0,155.87,333,1008.92,0.00,0.00
1072.17,2483,167205,0,0,155.95,337,1070.94,0.00,0.00
1102.21,2483,171891,0,0,155.95,337,1070.94,0.00,0.00
1132.23,2523,176577,0,0,155.96,340,1129.45,0.00,0.00
1162.26,2528,181113,0,0,155.83,341,1148.34,0.00,0.00
1192.38,2530,185655,0,0,155.70,342,1187.48,0.00,0.00
1222.40,2543,190093,0,0,155.51,344,1220.73,0.00,0.00
1252.42,2543,194685,0,0,155.45,344,1220.73,0.00,0.00
1282.45,2544,199393,0,0,155.48,345,1263.82,0.00,0.00
1312.58,2549,203699,0,0,155.19,346,1294.22,0.00,0.00
1342.68,2549,208197,0,0,155.06,346,1294.22,0.00,0.00
1372.69,2552,212393,0,0,154.73,347,1353.54,0.00,0.00
1402.71,2554,216919,0,0,154.64,349,1387.51,0.00,0.00
1432.84,2554,221643,0,0,154.69,349,1387.51,0.00,0.00
1462.97,2554,226103,0,0,154.55,349,1387.51,0.00,0.00
1493.00,2554,230833,0,0,154.61,349,1387.51,0.00,0.00
1523.00,2554,235347,0,0,154.53,349,1387.51,0.00,0.00
1553.09,2554,239637,0,0,154.30,349,1387.51,0.00,0.00
1583.14,2554,244427,0,0,154.39,349,1387.51,0.00,0.00
1613.18,2554,248639,0,0,154.13,349,1387.51,0.00,0.00
1643.25,2554,253127,0,0,154.04,349,1387.51,0.00,0.00
1673.27,2554,257439,0,0,153.85,349,1387.51,0.00,0.00
1703.33,2554,261751,0,0,153.67,349,1387.51,0.00,0.00
1733.47,2566,266057,0,0,153.48,350,1724.60,0.00,0.00
1763.50,2566,270671,0,0,153.49,350,1724.60,0.00,0.00
1793.52,2566,275021,0,0,153.34,350,1724.60,0.00,0.00
1823.65,2566,279729,0,0,153.39,350,1724.60,0.00,0.00
1853.77,2566,284547,0,0,153.50,350,1724.60,0.00,0.00
1883.80,2567,288951,0,0,153.39,351,1868.01,0.00,0.00
1913.91,2567,293477,0,0,153.34,351,1868.01,0.00,0.00
1944.01,2567,298075,0,0,153.33,351,1868.01,0.00,0.00
1974.09,2567,302519,0,0,153.24,351,1868.01,0.00,0.00
2004.17,2567,307117,0,0,153.24,351,1868.01,0.00,0.00
2034.30,2567,311445,0,0,153.10,351,1868.01,0.00,0.00
2064.38,2567,315949,0,0,153.05,351,1868.01,0.00,0.00
2094.47,2567,320145,0,0,152.85,351,1868.01,0.00,0.00
2124.57,2567,324499,0,0,152.74,351,1868.01,0.00,0.00
2154.65,2568,328915,0,0,152.65,352,2128.42,0.00,0.00
2184.77,2568,333331,0,0,152.57,352,2128.42,0.00,0.00
2214.89,2568,337775,0,0,152.50,352,2128.42,0.00,0.00
2244.93,2569,342251,0,0,152.45,353,2242.02,0.00,0.00
2275.02,2569,346799,0,0,152.44,353,2242.02,0.00,0.00
2305.06,2570,351297,0,0,152.40,354,2298.78,0.00,0.00
2335.09,2570,355597,0,0,152.28,354,2298.78,0.00,0.00
2365.17,2570,359787,0,0,152.12,354,2298.78,0.00,0.00
2395.25,2574,363953,0,0,151.95,355,2368.94,0.00,0.00
2425.34,2574,368147,0,0,151.79,355,2368.94,0.00,0.00
2455.47,2574,372353,0,0,151.64,355,2368.94,0.00,0.00
2485.58,2574,376665,0,0,151.54,355,2368.94,0.00,0.00
2515.69,2574,381505,0,0,151.65,355,2368.94,0.00,0.00
2545.73,2574,386075,0,0,151.66,355,2368.94,0.00,0.00
2575.74,2574,390325,0,0,151.54,355,2368.94,0.00,0.00
2605.79,2574,394945,0,0,151.56,355,2368.94,0.00,0.00
2635.81,2574,399625,0,0,151.61,355,2368.94,0.00,0.00
2665.82,2574,404267,0,0,151.65,355,2368.94,0.00,0.00
2695.89,2575,409151,0,0,151.77,356,2681.33,0.00,0.00
2725.97,2580,413429,0,0,151.66,360,2724.17,0.00,0.00
2756.04,2585,418107,0,0,151.71,362,2745.93,0.00,0.00
2786.08,2589,422583,0,0,151.68,365,2779.68,0.00,0.00
2816.09,2590,427279,0,0,151.73,366,2788.48,0.00,0.00
2846.12,2590,431587,0,0,151.64,366,2788.48,0.00,0.00
2876.19,2593,436147,0,0,151.64,367,2851.66,0.00,0.00
2906.21,2602,440307,0,0,151.51,368,2888.49,0.00,0.00
2936.29,2602,444835,0,0,151.50,368,2888.49,0.00,0.00
2966.29,2602,449475,0,0,151.53,368,2888.49,0.00,0.00
2996.53,2602,453911,0,0,151.48,368,2888.49,0.00,0.00
3026.57,2602,458123,0,0,151.37,368,2888.49,0.00,0.00
3056.64,2602,462399,0,0,151.28,368,2888.49,0.00,0.00
3086.72,2602,466615,0,0,151.17,368,2888.49,0.00,0.00
3116.73,2602,470955,0,0,151.11,368,2888.49,0.00,0.00
3146.75,2602,475631,0,0,151.15,368,2888.49,0.00,0.00
3176.87,2602,480207,0,0,151.16,368,2888.49,0.00,0.00
3206.94,2602,485047,0,0,151.25,368,2888.49,0.00,0.00
3237.06,2602,489627,0,0,151.26,368,2888.49,0.00,0.00
3267.09,2602,494127,0,0,151.24,368,2888.49,0.00,0.00
3297.11,2602,498727,0,0,151.26,368,2888.49,0.00,0.00
3327.16,2604,503219,0,0,151.25,369,3311.65,0.00,0.00
3357.25,2604,507667,0,0,151.22,369,3311.65,0.00,0.00
3387.25,2604,511979,0,0,151.15,369,3311.65,0.00,0.00
3417.30,2604,516599,0,0,151.17,369,3311.65,0.00,0.00
3447.38,2604,521359,0,0,151.23,369,3311.65,0.00,0.00
3477.49,2604,525855,0,0,151.22,369,3311.65,0.00,0.00
3507.58,2604,530351,0,0,151.20,369,3311.65,0.00,0.00
3537.63,2604,534987,0,0,151.23,369,3311.65,0.00,0.00
3567.66,2604,539315,0,0,151.17,369,3311.65,0.00,0.00
3597.79,2604,543471,0,0,151.06,369,3311.65,0.00,0.00
3657.86,2604,551979,0,0,150.90,369,3311.65,0.00,0.00
3717.87,2605,561339,0,0,150.98,370,3710.96,0.00,0.00
3777.90,2605,570839,0,0,151.10,370,3710.96,0.00,0.00
3837.99,2605,580195,0,0,151.17,370,3710.96,0.00,0.00
3898.08,2605,589227,0,0,151.16,370,3710.96,0.00,0.00
3958.11,2605,598079,0,0,151.10,370,3710.96,0.00,0.00
4018.23,2605,607047,0,0,151.07,370,3710.96,0.00,0.00
4078.23,2605,615847,0,0,151.01,370,3710.96,0.00,0.00
4138.24,2605,624723,0,0,150.96,370,3710.96,0.00,0.00
4198.28,2605,633571,0,0,150.91,370,3710.96,0.00,0.00
4258.35,2605,642759,0,0,150.94,370,3710.96,0.00,0.00
4318.38,2605,651607,0,0,150.89,370,3710.96,0.00,0.00
4378.42,2605,660687,0,0,150.90,370,3710.96,0.00,0.00
4438.47,2605,669743,0,0,150.89,370,3710.96,0.00,0.00
4498.50,2605,678735,0,0,150.88,370,3710.96,0.00,0.00
4558.51,2605,687867,0,0,150.90,370,3710.96,0.00,0.00
4618.64,2605,696847,0,0,150.88,370,3710.96,0.00,0.00
4678.74,2605,705887,0,0,150.87,370,3710.96,0.00,0.00
4738.93,2605,714759,0,0,150.83,370,3710.96,0.00,0.00
4798.94,2605,723911,0,0,150.85,370,3710.96,0.00,0.00
4858.97,2605,732383,0,0,150.73,370,3710.96,0.00,0.00
4919.06,2605,741031,0,0,150.64,370,3710.96,0.00,0.00
4979.14,2605,750651,0,0,150.76,370,3710.96,0.00,0.00
5039.27,2605,759659,0,0,150.75,370,3710.96,0.00,0.00
5099.36,2605,768895,0,0,150.78,370,3710.96,0.00,0.00
5159.52,2605,777459,0,0,150.68,370,3710.96,0.00,0.00
5219.61,2605,786667,0,0,150.71,370,3710.96,0.00,0.00
5279.72,2605,795631,0,0,150.70,370,3710.96,0.00,0.00
5339.73,2605,805027,0,0,150.76,370,3710.96,0.00,0.00
5399.74,2607,814007,0,0,150.75,371,5347.43,0.00,0.00
5459.80,2607,823047,0,0,150.75,371,5347.43,0.00,0.00
5519.80,2607,831851,0,0,150.70,371,5347.43,0.00,0.00
5579.81,2607,840991,0,0,150.72,371,5347.43,0.00,0.00
5639.93,2607,849887,0,0,150.69,371,5347.43,0.00,0.00
5700.05,2607,858819,0,0,150.67,371,5347.43,0.00,0.00
5760.13,2607,868095,0,0,150.71,371,5347.43,0.00,0.00
5820.24,2608,877207,0,0,150.72,372,5813.03,0.00,0.00
5880.33,2608,886199,0,0,150.71,372,5813.03,0.00,0.00
5940.43,2608,894879,0,0,150.64,372,5813.03,0.00,0.00
6000.47,2608,903831,0,0,150.63,372,5813.03,0.00,0.00
6060.54,2608,912807,0,0,150.61,372,5813.03,0.00,0.00
6120.60,2608,921903,0,0,150.62,372,5813.03,0.00,0.00
6180.66,2608,930667,0,0,150.58,372,5813.03,0.00,0.00
6240.74,2609,939639,0,0,150.57,373,6233.62,0.00,0.00
6300.81,2610,948891,0,0,150.60,374,6251.18,0.00,0.00
6360.83,2610,958371,0,0,150.67,374,6251.18,0.00,0.00
6420.96,2611,967391,0,0,150.66,375,6408.01,0.00,0.00
6481.06,2611,976451,0,0,150.66,375,6408.01,0.00,0.00
6541.16,2611,985507,0,0,150.66,375,6408.01,0.00,0.00
6601.17,2611,994447,0,0,150.65,375,6408.01,0.00,0.00
6661.17,2611,1003475,0,0,150.65,375,6408.01,0.00,0.00
6721.21,2611,1012411,0,0,150.63,375,6408.01,0.00,0.00
6781.31,2611,1021119,0,0,150.58,375,6408.01,0.00,0.00
6841.48,2611,1030315,0,0,150.60,375,6408.01,0.00,0.00
6901.62,2611,1039363,0,0,150.60,375,6408.01,0.00,0.00
6961.72,2611,1048271,0,0,150.58,375,6408.01,0.00,0.00
7021.78,2611,1057375,0,0,150.58,375,6408.01,0.00,0.00
7081.86,2611,1066375,0,0,150.58,375,6408.01,0.00,0.00
7141.97,2700,1075490,0,0,150.59,376,7115.26,0.00,0.00
7201.97,2703,1084430,0,0,150.57,377,7146.34,0.00,0.00
7262.02,2703,1093949,0,0,150.64,377,7146.34,0.00,0.00
7322.06,2703,1102860,0,0,150.62,377,7146.34,0.00,0.00
7382.16,2703,1111781,0,0,150.60,377,7146.34,0.00,0.00
7442.21,2706,1120398,0,0,150.55,378,7418.58,0.00,0.00
7502.25,2706,1129465,0,0,150.55,378,7418.58,0.00,0.00
7562.27,2708,1138810,0,0,150.59,379,7548.47,0.00,0.00
7622.48,2708,1147848,0,0,150.59,379,7548.47,0.00,0.00
7682.64,2708,1156883,0,0,150.58,379,7548.47,0.00,0.00
7742.68,2708,1166000,0,0,150.59,379,7548.47,0.00,0.00
7802.72,2708,1175310,0,0,150.63,379,7548.47,0.00,0.00
7862.82,2708,1184367,0,0,150.63,379,7548.47,0.00,0.00
7922.92,2708,1193579,0,0,150.65,379,7548.47,0.00,0.00
7982.97,2708,1202560,0,0,150.64,379,7548.47,0.00,0.00
8043.03,2708,1211908,0,0,150.68,379,7548.47,0.00,0.00
8103.13,2708,1221256,0,0,150.71,379,7548.47,0.00,0.00
8163.15,2708,1230573,0,0,150.75,379,7548.47,0.00,0.00
8223.17,2708,1239263,0,0,150.70,379,7548.47,0.00,0.00
8283.24,2708,1248839,0,0,150.77,379,7548.47,0.00,0.00
8343.29,2708,1258168,0,0,150.80,379,7548.47,0.00,0.00
8403.37,2708,1267589,0,0,150.84,379,7548.47,0.00,0.00
8463.51,2708,1276839,0,0,150.86,379,7548.47,0.00,0.00
8523.55,2710,1285728,0,0,150.84,380,8483.43,0.00,0.00
8583.60,2710,1294617,0,0,150.82,380,8483.43,0.00,0.00
8643.61,2710,1303348,0,0,150.79,380,8483.43,0.00,0.00
8703.72,2710,1312012,0,0,150.74,380,8483.43,0.00,0.00
8763.75,2710,1320724,0,0,150.70,380,8483.43,0.00,0.00
8823.77,2710,1329727,0,0,150.70,380,8483.43,0.00,0.00
8883.89,2711,1338882,0,0,150.71,381,8840.30,0.00,0.00
8943.95,2711,1348015,0,0,150.72,381,8840.30,0.00,0.00
9004.04,2711,1356844,0,0,150.69,381,8840.30,0.00,0.00
9064.12,2711,1365632,0,0,150.66,381,8840.30,0.00,0.00
9124.16,2711,1375072,0,0,150.71,381,8840.30,0.00,0.00
9184.19,2711,1383768,0,0,150.67,381,8840.30,0.00,0.00
9244.23,2711,1393113,0,0,150.70,381,8840.30,0.00,0.00
9304.33,2711,1402164,0,0,150.70,381,8840.30,0.00,0.00
9364.34,2711,1411224,0,0,150.70,381,8840.30,0.00,0.00
9424.37,2712,1420082,0,0,150.68,382,9415.84,0.00,0.00
9484.38,2712,1429579,0,0,150.73,382,9415.84,0.00,0.00
9544.42,2712,1438918,0,0,150.76,382,9415.84,0.00,0.00
9604.50,2712,1448057,0,0,150.77,382,9415.84,0.00,0.00
9664.54,2712,1457431,0,0,150.80,382,9415.84,0.00,0.00
9724.56,2713,1466681,0,0,150.82,383,9697.59,0.00,0.00
9784.58,2713,1475675,0,0,150.82,383,9697.59,0.00,0.00
9844.62,2713,1485020,0,0,150.85,383,9697.59,0.00,0.00
9904.63,2713,1493890,0,0,150.83,383,9697.59,0.00,0.00
9964.71,2713,1502757,0,0,150.81,383,9697.59,0.00,0.00
10024.83,2713,1512200,0,0,150.85,383,9697.59,0.00,0.00
10084.94,2713,1520782,0,0,150.80,383,9697.59,0.00,0.00
10144.99,2713,1529709,0,0,150.78,383,9697.59,0.00,0.00
10205.09,2713,1538551,0,0,150.76,383,9697.59,0.00,0.00
10265.17,2713,1547703,0,0,150.77,383,9697.59,0.00,0.00
10325.27,2713,1557042,0,0,150.80,383,9697.59,0.00,0.00
10385.32,2714,1566463,0,0,150.83,384,10356.92,0.00,0.00
10445.40,2714,1575783,0,0,150.86,384,10356.92,0.00,0.00
10505.46,2714,1584533,0,0,150.83,384,10356.92,0.00,0.00
10565.53,2714,1593742,0,0,150.84,384,10356.92,0.00,0.00
10625.61,2714,1601802,0,0,150.75,384,10356.92,0.00,0.00
10685.62,2714,1611505,0,0,150.81,384,10356.92,0.00,0.00
10745.63,2714,1620553,0,0,150.81,384,10356.92,0.00,0.00
10805.72,2714,1629550,0,0,150.80,384,10356.92,0.00,0.00
10865.79,2714,1638724,0,0,150.81,384,10356.92,0.00,0.00
10925.89,2714,1648012,0,0,150.84,384,10356.92,0.00,0.00
10985.96,2714,1656670,0,0,150.80,384,10356.92,0.00,0.00
11045.98,2714,1665348,0,0,150.77,384,10356.92,0.00,0.00
11106.00,2714,1674782,0,0,150.80,384,10356.92,0.00,0.00
11166.04,2714,1683725,0,0,150.79,384,10356.92,0.00,0.00
11226.10,2714,1692545,0,0,150.77,384,10356.92,0.00,0.00
11286.20,2714,1701602,0,0,150.77,384,10356.92,0.00,0.00
11346.26,2714,1710599,0,0,150.76,384,10356.92,0.00,0.00
11406.30,2714,1720118,0,0,150.80,384,10356.92,0.00,0.00
11466.47,2714,1728989,0,0,150.79,384,10356.92,0.00,0.00
11526.57,2714,1737031,0,0,150.70,384,10356.92,0.00,0.00
11586.66,2714,1746053,0,0,150.70,384,10356.92,0.00,0.00
11646.77,2714,1754480,0,0,150.64,384,10356.92,0.00,0.00
11706.83,2714,1763803,0,0,150.66,384,10356.92,0.00,0.00
11766.88,2714,1772718,0,0,150.65,384,10356.92,0.00,0.00
11826.88,2714,1781690,0,0,150.65,384,10356.92,0.00,0.00
11887.01,2714,1790712,0,0,150.64,384,10356.92,0.00,0.00
11947.11,2714,1799057,0,0,150.59,384,10356.92,0.00,0.00
12007.25,2714,1807975,0,0,150.57,384,10356.92,0.00,0.00
12067.28,2714,1816890,0,0,150.56,384,10356.92,0.00,0.00
12127.36,2714,1825362,0,0,150.52,384,10356.92,0.00,0.00
12187.50,2714,1834188,0,0,150.50,384,10356.92,0.00,0.00
12247.52,2714,1843473,0,0,150.52,384,10356.92,0.00,0.00
12307.52,2714,1852160,0,0,150.49,384,10356.92,0.00,0.00
12367.54,2714,1861195,0,0,150.49,384,10356.92,0.00,0.00
12427.57,2714,1870072,0,0,150.48,384,10356.92,0.00,0.00
12487.58,2714,1879082,0,0,150.48,384,10356.92,0.00,0.00
12547.66,2714,1887468,0,0,150.42,384,10356.92,0.00,0.00
12607.75,2714,1896430,0,0,150.42,384,10356.92,0.00,0.00
12667.80,2714,1905430,0,0,150.42,384,10356.92,0.00,0.00
12727.83,2714,1915035,0,0,150.46,384,10356.92,0.00,0.00
12787.92,2714,1924070,0,0,150.46,384,10356.92,0.00,0.00
12847.96,2714,1933206,0,0,150.47,384,10356.92,0.00,0.00
12908.06,2714,1942105,0,0,150.46,384,10356.92,0.00,0.00
12968.12,2714,1950798,0,0,150.43,384,10356.92,0.00,0.00
13028.25,2714,1960143,0,0,150.45,384,10356.92,0.00,0.00
13088.33,2714,1969378,0,0,150.47,384,10356.92,0.00,0.00
13148.45,2714,1978568,0,0,150.48,384,10356.92,0.00,0.00
13208.53,2714,1987834,0,0,150.50,384,10356.92,0.00,0.00
13268.55,2714,1996891,0,0,150.50,384,10356.92,0.00,0.00
13328.57,2714,2006005,0,0,150.50,384,10356.92,0.00,0.00
13388.68,2714,2014743,0,0,150.48,384,10356.92,0.00,0.00
13448.69,2742,2023731,0,0,150.48,384,13434.72,0.00,0.00
13508.71,2742,2032200,0,0,150.44,384,13434.72,0.00,0.00
13568.73,2742,2041029,0,0,150.42,384,13434.72,0.00,0.00
13628.82,2742,2048871,0,0,150.33,384,13434.72,0.00,0.00
13688.95,2742,2057463,0,0,150.30,384,13434.72,0.00,0.00
13748.95,2742,2066881,0,0,150.33,384,13434.72,0.00,0.00
13808.99,2742,2075340,0,0,150.29,384,13434.72,0.00,0.00
13869.12,2742,2084400,0,0,150.29,384,13434.72,0.00,0.00
13929.22,2742,2093511,0,0,150.30,384,13434.72,0.00,0.00
13989.30,2742,2102578,0,0,150.30,384,13434.72,0.00,0.00
14049.32,2742,2111977,0,0,150.33,384,13434.72,0.00,0.00
14109.50,2742,2120696,0,0,150.30,384,13434.72,0.00,0.00
14169.51,2742,2129693,0,0,150.30,384,13434.72,0.00,0.00
14229.57,2744,2138180,0,0,150.26,385,14216.95,0.00,0.00
14289.61,2744,2147636,0,0,150.29,385,14216.95,0.00,0.00
14349.80,2744,2156940,0,0,150.31,385,14216.95,0.00,0.00
14409.87,2744,2165631,0,0,150.29,385,14216.95,0.00,0.00
14469.92,2744,2174356,0,0,150.27,385,14216.95,0.00,0.00
14529.94,2744,2183068,0,0,150.25,385,14216.95,0.00,0.00
14590.02,2744,2191530,0,0,150.21,385,14216.95,0.00,0.00
14650.27,2744,2199477,0,0,150.13,385,14216.95,0.00,0.00
14710.32,2744,2207591,0,0,150.07,385,14216.95,0.00,0.00
14770.42,2744,2216920,0,0,150.09,385,14216.95,0.00,0.00
14830.56,2744,2226455,0,0,150.13,385,14216.95,0.00,0.00
14890.56,2744,2234873,0,0,150.09,385,14216.95,0.00,0.00
14950.58,2744,2244250,0,0,150.11,385,14216.95,0.00,0.00
15010.64,2744,2253408,0,0,150.12,385,14216.95,0.00,0.00
15070.74,2744,2262522,0,0,150.13,385,14216.95,0.00,0.00
15130.79,2744,2271706,0,0,150.14,385,14216.95,0.00,0.00
15190.88,2744,2280447,0,0,150.12,385,14216.95,0.00,0.00
15250.98,2744,2289200,0,0,150.10,385,14216.95,0.00,0.00
15311.18,2744,2298308,0,0,150.11,385,14216.95,0.00,0.00
15371.22,2744,2307248,0,0,150.10,385,14216.95,0.00,0.00
15431.27,2744,2316470,0,0,150.12,385,14216.95,0.00,0.00
15491.32,2744,2324524,0,0,150.05,385,14216.95,0.00,0.00
15551.32,2744,2332853,0,0,150.01,385,14216.95,0.00,0.00
15611.34,2744,2341834,0,0,150.01,385,14216.95,0.00,0.00
15671.43,2744,2350771,0,0,150.00,385,14216.95,0.00,0.00
15731.51,2744,2360135,0,0,150.03,385,14216.95,0.00,0.00
15791.55,2744,2369388,0,0,150.04,385,14216.95,0.00,0.00
15851.65,2744,2379037,0,0,150.08,385,14216.95,0.00,0.00
15911.72,2746,2387964,0,0,150.08,386,15854.31,0.00,0.00
15971.73,2746,2396708,0,0,150.06,386,15854.31,0.00,0.00
16031.78,2746,2405559,0,0,150.05,386,15854.31,0.00,0.00
16091.88,2746,2413945,0,0,150.01,386,15854.31,0.00,0.00
16151.98,2746,2422844,0,0,150.00,386,15854.31,0.00,0.00
16212.03,2746,2431942,0,0,150.01,386,15854.31,0.00,0.00
16272.11,2746,2440907,0,0,150.01,386,15854.31,0.00,0.00
16332.18,2746,2449774,0,0,150.00,386,15854.31,0.00,0.00
16392.25,2746,2458752,0,0,149.99,386,15854.31,0.00,0.00
16452.29,2746,2467477,0,0,149.98,386,15854.31,0.00,0.00
16512.50,2746,2476993,0,0,150.01,386,15854.31,0.00,0.00
16572.57,2746,2484819,0,0,149.94,386,15854.31,0.00,0.00
16632.65,2746,2492506,0,0,149.86,386,15854.31,0.00,0.00
16692.70,2746,2500572,0,0,149.80,386,15854.31,0.00,0.00
16752.80,2746,2509572,0,0,149.80,386,15854.31,0.00,0.00
16812.90,2746,2518715,0,0,149.81,386,15854.31,0.00,0.00
16873.01,2746,2527880,0,0,149.82,386,15854.31,0.00,0.00
16933.12,2746,2537004,0,0,149.82,386,15854.31,0.00,0.00
16993.22,2746,2545489,0,0,149.79,386,15854.31,0.00,0.00
17053.30,2746,2553784,0,0,149.75,386,15854.31,0.00,0.00
17113.41,2746,2562452,0,0,149.73,386,15854.31,0.00,0.00
17173.50,2746,2570515,0,0,149.68,386,15854.31,0.00,0.00
17233.54,2746,2578987,0,0,149.65,386,15854.31,0.00,0.00
17293.57,2746,2587323,0,0,149.61,386,15854.31,0.00,0.00
17353.69,2746,2595893,0,0,149.59,386,15854.31,0.00,0.00
17413.75,2746,2605070,0,0,149.60,386,15854.31,0.00,0.00
17473.87,2746,2614153,0,0,149.60,386,15854.31,0.00,0.00
17533.96,2746,2623286,0,0,149.61,386,15854.31,0.00,0.00
17594.02,2746,2632445,0,0,149.62,386,15854.31,0.00,0.00
17654.07,2746,2641923,0,0,149.65,386,15854.31,0.00,0.00
17714.11,2746,2650692,0,0,149.64,386,15854.31,0.00,0.00
17774.13,2746,2659610,0,0,149.63,386,15854.31,0.00,0.00
17834.13,2746,2668920,0,0,149.65,386,15854.31,0.00,0.00
17894.21,2746,2676784,0,0,149.59,386,15854.31,0.00,0.00
17954.29,2746,2685341,0,0,149.57,386,15854.31,0.00,0.00
18014.31,2746,2694234,0,0,149.56,386,15854.31,0.00,0.00
18074.40,2746,2703199,0,0,149.56,386,15854.31,0.00,0.00
18134.49,2746,2711864,0,0,149.54,386,15854.31,0.00,0.00
18194.50,2746,2720794,0,0,149.54,386,15854.31,0.00,0.00
18254.64,2746,2729294,0,0,149.51,386,15854.31,0.00,0.00
18314.65,2746,2737655,0,0,149.48,386,15854.31,0.00,0.00
18374.69,2746,2746671,0,0,149.48,386,15854.31,0.00,0.00
18434.69,2746,2755282,0,0,149.46,386,15854.31,0.00,0.00
18494.84,2746,2763728,0,0,149.43,386,15854.31,0.00,0.00
18555.05,2746,2771997,0,0,149.39,386,15854.31,0.00,0.00
18615.09,2746,2780446,0,0,149.37,386,15854.31,0.00,0.00
18675.19,2746,2788883,0,0,149.34,386,15854.31,0.00,0.00
18735.22,2746,2797478,0,0,149.32,386,15854.31,0.00,0.00
18795.29,2746,2806010,0,0,149.29,386,15854.31,0.00,0.00
18855.30,2746,2815548,0,0,149.32,386,15854.31,0.00,0.00
18915.35,2746,2824469,0,0,149.32,386,15854.31,0.00,0.00
18975.40,2746,2833716,0,0,149.34,386,15854.31,0.00,0.00
19035.46,2746,2843125,0,0,149.36,386,15854.31,0.00,0.00
19095.54,2746,2851948,0,0,149.35,386,15854.31,0.00,0.00
19155.60,2746,2860904,0,0,149.35,386,15854.31,0.00,0.00
19215.68,2746,2870632,0,0,149.39,386,15854.31,0.00,0.00
19275.71,2746,2879332,0,0,149.38,386,15854.31,0.00,0.00
19335.71,2746,2887810,0,0,149.35,386,15854.31,0.00,0.00
19395.83,2746,2896086,0,0,149.31,386,15854.31,0.00,0.00
19455.87,2746,2904716,0,0,149.30,386,15854.31,0.00,0.00
19515.89,2746,2913469,0,0,149.29,386,15854.31,0.00,0.00
19575.95,2746,2922001,0,0,149.26,386,15854.31,0.00,0.00
19635.95,2746,2931441,0,0,149.29,386,15854.31,0.00,0.00
19695.95,2746,2940229,0,0,149.28,386,15854.31,0.00,0.00
19756.00,2746,2948612,0,0,149.25,386,15854.31,0.00,0.00
19816.01,2746,2957568,0,0,149.25,386,15854.31,0.00,0.00
19876.10,2746,2966619,0,0,149.26,386,15854.31,0.00,0.00
19936.17,2746,2975620,0,0,149.26,386,15854.31,0.00,0.00
19996.19,2746,2983494,0,0,149.20,386,15854.31,0.00,0.00
20056.21,2746,2991460,0,0,149.15,386,15854.31,0.00,0.00
20116.33,2746,2999150,0,0,149.09,386,15854.31,0.00,0.00
20176.41,2746,3007391,0,0,149.05,386,15854.31,0.00,0.00
20236.47,2746,3016151,0,0,149.05,386,15854.31,0.00,0.00
20296.57,2746,3025050,0,0,149.04,386,15854.31,0.00,0.00
20356.58,2746,3034082,0,0,149.05,386,15854.31,0.00,0.00
20416.71,2746,3042491,0,0,149.02,386,15854.31,0.00,0.00
20476.79,2746,3051858,0,0,149.04,386,15854.31,0.00,0.00
20536.82,2746,3061026,0,0,149.05,386,15854.31,0.00,0.00
20596.86,2746,3070086,0,0,149.06,386,15854.31,0.00,0.00
20656.91,2746,3078769,0,0,149.04,386,15854.31,0.00,0.00
20716.92,2746,3088630,0,0,149.09,386,15854.31,0.00,0.00
20776.95,2746,3098092,0,0,149.11,386,15854.31,0.00,0.00
20837.02,2746,3107782,0,0,149.15,386,15854.31,0.00,0.00
20897.09,2746,3117491,0,0,149.18,386,15854.31,0.00,0.00
20957.11,2746,3127105,0,0,149.21,386,15854.31,0.00,0.00
21017.20,2746,3136643,0,0,149.24,386,15854.31,0.00,0.00
21077.20,2746,3146504,0,0,149.28,386,15854.31,0.00,0.00
21137.26,2746,3156118,0,0,149.32,386,15854.31,0.00,0.00
21197.29,2746,3165542,0,0,149.34,386,15854.31,0.00,0.00
21257.32,2746,3174795,0,0,149.35,386,15854.31,0.00,0.00
21317.34,2746,3183972,0,0,149.36,386,15854.31,0.00,0.00
21377.39,2746,3193282,0,0,149.38,386,15854.31,0.00,0.00
21437.45,2746,3202573,0,0,149.39,386,15854.31,0.00,0.00
21497.50,2746,3211997,0,0,149.41,386,15854.31,0.00,0.00
21557.53,2746,3221418,0,0,149.43,386,15854.31,0.00,0.00
21617.53,2746,3230937,0,0,149.46,386,15854.31,0.00,0.00
21677.59,2746,3240548,0,0,149.49,386,15854.31,0.00,0.00
21737.63,2746,3250045,0,0,149.51,386,15854.31,0.00,0.00
21797.67,2746,3259412,0,0,149.53,386,15854.31,0.00,0.00
21857.79,2746,3268798,0,0,149.55,386,15854.31,0.00,0.00
21917.79,2746,3277795,0,0,149.55,386,15854.31,0.00,0.00
21977.84,2747,3286169,0,0,149.52,387,21944.28,0.00,0.00
22037.92,2748,3294841,0,0,149.51,387,22031.25,0.00,0.00
22097.95,2748,3304142,0,0,149.52,387,22031.25,0.00,0.00
22158.06,2748,3312807,0,0,149.51,387,22031.25,0.00,0.00
22218.18,2748,3320890,0,0,149.47,387,22031.25,0.00,0.00
22278.19,2748,3329827,0,0,149.47,387,22031.25,0.00,0.00
22338.29,2748,3339356,0,0,149.49,387,22031.25,0.00,0.00
22398.37,2748,3348445,0,0,149.50,387,22031.25,0.00,0.00
22458.46,2748,3357372,0,0,149.49,387,22031.25,0.00,0.00
22518.50,2748,3366448,0,0,149.50,387,22031.25,0.00,0.00
22578.53,2748,3374901,0,0,149.47,387,22031.25,0.00,0.00
22638.64,2748,3384294,0,0,149.49,387,22031.25,0.00,0.00
22698.65,2748,3392832,0,0,149.47,387,22031.25,0.00,0.00
22758.75,2748,3402044,0,0,149.48,387,22031.25,0.00,0.00
22818.81,2748,3411307,0,0,149.50,387,22031.25,0.00,0.00
22878.90,2748,3420412,0,0,149.50,387,22031.25,0.00,0.00
22938.95,2748,3429125,0,0,149.49,387,22031.25,0.00,0.00
22999.00,2748,3437521,0,0,149.46,387,22031.25,0.00,0.00
23059.03,2748,3445238,0,0,149.41,387,22031.25,0.00,0.00
23119.14,2748,3453526,0,0,149.38,387,22031.25,0.00,0.00
23179.16,2748,3462909,0,0,149.40,387,22031.25,0.00,0.00
23239.25,2748,3472324,0,0,149.42,387,22031.25,0.00,0.00
23299.35,2748,3480707,0,0,149.39,387,22031.25,0.00,0.00
23359.47,2748,3489704,0,0,149.39,387,22031.25,0.00,0.00
23419.56,2748,3499052,0,0,149.41,387,22031.25,0.00,0.00
23479.57,2748,3508134,0,0,149.41,387,22031.25,0.00,0.00
23539.64,2748,3517229,0,0,149.42,387,22031.25,0.00,0.00
23599.71,2748,3526080,0,0,149.41,387,22031.25,0.00,0.00
23659.75,2748,3534241,0,0,149.38,387,22031.25,0.00,0.00
23719.82,2748,3542283,0,0,149.34,387,22031.25,0.00,0.00
23779.86,2748,3551087,0,0,149.33,387,22031.25,0.00,0.00
23839.99,2748,3559780,0,0,149.32,387,22031.25,0.00,0.00
23900.08,2748,3567806,0,0,149.28,387,22031.25,0.00,0.00
23960.19,2748,3576585,0,0,149.27,387,22031.25,0.00,0.00
24020.24,2748,3585015,0,0,149.25,387,22031.25,0.00,0.00
24080.33,2748,3592485,0,0,149.19,387,22031.25,0.00,0.00
24140.43,2748,3600843,0,0,149.16,387,22031.25,0.00,0.00
24200.47,2748,3610059,0,0,149.17,387,22031.25,0.00,0.00
24260.54,2748,3618651,0,0,149.16,387,22031.25,0.00,0.00
24320.56,2748,3627243,0,0,149.14,387,22031.25,0.00,0.00
24380.62,2748,3635895,0,0,149.13,387,22031.25,0.00,0.00
24440.65,2748,3645012,0,0,149.14,387,22031.25,0.00,0.00
24500.66,2748,3654436,0,0,149.16,387,22031.25,0.00,0.00
24560.70,2748,3663582,0,0,149.16,387,22031.25,0.00,0.00
24620.72,2748,3672159,0,0,149.15,387,22031.25,0.00,0.00
24680.80,2748,3680261,0,0,149.11,387,22031.25,0.00,0.00
24740.90,2748,3689404,0,0,149.12,387,22031.25,0.00,0.00
24801.01,2748,3698319,0,0,149.12,387,22031.25,0.00,0.00
24861.11,2748,3706645,0,0,149.09,387,22031.25,0.00,0.00
24921.28,2748,3715127,0,0,149.07,387,22031.25,0.00,0.00
24981.30,2748,3723862,0,0,149.07,387,22031.25,0.00,0.00
25041.35,2748,3732141,0,0,149.04,387,22031.25,0.00,0.00
25101.40,2748,3740815,0,0,149.03,387,22031.25,0.00,0.00
25161.54,2748,3749002,0,0,149.00,387,22031.25,0.00,0.00
25221.62,2748,3757186,0,0,148.97,387,22031.25,0.00,0.00
25281.72,2748,3765629,0,0,148.95,387,22031.25,0.00,0.00
25341.88,2749,3774234,0,0,148.93,388,25290.99,0.00,0.00
25401.95,2749,3782728,0,0,148.91,388,25290.99,0.00,0.00
25461.99,2749,3791738,0,0,148.92,388,25290.99,0.00,0.00
25522.06,2749,3800314,0,0,148.90,388,25290.99,0.00,0.00
25582.07,2749,3809109,0,0,148.90,388,25290.99,0.00,0.00
25642.19,2749,3818068,0,0,148.90,388,25290.99,0.00,0.00
25702.30,2749,3825717,0,0,148.85,388,25290.99,0.00,0.00
25762.50,2749,3834455,0,0,148.84,388,25290.99,0.00,0.00
25822.57,2749,3843050,0,0,148.83,388,25290.99,0.00,0.00
25882.63,2749,3852468,0,0,148.84,388,25290.99,0.00,0.00
25942.75,2749,3861082,0,0,148.83,388,25290.99,0.00,0.00
26002.79,2749,3870351,0,0,148.84,388,25290.99,0.00,0.00
26062.80,2749,3879506,0,0,148.85,388,25290.99,0.00,0.00
26122.98,2749,3888285,0,0,148.85,388,25290.99,0.00,0.00
26183.00,2749,3897279,0,0,148.85,388,25290.99,0.00,0.00
26243.03,2749,3906178,0,0,148.85,388,25290.99,0.00,0.00
26303.07,2749,3914735,0,0,148.83,388,25290.99,0.00,0.00
26363.13,2749,3923029,0,0,148.81,388,25290.99,0.00,0.00
26423.23,2749,3931599,0,0,148.79,388,25290.99,0.00,0.00
26483.36,2749,3939618,0,0,148.76,388,25290.99,0.00,0.00
26543.37,2749,3948612,0,0,148.76,388,25290.99,0.00,0.00
26603.40,2749,3957514,0,0,148.76,388,25290.99,0.00,0.00
26663.50,2749,3966704,0,0,148.77,388,25290.99,0.00,0.00
26723.56,2749,3974853,0,0,148.74,388,25290.99,0.00,0.00
26783.61,2749,3983948,0,0,148.75,388,25290.99,0.00,0.00
26843.72,2749,3992546,0,0,148.73,388,25290.99,0.00,0.00
26903.83,2749,4001122,0,0,148.72,388,25290.99,0.00,0.00
26963.88,2749,4009591,0,0,148.70,388,25290.99,0.00,0.00
27023.95,2749,4018598,0,0,148.71,388,25290.99,0.00,0.00
27083.96,2749,4028285,0,0,148.73,388,25290.99,0.00,0.00
27144.06,2749,4036307,0,0,148.70,388,25290.99,0.00,0.00
27204.21,2749,4044883,0,0,148.69,388,25290.99,0.00,0.00
27264.26,2749,4053535,0,0,148.68,388,25290.99,0.00,0.00
27324.42,2749,4062826,0,0,148.69,388,25290.99,0.00,0.00
27384.45,2749,4071558,0,0,148.68,388,25290.99,0.00,0.00
27444.58,2749,4079910,0,0,148.66,388,25290.99,0.00,0.00
27504.63,2749,4088926,0,0,148.66,388,25290.99,0.00,0.00
27564.65,2749,4097502,0,0,148.65,388,25290.99,0.00,0.00
27624.75,2749,4106736,0,0,148.66,388,25290.99,0.00,0.00
27684.87,2749,4115397,0,0,148.65,388,25290.99,0.00,0.00
27744.96,2749,4123767,0,0,148.63,388,25290.99,0.00,0.00
27805.06,2749,4132594,0,0,148.63,388,25290.99,0.00,0.00
27865.18,2749,4141613,0,0,148.63,388,25290.99,0.00,0.00
27925.27,2749,4150104,0,0,148.61,388,25290.99,0.00,0.00
27985.30,2749,4158487,0,0,148.60,388,25290.99,0.00,0.00
28045.35,2749,4167402,0,0,148.60,388,25290.99,0.00,0.00
28105.44,2749,4176336,0,0,148.60,388,25290.99,0.00,0.00
28165.52,2749,4184982,0,0,148.59,388,25290.99,0.00,0.00
28225.61,2749,4193384,0,0,148.57,388,25290.99,0.00,0.00
28285.71,2749,4202043,0,0,148.56,388,25290.99,0.00,0.00
28345.81,2749,4211486,0,0,148.58,388,25290.99,0.00,0.00
28405.91,2749,4220028,0,0,148.56,388,25290.99,0.00,0.00
28466.00,2749,4229003,0,0,148.56,388,25290.99,0.00,0.00
28526.00,2749,4238190,0,0,148.57,388,25290.99,0.00,0.00
28586.09,2749,4246820,0,0,148.56,388,25290.99,0.00,0.00
28646.21,2749,4255561,0,0,148.56,388,25290.99,0.00,0.00
28706.23,2749,4263846,0,0,148.53,388,25290.99,0.00,0.00
28766.26,2749,4273403,0,0,148.56,388,25290.99,0.00,0.00
28826.32,2749,4282166,0,0,148.55,388,25290.99,0.00,0.00
28886.42,2749,4291451,0,0,148.56,388,25290.99,0.00,0.00
28946.43,2749,4300106,0,0,148.55,388,25290.99,0.00,0.00
29006.53,2749,4308784,0,0,148.55,388,25290.99,0.00,0.00
29066.61,2749,4318348,0,0,148.57,388,25290.99,0.00,0.00
29126.71,2749,4327380,0,0,148.57,388,25290.99,0.00,0.00
29186.74,2749,4336380,0,0,148.57,388,25290.99,0.00,0.00
29246.83,2749,4345574,0,0,148.58,388,25290.99,0.00,0.00
29306.86,2749,4354362,0,0,148.58,388,25290.99,0.00,0.00
29366.95,2749,4363653,0,0,148.59,388,25290.99,0.00,0.00
29427.05,2749,4372656,0,0,148.59,388,25290.99,0.00,0.00
29487.11,2749,4381799,0,0,148.60,388,25290.99,0.00,0.00
29547.22,2749,4391087,0,0,148.61,388,25290.99,0.00,0.00
29607.34,2749,4399862,0,0,148.61,388,25290.99,0.00,0.00
29667.36,2749,4408461,0,0,148.60,388,25290.99,0.00,0.00
29727.37,2749,4417822,0,0,148.61,388,25290.99,0.00,0.00
29787.48,2749,4425377,0,0,148.56,388,25290.99,0.00,0.00
29847.53,2749,4433919,0,0,148.55,388,25290.99,0.00,0.00
29907.61,2749,4443473,0,0,148.57,388,25290.99,0.00,0.00
29967.67,2749,4452878,0,0,148.59,388,25290.99,0.00,0.00
30027.71,2749,4461654,0,0,148.58,388,25290.99,0.00,0.00
30087.88,2749,4470961,0,0,148.60,388,25290.99,0.00,0.00
30147.91,2749,4480056,0,0,148.60,388,25290.99,0.00,0.00
30208.02,2749,4488629,0,0,148.59,388,25290.99,0.00,0.00
30268.03,2749,4497648,0,0,148.59,388,25290.99,0.00,0.00
30328.17,2749,4506949,0,0,148.61,388,25290.99,0.00,0.00
30388.17,2749,4515534,0,0,148.60,388,25290.99,0.00,0.00
30448.27,2751,4524195,0,0,148.59,389,30416.83,0.00,0.00
30508.32,2751,4533616,0,0,148.60,389,30416.83,0.00,0.00
30568.39,2753,4542072,0,0,148.59,389,30563.67,0.00,0.00
30628.44,2753,4550430,0,0,148.57,389,30563.67,0.00,0.00
30688.55,2753,4559025,0,0,148.56,389,30563.67,0.00,0.00
30748.59,2753,4567408,0,0,148.54,389,30563.67,0.00,0.00
30808.70,2753,4576253,0,0,148.54,389,30563.67,0.00,0.00
30868.86,2753,4585424,0,0,148.55,389,30563.67,0.00,0.00
30928.90,2753,4594250,0,0,148.54,389,30563.67,0.00,0.00
30989.01,2753,4602437,0,0,148.52,389,30563.67,0.00,0.00
31049.08,2753,4610810,0,0,148.50,389,30563.67,0.00,0.00
31109.18,2753,4619196,0,0,148.48,389,30563.67,0.00,0.00
31169.22,2753,4628108,0,0,148.48,389,30563.67,0.00,0.00
31229.27,2753,4637156,0,0,148.49,389,30563.67,0.00,0.00
31289.31,2753,4646751,0,0,148.51,389,30563.67,0.00,0.00
31349.36,2753,4654976,0,0,148.49,389,30563.67,0.00,0.00
31409.46,2753,4663324,0,0,148.47,389,30563.67,0.00,0.00
31469.53,2753,4672128,0,0,148.47,389,30563.67,0.00,0.00
31529.55,2753,4680913,0,0,148.46,389,30563.67,0.00,0.00
31589.62,2753,4689328,0,0,148.45,389,30563.67,0.00,0.00
31649.67,2753,4697784,0,0,148.43,389,30563.67,0.00,0.00
31709.87,2753,4707018,0,0,148.44,389,30563.67,0.00,0.00
31769.93,2754,4716553,0,0,148.46,390,31712.25,0.00,0.00
31829.95,2754,4725740,0,0,148.47,390,31712.25,0.00,0.00
31890.08,2754,4734677,0,0,148.47,390,31712.25,0.00,0.00
31950.10,2754,4743579,0,0,148.47,390,31712.25,0.00,0.00
32010.14,2754,4751601,0,0,148.44,390,31712.25,0.00,0.00
32070.23,2754,4760338,0,0,148.43,390,31712.25,0.00,0.00
32130.33,2754,4769436,0,0,148.44,390,31712.25,0.00,0.00
32190.40,2754,4777860,0,0,148.42,390,31712.25,0.00,0.00
32250.42,2754,4787332,0,0,148.44,390,31712.25,0.00,0.00
32310.50,2754,4796532,0,0,148.45,390,31712.25,0.00,0.00
32370.53,2754,4805580,0,0,148.46,390,31712.25,0.00,0.00
32430.55,2754,4814593,0,0,148.46,390,31712.25,0.00,0.00
32490.61,2754,4822960,0,0,148.44,390,31712.25,0.00,0.00
32550.87,2755,4832074,0,0,148.45,391,32518.39,0.00,0.00
32610.93,2755,4840941,0,0,148.45,391,32518.39,0.00,0.00
32670.94,2755,4849344,0,0,148.43,391,32518.39,0.00,0.00
32731.06,2755,4857620,0,0,148.41,391,32518.39,0.00,0.00
32791.13,2755,4866326,0,0,148.40,391,32518.39,0.00,0.00
32851.25,2755,4875460,0,0,148.41,391,32518.39,0.00,0.00
32911.37,2755,4883527,0,0,148.38,391,32518.39,0.00,0.00
32971.42,2755,4892467,0,0,148.39,391,32518.39,0.00,0.00
33031.51,2755,4900654,0,0,148.36,391,32518.39,0.00,0.00
33091.59,2755,4909350,0,0,148.36,391,32518.39,0.00,0.00
33151.66,2755,4918474,0,0,148.36,391,32518.39,0.00,0.00
33211.81,2755,4926043,0,0,148.32,391,32518.39,0.00,0.00
33271.86,2755,4933429,0,0,148.28,391,32518.39,0.00,0.00
33331.92,2755,4942527,0,0,148.28,391,32518.39,0.00,0.00
33391.98,2755,4950979,0,0,148.27,391,32518.39,0.00,0.00
33452.01,2755,4959511,0,0,148.26,391,32518.39,0.00,0.00
33512.16,2755,4968264,0,0,148.25,391,32518.39,0.00,0.00
33572.27,2755,4976368,0,0,148.23,391,32518.39,0.00,0.00
33632.33,2755,4984536,0,0,148.21,391,32518.39,0.00,0.00
33692.38,2755,4993438,0,0,148.21,391,32518.39,0.00,0.00
33752.44,2755,5002131,0,0,148.20,391,32518.39,0.00,0.00
33812.49,2755,5010479,0,0,148.18,391,32518.39,0.00,0.00
33872.64,2755,5018922,0,0,148.17,391,32518.39,0.00,0.00
33932.64,2755,5026833,0,0,148.14,391,32518.39,0.00,0.00
33992.66,2755,5035643,0,0,148.14,391,32518.39,0.00,0.00
34052.70,2755,5044738,0,0,148.15,391,32518.39,0.00,0.00
34112.73,2755,5054099,0,0,148.16,391,32518.39,0.00,0.00
34172.85,2755,5063080,0,0,148.16,391,32518.39,0.00,0.00
34232.92,2755,5071865,0,0,148.16,391,32518.39,0.00,0.00
34293.00,2755,5080783,0,0,148.16,391,32518.39,0.00,0.00
34353.10,2755,5089099,0,0,148.14,391,32518.39,0.00,0.00
34413.16,2755,5097678,0,0,148.13,391,32518.39,0.00,0.00
34473.25,2755,5106077,0,0,148.12,391,32518.39,0.00,0.00
34533.27,2755,5114596,0,0,148.11,391,32518.39,0.00,0.00
34593.32,2755,5123156,0,0,148.10,391,32518.39,0.00,0.00
34653.37,2755,5131906,0,0,148.09,391,32518.39,0.00,0.00
34713.49,2755,5140764,0,0,148.09,391,32518.39,0.00,0.00
34773.50,2755,5148812,0,0,148.07,391,32518.39,0.00,0.00
34833.55,2755,5157866,0,0,148.07,391,32518.39,0.00,0.00
34893.67,2755,5165180,0,0,148.03,391,32518.39,0.00,0.00
34953.68,2755,5174620,0,0,148.04,391,32518.39,0.00,0.00
35013.77,2755,5183791,0,0,148.05,391,32518.39,0.00,0.00
35073.79,2755,5193535,0,0,148.07,391,32518.39,0.00,0.00
35133.90,2755,5203070,0,0,148.09,391,32518.39,0.00,0.00
35194.04,2755,5212178,0,0,148.10,391,32518.39,0.00,0.00
35254.07,2755,5220922,0,0,148.09,391,32518.39,0.00,0.00
35314.16,2755,5229508,0,0,148.09,391,32518.39,0.00,0.00
35374.34,2755,5237604,0,0,148.06,391,32518.39,0.00,0.00
35434.38,2755,5246218,0,0,148.05,391,32518.39,0.00,0.00
35494.44,2755,5254870,0,0,148.05,391,32518.39,0.00,0.00
35554.50,2755,5264256,0,0,148.06,391,32518.39,0.00,0.00
35614.53,2755,5273044,0,0,148.06,391,32518.39,0.00,0.00
35674.69,2755,5281434,0,0,148.04,391,32518.39,0.00,0.00
35734.73,2755,5290254,0,0,148.04,391,32518.39,0.00,0.00
35794.76,2755,5298621,0,0,148.03,391,32518.39,0.00,0.00
35854.82,2755,5307634,0,0,148.03,391,32518.39,0.00,0.00
35914.82,2755,5315891,0,0,148.01,391,32518.39,0.00,0.00
35974.84,2755,5323929,0,0,147.99,391,32518.39,0.00,0.00
36034.93,2755,5332103,0,0,147.97,391,32518.39,0.00,0.00
36094.98,2757,5340936,0,0,147.97,392,36075.64,0.00,0.00
36155.06,2757,5349218,0,0,147.95,392,36075.64,0.00,0.00
36215.12,2757,5357351,0,0,147.93,392,36075.64,0.00,0.00
36275.32,2757,5366231,0,0,147.93,392,36075.64,0.00,0.00
36335.35,2757,5375440,0,0,147.94,392,36075.64,0.00,0.00
36395.44,2757,5384703,0,0,147.95,392,36075.64,0.00,0.00
36455.47,2757,5394029,0,0,147.96,392,36075.64,0.00,0.00
36515.50,2757,5402168,0,0,147.94,392,36075.64,0.00,0.00
36575.56,2757,5411146,0,0,147.94,392,36075.64,0.00,0.00
36635.74,2757,5420447,0,0,147.96,392,36075.64,0.00,0.00
36695.81,2757,5428700,0,0,147.94,392,36075.64,0.00,0.00
36755.92,2757,5436988,0,0,147.92,392,36075.64,0.00,0.00
36815.94,2757,5445792,0,0,147.92,392,36075.64,0.00,0.00
36875.98,2757,5453571,0,0,147.89,392,36075.64,0.00,0.00
36936.02,2757,5462128,0,0,147.88,392,36075.64,0.00,0.00
36996.11,2757,5470970,0,0,147.88,392,36075.64,0.00,0.00
37056.23,2757,5479875,0,0,147.88,392,36075.64,0.00,0.00
37116.31,2757,5488932,0,0,147.88,392,36075.64,0.00,0.00
37176.45,2757,5496869,0,0,147.86,392,36075.64,0.00,0.00
37236.53,2757,5505116,0,0,147.84,392,36075.64,0.00,0.00
37296.63,2757,5514882,0,0,147.87,392,36075.64,0.00,0.00
37356.73,2757,5523879,0,0,147.87,392,36075.64,0.00,0.00
37416.74,2757,5533357,0,0,147.88,392,36075.64,0.00,0.00
37476.78,2757,5541797,0,0,147.87,392,36075.64,0.00,0.00
37536.89,2757,5550493,0,0,147.87,392,36075.64,0.00,0.00
37596.98,2757,5558854,0,0,147.85,392,36075.64,0.00,0.00
37657.07,2757,5567946,0,0,147.86,392,36075.64,0.00,0.00
37717.17,2757,5576816,0,0,147.86,392,36075.64,0.00,0.00
37777.22,2757,5586079,0,0,147.87,392,36075.64,0.00,0.00
37837.33,2757,5595804,0,0,147.89,392,36075.64,0.00,0.00
37897.39,2847,5604330,0,0,147.88,394,37886.16,0.00,0.00
37957.57,2852,5613735,0,0,147.90,398,37930.99,0.00,0.00
38017.65,2853,5623436,0,0,147.92,399,37987.77,0.00,0.00
38077.81,2855,5633270,0,0,147.94,401,38054.46,0.00,0.00
38137.90,2858,5642426,0,0,147.95,403,38129.61,0.00,0.00
38197.96,2865,5651798,0,0,147.96,405,38157.65,0.00,0.00
38258.18,2869,5661104,0,0,147.97,407,38246.51,0.00,0.00
38318.21,2872,5670079,0,0,147.97,408,38299.83,0.00,0.00
38378.43,2873,5678919,0,0,147.97,409,38326.15,0.00,0.00
38438.58,2874,5688142,0,0,147.98,410,38400.52,0.00,0.00
38498.59,2880,5697033,0,0,147.98,412,38474.78,0.00,0.00
38558.73,2884,5706553,0,0,148.00,414,38538.77,0.00,0.00
38618.76,2888,5715347,0,0,147.99,416,38600.11,0.00,0.00
38678.86,2888,5724371,0,0,148.00,416,38600.11,0.00,0.00
38739.05,2890,5732950,0,0,147.99,418,38730.71,0.00,0.00
38799.25,2898,5741992,0,0,147.99,420,38788.08,0.00,0.00
38859.42,2904,5751149,0,0,148.00,423,38853.07,0.00,0.00
38919.51,2904,5759844,0,0,147.99,423,38853.07,0.00,0.00
38979.54,2904,5768407,0,0,147.99,423,38853.07,0.00,0.00
39040.41,3118,5777979,0,0,148.00,429,39037.77,0.00,0.00
39100.50,3128,5786817,0,0,148.00,433,39091.67,0.00,0.00
39160.63,3136,5795655,0,0,148.00,437,39149.76,0.00,0.00
39220.92,3139,5804671,0,0,148.00,439,39208.39,0.00,0.00
39281.09,3140,5813973,0,0,148.01,440,39255.28,0.00,0.00
39341.17,3143,5823455,0,0,148.02,441,39312.75,0.00,0.00
39401.19,3143,5832441,0,0,148.03,441,39312.75,0.00,0.00
39461.28,3145,5841501,0,0,148.03,443,39455.03,0.00,0.00
39521.42,3145,5849833,0,0,148.02,443,39455.03,0.00,0.00
39581.58,3146,5858293,0,0,148.01,444,39549.93,0.00,0.00
39641.78,3150,5865719,0,0,147.97,445,39614.38,0.00,0.00
39701.83,3150,5874063,0,0,147.95,445,39614.38,0.00,0.00
39762.11,3150,5883349,0,0,147.96,445,39614.38,0.00,0.00
39822.26,3150,5892875,0,0,147.98,445,39614.38,0.00,0.00
39882.56,3150,5901967,0,0,147.98,445,39614.38,0.00,0.00
39942.58,3153,5910551,0,0,147.98,447,39908.12,0.00,0.00
40002.76,3153,5919853,0,0,147.99,447,39908.12,0.00,0.00
40062.76,3155,5928855,0,0,147.99,449,40062.21,0.00,0.00
40122.81,3159,5937931,0,0,147.99,450,40106.37,0.00,0.00
40183.09,3161,5947517,0,0,148.01,451,40124.81,0.00,0.00
40243.20,3175,5955845,0,0,148.00,453,40228.25,0.00,0.00
40303.22,3175,5965357,0,0,148.01,453,40228.25,0.00,0.00
40363.25,3175,5973011,0,0,147.98,453,40228.25,0.00,0.00
40423.29,3175,5982315,0,0,147.99,453,40228.25,0.00,0.00
40483.45,3177,5991077,0,0,147.99,454,40434.97,0.00,0.00
40543.63,3177,6000365,0,0,148.00,454,40434.97,0.00,0.00
40603.74,3179,6009397,0,0,148.00,456,40585.18,0.00,0.00
40663.82,3179,6018143,0,0,148.00,456,40585.18,0.00,0.00
40723.89,3179,6027285,0,0,148.00,456,40585.18,0.00,0.00
40784.07,3179,6035555,0,0,147.99,456,40585.18,0.00,0.00
40844.17,3179,6044975,0,0,148.00,456,40585.18,0.00,0.00
40904.19,3179,6053691,0,0,148.00,456,40585.18,0.00,0.00
40964.32,3179,6062619,0,0,148.00,456,40585.18,0.00,0.00
41024.35,3179,6070949,0,0,147.98,456,40585.18,0.00,0.00
41084.50,3179,6079907,0,0,147.99,456,40585.18,0.00,0.00
41144.65,3179,6087817,0,0,147.96,456,40585.18,0.00,0.00
41204.78,3179,6096773,0,0,147.96,456,40585.18,0.00,0.00
41264.89,3180,6105011,0,0,147.95,457,41246.64,0.00,0.00
41324.94,3180,6114147,0,0,147.95,457,41246.64,0.00,0.00
41384.94,3181,6123613,0,0,147.97,458,41325.94,0.00,0.00
41445.06,3181,6133003,0,0,147.98,458,41325.94,0.00,0.00
41505.14,3181,6142335,0,0,147.99,458,41325.94,0.00,0.00
41565.23,3181,6150571,0,0,147.97,458,41325.94,0.00,0.00
41625.37,3181,6160007,0,0,147.99,458,41325.94,0.00,0.00
41685.56,3181,6168813,0,0,147.98,458,41325.94,0.00,0.00
41745.63,3182,6177589,0,0,147.98,459,41730.30,0.00,0.00
41805.74,3188,6186125,0,0,147.97,460,41789.17,0.00,0.00
41865.84,3188,6194857,0,0,147.97,460,41789.17,0.00,0.00
41926.05,3188,6203469,0,0,147.96,460,41789.17,0.00,0.00
41986.15,3188,6212619,0,0,147.97,460,41789.17,0.00,0.00
42046.26,3188,6221011,0,0,147.96,460,41789.17,0.00,0.00
42106.28,3189,6230387,0,0,147.97,461,42082.60,0.00,0.00
42166.56,3189,6239031,0,0,147.96,461,42082.60,0.00,0.00
42226.74,3189,6247045,0,0,147.94,461,42082.60,0.00,0.00
42286.77,3189,6255881,0,0,147.94,461,42082.60,0.00,0.00
42346.79,3189,6264837,0,0,147.94,461,42082.60,0.00,0.00
42406.82,3189,6273897,0,0,147.95,461,42082.60,0.00,0.00
42466.95,3189,6283063,0,0,147.95,461,42082.60,0.00,0.00
42527.01,3189,6291407,0,0,147.94,461,42082.60,0.00,0.00
42587.16,3189,6300499,0,0,147.94,461,42082.60,0.00,0.00
42647.32,3189,6309337,0,0,147.94,461,42082.60,0.00,0.00
42707.37,3189,6318607,0,0,147.95,461,42082.60,0.00,0.00
42767.61,3189,6327233,0,0,147.94,461,42082.60,0.00,0.00
42827.69,3189,6335785,0,0,147.94,461,42082.60,0.00,0.00
42887.83,3191,6345071,0,0,147.95,462,42861.48,0.00,0.00
42947.95,3191,6353161,0,0,147.93,462,42861.48,0.00,0.00
43008.04,3191,6361997,0,0,147.93,462,42861.48,0.00,0.00
43068.21,3193,6370249,0,0,147.91,463,43035.01,0.00,0.00
43128.23,3193,6379759,0,0,147.93,463,43035.01,0.00,0.00
43188.35,3193,6388609,0,0,147.92,463,43035.01,0.00,0.00
43248.40,3193,6397955,0,0,147.94,463,43035.01,0.00,0.00
43308.54,3193,6406703,0,0,147.93,463,43035.01,0.00,0.00
43368.56,3193,6415529,0,0,147.93,463,43035.01,0.00,0.00
43428.73,3193,6424035,0,0,147.92,463,43035.01,0.00,0.00
43488.78,3193,6433125,0,0,147.93,463,43035.01,0.00,0.00
43548.92,3193,6442845,0,0,147.95,463,43035.01,0.00,0.00
43609.01,3195,6451367,0,0,147.94,464,43580.55,0.00,0.00
43669.02,3196,6460967,0,0,147.95,465,43635.23,0.00,0.00
43729.24,3196,6469893,0,0,147.95,465,43635.23,0.00,0.00
43789.25,3196,6478671,0,0,147.95,465,43635.23,0.00,0.00
43849.36,3196,6487749,0,0,147.96,465,43635.23,0.00,0.00
43909.55,3196,6496405,0,0,147.95,465,43635.23,0.00,0.00
43969.63,3196,6505511,0,0,147.95,465,43635.23,0.00,0.00
44029.68,3196,6514137,0,0,147.95,465,43635.23,0.00,0.00
44089.73,3196,6522737,0,0,147.94,465,43635.23,0.00,0.00
44149.75,3196,6530723,0,0,147.92,465,43635.23,0.00,0.00
44209.86,3197,6540085,0,0,147.93,466,44182.78,0.00,0.00
44269.89,3197,6548771,0,0,147.93,466,44182.78,0.00,0.00
44329.92,3197,6558057,0,0,147.94,466,44182.78,0.00,0.00
44390.08,3197,6566937,0,0,147.94,466,44182.78,0.00,0.00
44450.29,3197,6576043,0,0,147.94,466,44182.78,0.00,0.00
44510.43,3197,6584865,0,0,147.94,466,44182.78,0.00,0.00
44570.44,3197,6593685,0,0,147.94,466,44182.78,0.00,0.00
44630.46,3197,6602439,0,0,147.94,466,44182.78,0.00,0.00
44690.58,3197,6610721,0,0,147.92,466,44182.78,0.00,0.00
44750.62,3197,6619129,0,0,147.91,466,44182.78,0.00,0.00
44810.85,3197,6627681,0,0,147.90,466,44182.78,0.00,0.00
44871.12,3197,6636683,0,0,147.91,466,44182.78,0.00,0.00
44931.29,3197,6645429,0,0,147.90,466,44182.78,0.00,0.00
44991.46,3197,6653413,0,0,147.88,466,44182.78,0.00,0.00
45051.57,3197,6661431,0,0,147.86,466,44182.78,0.00,0.00
45111.59,3197,6669761,0,0,147.85,466,44182.78,0.00,0.00
45171.64,3217,6678020,0,0,147.84,470,45154.43,0.00,0.00
45231.74,3217,6686316,0,0,147.82,470,45154.43,0.00,0.00
45291.86,3217,6695780,0,0,147.84,470,45154.43,0.00,0.00
45351.88,3217,6705472,0,0,147.85,470,45154.43,0.00,0.00
45411.95,3217,6714688,0,0,147.86,470,45154.43,0.00,0.00
45472.09,3217,6723644,0,0,147.86,470,45154.43,0.00,0.00
45532.23,3217,6732540,0,0,147.86,470,45154.43,0.00,0.00
45592.37,3217,6742172,0,0,147.88,470,45154.43,0.00,0.00
45652.52,3217,6750364,0,0,147.86,470,45154.43,0.00,0.00
45712.63,3217,6759352,0,0,147.87,470,45154.43,0.00,0.00
45772.76,3218,6768412,0,0,147.87,471,45728.04,0.00,0.00
45832.84,3218,6777364,0,0,147.87,471,45728.04,0.00,0.00
45892.86,3220,6785964,0,0,147.87,472,45885.17,0.00,0.00
45953.05,3220,6794608,0,0,147.86,472,45885.17,0.00,0.00
46013.17,3220,6803364,0,0,147.86,472,45885.17,0.00,0.00
46073.25,3220,6812048,0,0,147.85,472,45885.17,0.00,0.00
46133.28,3220,6820900,0,0,147.85,472,45885.17,0.00,0.00
46193.44,3220,6829824,0,0,147.85,472,45885.17,0.00,0.00
46253.64,3220,6838772,0,0,147.85,472,45885.17,0.00,0.00
46313.80,3220,6846988,0,0,147.84,472,45885.17,0.00,0.00
46373.91,3220,6855632,0,0,147.83,472,45885.17,0.00,0.00
46434.00,3220,6863868,0,0,147.82,472,45885.17,0.00,0.00
46494.11,3220,6872852,0,0,147.82,472,45885.17,0.00,0.00
46554.15,3220,6882220,0,0,147.83,472,45885.17,0.00,0.00
46614.20,3220,6890336,0,0,147.82,472,45885.17,0.00,0.00
46674.26,3220,6899144,0,0,147.81,472,45885.17,0.00,0.00
46734.35,3220,6907372,0,0,147.80,472,45885.17,0.00,0.00
46794.38,3220,6916632,0,0,147.81,472,45885.17,0.00,0.00
46854.38,3221,6924780,0,0,147.79,473,46805.00,0.00,0.00
46914.62,3221,6934096,0,0,147.80,473,46805.00,0.00,0.00
46974.71,3221,6942672,0,0,147.80,473,46805.00,0.00,0.00
47034.84,3221,6950912,0,0,147.78,473,46805.00,0.00,0.00
47094.89,3221,6960348,0,0,147.79,473,46805.00,0.00,0.00
47154.98,3221,6968864,0,0,147.79,473,46805.00,0.00,0.00
47215.06,3221,6977548,0,0,147.78,473,46805.00,0.00,0.00
47275.22,3221,6985968,0,0,147.77,473,46805.00,0.00,0.00
47335.26,3221,6995172,0,0,147.78,473,46805.00,0.00,0.00
47395.29,3221,7003488,0,0,147.77,473,46805.00,0.00,0.00
47455.34,3221,7012240,0,0,147.77,473,46805.00,0.00,0.00
47515.38,3221,7021232,0,0,147.77,473,46805.00,0.00,0.00
47575.50,3221,7029916,0,0,147.76,473,46805.00,0.00,0.00
47635.51,3221,7037804,0,0,147.74,473,46805.00,0.00,0.00
47695.62,3221,7046848,0,0,147.75,473,46805.00,0.00,0.00
47755.75,3221,7055800,0,0,147.75,473,46805.00,0.00,0.00
47815.80,3221,7064664,0,0,147.75,473,46805.00,0.00,0.00
47875.94,3221,7073128,0,0,147.74,473,46805.00,0.00,0.00
47936.02,3223,7082124,0,0,147.74,474,47883.43,0.00,0.00
47996.16,3223,7091028,0,0,147.74,474,47883.43,0.00,0.00
48056.31,3223,7100368,0,0,147.75,474,47883.43,0.00,0.00
48116.33,3223,7109140,0,0,147.75,474,47883.43,0.00,0.00
48176.35,3223,7118284,0,0,147.75,474,47883.43,0.00,0.00
48236.61,3223,7126412,0,0,147.74,474,47883.43,0.00,0.00
48296.62,3223,7134644,0,0,147.73,474,47883.43,0.00,0.00
48356.63,3223,7143716,0,0,147.73,474,47883.43,0.00,0.00
48416.69,3224,7152076,0,0,147.72,475,48384.26,0.00,0.00
48476.97,3224,7161084,0,0,147.72,475,48384.26,0.00,0.00
48537.03,3225,7169060,0,0,147.70,476,48479.18,0.00,0.00
48597.15,3225,7177552,0,0,147.69,476,48479.18,0.00,0.00
48657.25,3225,7187004,0,0,147.71,476,48479.18,0.00,0.00
48717.40,3225,7195776,0,0,147.70,476,48479.18,0.00,0.00
48777.51,3225,7203848,0,0,147.69,476,48479.18,0.00,0.00
48837.62,3225,7212672,0,0,147.69,476,48479.18,0.00,0.00
48897.66,3225,7221052,0,0,147.68,476,48479.18,0.00,0.00
48957.83,3238,7229092,0,0,147.66,477,48922.97,0.00,0.00
49018.01,3238,7237248,0,0,147.64,477,48922.97,0.00,0.00
49078.11,3238,7245824,0,0,147.64,477,48922.97,0.00,0.00
49138.18,3238,7254128,0,0,147.63,477,48922.97,0.00,0.00
49198.39,3238,7262332,0,0,147.61,477,48922.97,0.00,0.00
49258.56,3238,7271516,0,0,147.62,477,48922.97,0.00,0.00
49318.69,3238,7280032,0,0,147.61,477,48922.97,0.00,0.00
49378.89,3238,7288992,0,0,147.61,477,48922.97,0.00,0.00
49438.94,3238,7298192,0,0,147.62,477,48922.97,0.00,0.00
49499.00,3238,7306180,0,0,147.60,477,48922.97,0.00,0.00
49559.09,3238,7315352,0,0,147.61,477,48922.97,0.00,0.00
49619.26,3238,7324592,0,0,147.62,477,48922.97,0.00,0.00
49679.40,3238,7333792,0,0,147.62,477,48922.97,0.00,0.00
49739.54,3238,7343008,0,0,147.63,477,48922.97,0.00,0.00
49799.68,3238,7351836,0,0,147.63,477,48922.97,0.00,0.00
49859.86,3238,7360896,0,0,147.63,477,48922.97,0.00,0.00
49919.98,3238,7369552,0,0,147.63,477,48922.97,0.00,0.00
49980.14,3238,7377708,0,0,147.61,477,48922.97,0.00,0.00
50040.26,3238,7386824,0,0,147.62,477,48922.97,0.00,0.00
50100.46,3238,7394852,0,0,147.60,477,48922.97,0.00,0.00
50160.47,3238,7402948,0,0,147.59,477,48922.97,0.00,0.00
50220.56,3238,7411512,0,0,147.58,477,48922.97,0.00,0.00
50280.67,3238,7420376,0,0,147.58,477,48922.97,0.00,0.00
50340.74,3238,7429436,0,0,147.58,477,48922.97,0.00,0.00
50400.94,3238,7438692,0,0,147.59,477,48922.97,0.00,0.00
50461.10,3238,7447868,0,0,147.60,477,48922.97,0.00,0.00
50521.13,3238,7456556,0,0,147.59,477,48922.97,0.00,0.00
50581.29,3238,7466036,0,0,147.60,477,48922.97,0.00,0.00
50641.37,3238,7475752,0,0,147.62,477,48922.97,0.00,0.00
50701.42,3238,7484692,0,0,147.62,477,48922.97,0.00,0.00
50761.58,3238,7493344,0,0,147.62,477,48922.97,0.00,0.00
50821.66,3238,7501944,0,0,147.61,477,48922.97,0.00,0.00
50881.76,3238,7510948,0,0,147.62,477,48922.97,0.00,0.00
50941.95,3239,7520160,0,0,147.62,478,50921.51,0.00,0.00
51002.00,3239,7529196,0,0,147.63,478,50921.51,0.00,0.00
51062.01,3239,7537796,0,0,147.62,478,50921.51,0.00,0.00
51122.14,3239,7546476,0,0,147.62,478,50921.51,0.00,0.00
51182.23,3239,7554864,0,0,147.61,478,50921.51,0.00,0.00
51242.34,3239,7563996,0,0,147.61,478,50921.51,0.00,0.00
51302.37,3239,7572560,0,0,147.61,478,50921.51,0.00,0.00
51362.53,3239,7581028,0,0,147.60,478,50921.51,0.00,0.00
51422.64,3239,7590116,0,0,147.60,478,50921.51,0.00,0.00
51482.72,3239,7599568,0,0,147.61,478,50921.51,0.00,0.00
51542.84,3239,7608240,0,0,147.61,478,50921.51,0.00,0.00
51602.91,3239,7617272,0,0,147.61,478,50921.51,0.00,0.00
51662.98,3239,7625864,0,0,147.61,478,50921.51,0.00,0.00
51723.09,3239,7634120,0,0,147.60,478,50921.51,0.00,0.00
51783.23,3239,7642680,0,0,147.59,478,50921.51,0.00,0.00
51843.34,3239,7650960,0,0,147.58,478,50921.51,0.00,0.00
51903.37,3239,7659644,0,0,147.58,478,50921.51,0.00,0.00
51963.44,3239,7668256,0,0,147.57,478,50921.51,0.00,0.00
52023.53,3239,7677080,0,0,147.57,478,50921.51,0.00,0.00
52083.68,3240,7685900,0,0,147.57,479,52064.96,0.00,0.00
52143.76,3240,7695148,0,0,147.58,479,52064.96,0.00,0.00
52203.83,3240,7704180,0,0,147.58,479,52064.96,0.00,0.00
52263.96,3241,7713328,0,0,147.58,480,52216.20,0.00,0.00
52324.07,3241,7722268,0,0,147.59,480,52216.20,0.00,0.00
52384.10,3241,7731428,0,0,147.59,480,52216.20,0.00,0.00
52444.12,3241,7739572,0,0,147.58,480,52216.20,0.00,0.00
52504.19,3241,7748968,0,0,147.59,480,52216.20,0.00,0.00
52564.27,3241,7757456,0,0,147.58,480,52216.20,0.00,0.00
52624.42,3241,7766224,0,0,147.58,480,52216.20,0.00,0.00
52684.48,3241,7774520,0,0,147.57,480,52216.20,0.00,0.00
52744.55,3241,7783260,0,0,147.57,480,52216.20,0.00,0.00
52804.62,3241,7792280,0,0,147.57,480,52216.20,0.00,0.00
52864.74,3241,7801300,0,0,147.57,480,52216.20,0.00,0.00
52924.82,3241,7810568,0,0,147.58,480,52216.20,0.00,0.00
52984.93,3241,7819704,0,0,147.58,480,52216.20,0.00,0.00
53044.99,3241,7828916,0,0,147.59,480,52216.20,0.00,0.00
53105.04,3241,7837616,0,0,147.59,480,52216.20,0.00,0.00
53165.06,3241,7846596,0,0,147.59,480,52216.20,0.00,0.00
53225.20,3242,7855588,0,0,147.59,481,53185.85,0.00,0.00
53285.25,3242,7864536,0,0,147.59,481,53185.85,0.00,0.00
53345.31,3242,7873164,0,0,147.59,481,53185.85,0.00,0.00
53405.35,3242,7881488,0,0,147.58,481,53185.85,0.00,0.00
53465.43,3242,7890284,0,0,147.58,481,53185.85,0.00,0.00
53525.49,3242,7898732,0,0,147.57,481,53185.85,0.00,0.00
53585.57,3242,7908112,0,0,147.58,481,53185.85,0.00,0.00
53645.58,3242,7917428,0,0,147.59,481,53185.85,0.00,0.00
53705.63,3242,7926864,0,0,147.60,481,53185.85,0.00,0.00
53765.76,3242,7935744,0,0,147.60,481,53185.85,0.00,0.00
53825.84,3242,7944208,0,0,147.59,481,53185.85,0.00,0.00
53885.96,3242,7953296,0,0,147.59,481,53185.85,0.00,0.00
53945.99,3242,7962396,0,0,147.60,481,53185.85,0.00,0.00
54006.13,3242,7970952,0,0,147.59,481,53185.85,0.00,0.00
54066.21,3242,7979988,0,0,147.60,481,53185.85,0.00,0.00
54126.22,3242,7989284,0,0,147.60,481,53185.85,0.00,0.00
54186.32,3242,7998444,0,0,147.61,481,53185.85,0.00,0.00
54246.42,3242,8007468,0,0,147.61,481,53185.85,0.00,0.00
54306.53,3242,8016192,0,0,147.61,481,53185.85,0.00,0.00
54366.64,3242,8025380,0,0,147.62,481,53185.85,0.00,0.00
54426.81,3242,8034844,0,0,147.63,481,53185.85,0.00,0.00
54486.99,3242,8043376,0,0,147.62,481,53185.85,0.00,0.00
54547.08,3242,8052464,0,0,147.62,481,53185.85,0.00,0.00
54607.21,3242,8060900,0,0,147.62,481,53185.85,0.00,0.00
54667.33,3242,8069940,0,0,147.62,481,53185.85,0.00,0.00
54727.38,3243,8078624,0,0,147.62,482,54686.15,0.00,0.00
54787.50,3243,8087296,0,0,147.61,482,54686.15,0.00,0.00
54847.53,3243,8096564,0,0,147.62,482,54686.15,0.00,0.00
54907.76,3243,8105696,0,0,147.62,482,54686.15,0.00,0.00
54967.81,3243,8115164,0,0,147.63,482,54686.15,0.00,0.00
55027.99,3243,8123988,0,0,147.63,482,54686.15,0.00,0.00
55088.17,3243,8132552,0,0,147.63,482,54686.15,0.00,0.00
55148.35,3244,8141360,0,0,147.63,483,55094.50,0.00,0.00
55208.36,3244,8150420,0,0,147.63,483,55094.50,0.00,0.00
55268.47,3244,8159772,0,0,147.64,483,55094.50,0.00,0.00
55328.62,3244,8169044,0,0,147.65,483,55094.50,0.00,0.00
55388.66,3244,8177468,0,0,147.64,483,55094.50,0.00,0.00
55448.85,3244,8186420,0,0,147.64,483,55094.50,0.00,0.00
55509.01,3244,8195608,0,0,147.64,483,55094.50,0.00,0.00
55569.10,3244,8204808,0,0,147.65,483,55094.50,0.00,0.00
55629.23,3244,8213164,0,0,147.64,483,55094.50,0.00,0.00
55689.43,3244,8222292,0,0,147.65,483,55094.50,0.00,0.00
55749.58,3244,8231340,0,0,147.65,483,55094.50,0.00,0.00
55809.75,3244,8240056,0,0,147.65,483,55094.50,0.00,0.00
55869.79,3244,8248840,0,0,147.64,483,55094.50,0.00,0.00
55930.02,3244,8257216,0,0,147.63,483,55094.50,0.00,0.00
55990.22,3244,8265120,0,0,147.62,483,55094.50,0.00,0.00
56050.37,3244,8273904,0,0,147.62,483,55094.50,0.00,0.00
56110.47,3244,8283076,0,0,147.62,483,55094.50,0.00,0.00
56170.65,3244,8291312,0,0,147.61,483,55094.50,0.00,0.00
56230.70,3244,8299800,0,0,147.60,483,55094.50,0.00,0.00
56290.83,3244,8308320,0,0,147.60,483,55094.50,0.00,0.00
56350.97,3244,8317408,0,0,147.60,483,55094.50,0.00,0.00
56411.08,3244,8326112,0,0,147.60,483,55094.50,0.00,0.00
56471.24,3244,8335124,0,0,147.60,483,55094.50,0.00,0.00
56531.35,3244,8343916,0,0,147.60,483,55094.50,0.00,0.00
56591.47,3244,8353136,0,0,147.60,483,55094.50,0.00,0.00
56651.56,3244,8361336,0,0,147.59,483,55094.50,0.00,0.00
56711.62,3244,8370088,0,0,147.59,483,55094.50,0.00,0.00
56771.71,3244,8379000,0,0,147.59,483,55094.50,0.00,0.00
56831.77,3244,8387948,0,0,147.59,483,55094.50,0.00,0.00
56891.84,3244,8396664,0,0,147.59,483,55094.50,0.00,0.00
56952.02,3244,8405848,0,0,147.60,483,55094.50,0.00,0.00
57012.10,3244,8414880,0,0,147.60,483,55094.50,0.00,0.00
57072.21,3244,8423608,0,0,147.60,483,55094.50,0.00,0.00
57132.36,3244,8432708,0,0,147.60,483,55094.50,0.00,0.00
57192.43,3244,8440964,0,0,147.59,483,55094.50,0.00,0.00
57252.49,3244,8449216,0,0,147.58,483,55094.50,0.00,0.00
57312.56,3244,8457844,0,0,147.57,483,55094.50,0.00,0.00
57372.76,3244,8466668,0,0,147.57,483,55094.50,0.00,0.00
57432.90,3244,8475384,0,0,147.57,483,55094.50,0.00,0.00
57493.06,3244,8483980,0,0,147.57,483,55094.50,0.00,0.00
57553.12,3246,8492712,0,0,147.56,484,57530.23,0.00,0.00
57613.29,3246,8501196,0,0,147.56,484,57530.23,0.00,0.00
57673.40,3246,8509644,0,0,147.55,484,57530.23,0.00,0.00
57733.44,3246,8518396,0,0,147.55,484,57530.23,0.00,0.00
57793.55,3246,8526540,0,0,147.53,484,57530.23,0.00,0.00
57853.67,3246,8535296,0,0,147.53,484,57530.23,0.00,0.00
57913.72,3246,8543940,0,0,147.53,484,57530.23,0.00,0.00
57973.77,3246,8552820,0,0,147.53,484,57530.23,0.00,0.00
58033.90,3246,8562200,0,0,147.54,484,57530.23,0.00,0.00
58093.96,3246,8569988,0,0,147.52,484,57530.23,0.00,0.00
58154.11,3246,8579048,0,0,147.52,484,57530.23,0.00,0.00
58214.14,3246,8587804,0,0,147.52,484,57530.23,0.00,0.00
58274.14,3246,8596752,0,0,147.52,484,57530.23,0.00,0.00
58334.17,3246,8606132,0,0,147.53,484,57530.23,0.00,0.00
58394.44,3246,8614992,0,0,147.53,484,57530.23,0.00,0.00
58454.59,3246,8624236,0,0,147.54,484,57530.23,0.00,0.00
58514.76,3246,8633756,0,0,147.55,484,57530.23,0.00,0.00
58574.89,3246,8643488,0,0,147.56,484,57530.23,0.00,0.00
58634.94,3246,8652980,0,0,147.57,484,57530.23,0.00,0.00
58695.09,3246,8662472,0,0,147.58,484,57530.23,0.00,0.00
58755.10,3246,8671796,0,0,147.59,484,57530.23,0.00,0.00
58815.11,3246,8681148,0,0,147.60,484,57530.23,0.00,0.00
58875.15,3246,8690500,0,0,147.61,484,57530.23,0.00,0.00
58935.31,3246,8699908,0,0,147.62,484,57530.23,0.00,0.00
58995.48,3246,8709344,0,0,147.63,484,57530.23,0.00,0.00
59055.64,3246,8718724,0,0,147.64,484,57530.23,0.00,0.00
59115.75,3246,8728104,0,0,147.64,484,57530.23,0.00,0.00
59175.87,3246,8737428,0,0,147.65,484,57530.23,0.00,0.00
59236.02,3246,8746752,0,0,147.66,484,57530.23,0.00,0.00
59296.10,3246,8756048,0,0,147.67,484,57530.23,0.00,0.00
59356.18,3246,8765568,0,0,147.68,484,57530.23,0.00,0.00
59416.34,3246,8775284,0,0,147.69,484,57530.23,0.00,0.00
59476.43,3246,8785000,0,0,147.71,484,57530.23,0.00,0.00
59536.54,3246,8794604,0,0,147.72,484,57530.23,0.00,0.00
59596.69,3246,8804264,0,0,147.73,484,57530.23,0.00,0.00
59656.73,3246,8813896,0,0,147.74,484,57530.23,0.00,0.00
59716.77,3246,8823292,0,0,147.75,484,57530.23,0.00,0.00
59776.79,3246,8832308,0,0,147.75,484,57530.23,0.00,0.00
59836.83,3246,8841136,0,0,147.75,484,57530.23,0.00,0.00
59896.86,3246,8849860,0,0,147.75,484,57530.23,0.00,0.00
59956.95,3246,8858696,0,0,147.75,484,57530.23,0.00,0.00
60017.08,3246,8867100,0,0,147.74,484,57530.23,0.00,0.00
60077.23,3246,8875532,0,0,147.74,484,57530.23,0.00,0.00
60137.36,3246,8883872,0,0,147.73,484,57530.23,0.00,0.00
60197.51,3246,8892656,0,0,147.72,484,57530.23,0.00,0.00
60257.58,3246,8901260,0,0,147.72,484,57530.23,0.00,0.00
60317.58,3246,8909212,0,0,147.71,484,57530.23,0.00,0.00
60377.63,3246,8917288,0,0,147.69,484,57530.23,0.00,0.00
60437.66,3246,8926264,0,0,147.69,484,57530.23,0.00,0.00
60497.68,3246,8935344,0,0,147.70,484,57530.23,0.00,0.00
60557.72,3246,8944376,0,0,147.70,484,57530.23,0.00,0.00
60618.02,3246,8952824,0,0,147.69,484,57530.23,0.00,0.00
60678.17,3246,8961356,0,0,147.69,484,57530.23,0.00,0.00
60738.28,3247,8969700,0,0,147.68,485,60692.27,0.00,0.00
60798.36,3247,8978612,0,0,147.68,485,60692.27,0.00,0.00
60858.52,3247,8988120,0,0,147.69,485,60692.27,0.00,0.00
60918.55,3247,8997224,0,0,147.69,485,60692.27,0.00,0.00
60978.78,3247,9006604,0,0,147.70,485,60692.27,0.00,0.00
61038.97,3247,9015888,0,0,147.71,485,60692.27,0.00,0.00
61099.09,3247,9025160,0,0,147.71,485,60692.27,0.00,0.00
61159.20,3247,9034472,0,0,147.72,485,60692.27,0.00,0.00
61219.21,3247,9043284,0,0,147.72,485,60692.27,0.00,0.00
61279.26,3247,9052356,0,0,147.72,485,60692.27,0.00,0.00
61339.37,3247,9061736,0,0,147.73,485,60692.27,0.00,0.00
61399.50,3247,9070420,0,0,147.73,485,60692.27,0.00,0.00
61459.61,3247,9079484,0,0,147.73,485,60692.27,0.00,0.00
61519.69,3247,9088404,0,0,147.73,485,60692.27,0.00,0.00
61579.87,3247,9097800,0,0,147.74,485,60692.27,0.00,0.00
61639.88,3247,9106472,0,0,147.74,485,60692.27,0.00,0.00
61699.94,3247,9115480,0,0,147.74,485,60692.27,0.00,0.00
61760.15,3247,9124232,0,0,147.74,485,60692.27,0.00,0.00
61820.30,3247,9133920,0,0,147.75,485,60692.27,0.00,0.00
61880.38,3247,9142964,0,0,147.75,485,60692.27,0.00,0.00
61940.53,3247,9152360,0,0,147.76,485,60692.27,0.00,0.00
62000.71,3247,9161072,0,0,147.76,485,60692.27,0.00,0.00
62060.80,3247,9170356,0,0,147.76,485,60692.27,0.00,0.00
62120.81,3247,9179344,0,0,147.77,485,60692.27,0.00,0.00
62180.88,3247,9187952,0,0,147.76,485,60692.27,0.00,0.00
62241.04,3247,9196956,0,0,147.76,485,60692.27,0.00,0.00
62301.10,3247,9205592,0,0,147.76,485,60692.27,0.00,0.00
62361.26,3247,9214268,0,0,147.76,485,60692.27,0.00,0.00
62421.39,3247,9223236,0,0,147.76,485,60692.27,0.00,0.00
62481.49,3247,9232728,0,0,147.77,485,60692.27,0.00,0.00
62541.59,3247,9242124,0,0,147.78,485,60692.27,0.00,0.00
62601.77,3247,9251256,0,0,147.78,485,60692.27,0.00,0.00
62661.91,3247,9259880,0,0,147.78,485,60692.27,0.00,0.00
62722.02,3247,9269036,0,0,147.78,485,60692.27,0.00,0.00
62782.08,3247,9277664,0,0,147.78,485,60692.27,0.00,0.00
62842.12,3247,9286792,0,0,147.78,485,60692.27,0.00,0.00
62902.21,3247,9295992,0,0,147.78,485,60692.27,0.00,0.00
62962.33,3247,9304568,0,0,147.78,485,60692.27,0.00,0.00
63022.49,3247,9313704,0,0,147.78,485,60692.27,0.00,0.00
63082.60,3247,9322564,0,0,147.78,485,60692.27,0.00,0.00
63142.80,3247,9331692,0,0,147.79,485,60692.27,0.00,0.00
63202.95,3247,9340544,0,0,147.79,485,60692.27,0.00,0.00
63263.00,3247,9349244,0,0,147.78,485,60692.27,0.00,0.00
63323.16,3247,9357816,0,0,147.78,485,60692.27,0.00,0.00
63383.35,3247,9366808,0,0,147.78,485,60692.27,0.00,0.00
63443.41,3247,9375828,0,0,147.78,485,60692.27,0.00,0.00
63503.47,3247,9385152,0,0,147.79,485,60692.27,0.00,0.00
63563.66,3247,9394296,0,0,147.79,485,60692.27,0.00,0.00
63623.75,3247,9403200,0,0,147.79,485,60692.27,0.00,0.00
63683.94,3247,9411728,0,0,147.79,485,60692.27,0.00,0.00
63743.96,3247,9420456,0,0,147.79,485,60692.27,0.00,0.00
63804.09,3247,9429236,0,0,147.78,485,60692.27,0.00,0.00
63864.15,3247,9438524,0,0,147.79,485,60692.27,0.00,0.00
63924.26,3247,9447048,0,0,147.79,485,60692.27,0.00,0.00
63984.28,3247,9455520,0,0,147.78,485,60692.27,0.00,0.00
64044.41,3247,9464208,0,0,147.78,485,60692.27,0.00,0.00
64104.50,3247,9473868,0,0,147.79,485,60692.27,0.00,0.00
64164.63,3247,9482748,0,0,147.79,485,60692.27,0.00,0.00
64224.96,3247,9491056,0,0,147.78,485,60692.27,0.00,0.00
64285.14,3247,9500244,0,0,147.78,485,60692.27,0.00,0.00
64345.15,3247,9509332,0,0,147.79,485,60692.27,0.00,0.00
64405.22,3247,9517440,0,0,147.77,485,60692.27,0.00,0.00
64465.36,3248,9526512,0,0,147.78,486,64416.76,0.00,0.00
64525.44,3248,9535632,0,0,147.78,486,64416.76,0.00,0.00
64585.48,3248,9544748,0,0,147.78,486,64416.76,0.00,0.00
64645.50,3248,9553264,0,0,147.78,486,64416.76,0.00,0.00
64705.68,3248,9561856,0,0,147.77,486,64416.76,0.00,0.00
64765.72,3248,9570096,0,0,147.76,486,64416.76,0.00,0.00
64825.74,3248,9579252,0,0,147.77,486,64416.76,0.00,0.00
64885.82,3248,9587920,0,0,147.77,486,64416.76,0.00,0.00
64945.83,3248,9597160,0,0,147.77,486,64416.76,0.00,0.00
65005.91,3248,9606248,0,0,147.77,486,64416.76,0.00,0.00
65066.01,3248,9615304,0,0,147.78,486,64416.76,0.00,0.00
65126.04,3248,9624352,0,0,147.78,486,64416.76,0.00,0.00
65186.06,3248,9632660,0,0,147.77,486,64416.76,0.00,0.00
65246.14,3248,9640560,0,0,147.76,486,64416.76,0.00,0.00
65306.16,3248,9649708,0,0,147.76,486,64416.76,0.00,0.00
65366.30,3248,9658092,0,0,147.75,486,64416.76,0.00,0.00
65426.47,3248,9667112,0,0,147.76,486,64416.76,0.00,0.00
65486.59,3248,9676192,0,0,147.76,486,64416.76,0.00,0.00
65546.67,3248,9685320,0,0,147.76,486,64416.76,0.00,0.00
65606.72,3248,9693960,0,0,147.76,486,64416.76,0.00,0.00
65666.85,3248,9702572,0,0,147.75,486,64416.76,0.00,0.00
65727.02,3248,9711100,0,0,147.75,486,64416.76,0.00,0.00
65787.12,3248,9720424,0,0,147.76,486,64416.76,0.00,0.00
65847.23,3248,9729276,0,0,147.76,486,64416.76,0.00,0.00
65907.36,3248,9738100,0,0,147.75,486,64416.76,0.00,0.00
65967.42,3248,9746824,0,0,147.75,486,64416.76,0.00,0.00
66027.52,3248,9755608,0,0,147.75,486,64416.76,0.00,0.00
66087.55,3248,9763892,0,0,147.74,486,64416.76,0.00,0.00
66147.66,3248,9772704,0,0,147.74,486,64416.76,0.00,0.00
66207.67,3248,9781600,0,0,147.74,486,64416.76,0.00,0.00
66267.70,3248,9789632,0,0,147.73,486,64416.76,0.00,0.00
66327.86,3248,9797752,0,0,147.72,486,64416.76,0.00,0.00
66388.00,3248,9807020,0,0,147.72,486,64416.76,0.00,0.00
66448.13,3248,9816044,0,0,147.72,486,64416.76,0.00,0.00
66508.17,3248,9824880,0,0,147.72,486,64416.76,0.00,0.00
66568.31,3248,9834164,0,0,147.73,486,64416.76,0.00,0.00
66628.47,3248,9842876,0,0,147.73,486,64416.76,0.00,0.00
66688.52,3248,9852136,0,0,147.73,486,64416.76,0.00,0.00
66748.57,3248,9861224,0,0,147.74,486,64416.76,0.00,0.00
66808.73,3248,9869604,0,0,147.73,486,64416.76,0.00,0.00
66868.86,3248,9878696,0,0,147.73,486,64416.76,0.00,0.00
66928.99,3248,9887224,0,0,147.73,486,64416.76,0.00,0.00
66989.03,3248,9896648,0,0,147.74,486,64416.76,0.00,0.00
67049.15,3248,9905516,0,0,147.74,486,64416.76,0.00,0.00
67109.18,3248,9913936,0,0,147.73,486,64416.76,0.00,0.00
67169.24,3248,9922944,0,0,147.73,486,64416.76,0.00,0.00
67229.36,3248,9932016,0,0,147.73,486,64416.76,0.00,0.00
67289.45,3248,9941148,0,0,147.74,486,64416.76,0.00,0.00
67349.48,3248,9950308,0,0,147.74,486,64416.76,0.00,0.00
67409.52,3248,9958712,0,0,147.73,486,64416.76,0.00,0.00
67469.54,3248,9968120,0,0,147.74,486,64416.76,0.00,0.00
67529.57,3248,9977196,0,0,147.75,486,64416.76,0.00,0.00
67589.58,3248,9985824,0,0,147.74,486,64416.76,0.00,0.00
67649.77,3248,9995052,0,0,147.75,486,64416.76,0.00,0.00
67709.85,3248,10003964,0,0,147.75,486,64416.76,0.00,0.00
67769.95,3248,10012704,0,0,147.75,486,64416.76,0.00,0.00
67830.17,3248,10021712,0,0,147.75,486,64416.76,0.00,0.00
67890.28,3248,10030120,0,0,147.74,486,64416.76,0.00,0.00
67950.41,3248,10039360,0,0,147.75,486,64416.76,0.00,0.00
68010.46,3248,10048476,0,0,147.75,486,64416.76,0.00,0.00
68070.54,3248,10057400,0,0,147.75,486,64416.76,0.00,0.00
68130.63,3248,10066044,0,0,147.75,486,64416.76,0.00,0.00
68190.75,3248,10075024,0,0,147.75,486,64416.76,0.00,0.00
68250.92,3248,10084112,0,0,147.75,486,64416.76,0.00,0.00
68311.08,3248,10093284,0,0,147.75,486,64416.76,0.00,0.00
68371.18,3248,10102136,0,0,147.75,486,64416.76,0.00,0.00
68431.27,3248,10111048,0,0,147.75,486,64416.76,0.00,0.00
68491.42,3248,10119800,0,0,147.75,486,64416.76,0.00,0.00
68551.47,3248,10129084,0,0,147.76,486,64416.76,0.00,0.00
68611.65,3248,10138228,0,0,147.76,486,64416.76,0.00,0.00
68671.80,3248,10147316,0,0,147.77,486,64416.76,0.00,0.00
68731.82,3248,10156156,0,0,147.76,486,64416.76,0.00,0.00
68791.88,3248,10164912,0,0,147.76,486,64416.76,0.00,0.00
68852.06,3248,10173692,0,0,147.76,486,64416.76,0.00,0.00
68912.24,3248,10181728,0,0,147.75,486,64416.76,0.00,0.00
68972.30,3248,10190472,0,0,147.75,486,64416.76,0.00,0.00
69032.41,3248,10199352,0,0,147.75,486,64416.76,0.00,0.00
69092.42,3248,10207416,0,0,147.74,486,64416.76,0.00,0.00
69152.55,3248,10216488,0,0,147.74,486,64416.76,0.00,0.00
69212.71,3248,10225688,0,0,147.74,486,64416.76,0.00,0.00
69272.82,3248,10234748,0,0,147.75,486,64416.76,0.00,0.00
69332.91,3248,10243116,0,0,147.74,486,64416.76,0.00,0.00
69392.95,3248,10252316,0,0,147.74,486,64416.76,0.00,0.00
69453.12,3248,10261052,0,0,147.74,486,64416.76,0.00,0.00
69513.21,3248,10270020,0,0,147.74,486,64416.76,0.00,0.00
69573.25,3248,10279260,0,0,147.75,486,64416.76,0.00,0.00
69633.33,3248,10288224,0,0,147.75,486,64416.76,0.00,0.00
69693.41,3248,10297456,0,0,147.75,486,64416.76,0.00,0.00
69753.43,3248,10306892,0,0,147.76,486,64416.76,0.00,0.00
69813.49,3248,10315660,0,0,147.76,486,64416.76,0.00,0.00
69873.55,3248,10324228,0,0,147.76,486,64416.76,0.00,0.00
69933.70,3248,10333292,0,0,147.76,486,64416.76,0.00,0.00
69993.89,3248,10342692,0,0,147.77,486,64416.76,0.00,0.00
70053.91,3248,10351600,0,0,147.77,486,64416.76,0.00,0.00
70114.15,3248,10360400,0,0,147.76,486,64416.76,0.00,0.00
70174.19,3248,10369632,0,0,147.77,486,64416.76,0.00,0.00
70234.42,3248,10379000,0,0,147.78,486,64416.76,0.00,0.00
70294.50,3248,10387236,0,0,147.77,486,64416.76,0.00,0.00
70354.63,3248,10396312,0,0,147.77,486,64416.76,0.00,0.00
70414.71,3248,10405804,0,0,147.78,486,64416.76,0.00,0.00
70474.90,3248,10414668,0,0,147.78,486,64416.76,0.00,0.00
70534.99,3248,10423464,0,0,147.78,486,64416.76,0.00,0.00
70595.10,3248,10432684,0,0,147.78,486,64416.76,0.00,0.00
70655.22,3248,10441816,0,0,147.79,486,64416.76,0.00,0.00
70715.23,3248,10451056,0,0,147.79,486,64416.76,0.00,0.00
70775.37,3248,10459560,0,0,147.79,486,64416.76,0.00,0.00
70835.51,3248,10468432,0,0,147.79,486,64416.76,0.00,0.00
70895.62,3248,10477580,0,0,147.79,486,64416.76,0.00,0.00
70955.66,3248,10487004,0,0,147.80,486,64416.76,0.00,0.00
71015.70,3249,10496456,0,0,147.80,487,70994.77,0.00,0.00
71075.83,3249,10505448,0,0,147.81,487,70994.77,0.00,0.00
71135.83,3249,10513888,0,0,147.80,487,70994.77,0.00,0.00
71195.90,3249,10521876,0,0,147.79,487,70994.77,0.00,0.00
71255.90,3249,10529888,0,0,147.78,487,70994.77,0.00,0.00
71316.07,3249,10538740,0,0,147.78,487,70994.77,0.00,0.00
71376.15,3249,10547216,0,0,147.77,487,70994.77,0.00,0.00
71436.16,3249,10555104,0,0,147.76,487,70994.77,0.00,0.00
71496.32,3249,10563968,0,0,147.76,487,70994.77,0.00,0.00
71556.46,3249,10572932,0,0,147.76,487,70994.77,0.00,0.00
71616.50,3249,10581600,0,0,147.75,487,70994.77,0.00,0.00
71676.63,3249,10590816,0,0,147.76,487,70994.77,0.00,0.00
71736.71,3249,10599640,0,0,147.76,487,70994.77,0.00,0.00
71796.75,3249,10608364,0,0,147.76,487,70994.77,0.00,0.00
71856.78,3249,10616568,0,0,147.75,487,70994.77,0.00,0.00
71916.86,3249,10625892,0,0,147.75,487,70994.77,0.00,0.00
71976.90,3249,10634968,0,0,147.76,487,70994.77,0.00,0.00
72036.93,3249,10644280,0,0,147.76,487,70994.77,0.00,0.00
72096.96,3249,10653468,0,0,147.77,487,70994.77,0.00,0.00
72157.03,3249,10662172,0,0,147.76,487,70994.77,0.00,0.00
72217.13,3249,10670600,0,0,147.76,487,70994.77,0.00,0.00
72277.26,3249,10679772,0,0,147.76,487,70994.77,0.00,0.00
72337.26,3249,10688976,0,0,147.77,487,70994.77,0.00,0.00
72397.27,3249,10697828,0,0,147.77,487,70994.77,0.00,0.00
72457.27,3249,10706816,0,0,147.77,487,70994.77,0.00,0.00
72517.40,3249,10715408,0,0,147.76,487,70994.77,0.00,0.00
72577.49,3249,10723380,0,0,147.75,487,70994.77,0.00,0.00
72637.59,3249,10732344,0,0,147.75,487,70994.77,0.00,0.00
72697.70,3249,10741588,0,0,147.76,487,70994.77,0.00,0.00
72757.71,3249,10750536,0,0,147.76,487,70994.77,0.00,0.00
72817.79,3249,10759904,0,0,147.76,487,70994.77,0.00,0.00
72877.80,3249,10769236,0,0,147.77,487,70994.77,0.00,0.00
72937.96,3249,10777372,0,0,147.76,487,70994.77,0.00,0.00
72998.17,3249,10785520,0,0,147.75,487,70994.77,0.00,0.00
73058.25,3249,10794064,0,0,147.75,487,70994.77,0.00,0.00
73118.40,3249,10803164,0,0,147.75,487,70994.77,0.00,0.00
73178.41,3249,10811984,0,0,147.75,487,70994.77,0.00,0.00
73238.49,3249,10821196,0,0,147.75,487,70994.77,0.00,0.00
73298.63,3249,10830356,0,0,147.76,487,70994.77,0.00,0.00
73358.70,3249,10839572,0,0,147.76,487,70994.77,0.00,0.00
73418.70,3249,10847840,0,0,147.75,487,70994.77,0.00,0.00
73478.77,3249,10856216,0,0,147.75,487,70994.77,0.00,0.00
73538.80,3249,10864912,0,0,147.74,487,70994.77,0.00,0.00
73598.85,3249,10873760,0,0,147.74,487,70994.77,0.00,0.00
73658.85,3249,10883000,0,0,147.75,487,70994.77,0.00,0.00
73718.95,3249,10891852,0,0,147.75,487,70994.77,0.00,0.00
73778.97,3249,10901260,0,0,147.76,487,70994.77,0.00,0.00
73839.12,3249,10910528,0,0,147.76,487,70994.77,0.00,0.00
73899.19,3249,10919964,0,0,147.77,487,70994.77,0.00,0.00
73959.34,3249,10929428,0,0,147.78,487,70994.77,0.00,0.00
74019.44,3249,10938976,0,0,147.79,487,70994.77,0.00,0.00
74079.46,3249,10948720,0,0,147.80,487,70994.77,0.00,0.00
74139.51,3249,10958324,0,0,147.81,487,70994.77,0.00,0.00
74199.56,3249,10968208,0,0,147.82,487,70994.77,0.00,0.00
74259.65,3249,10977812,0,0,147.83,487,70994.77,0.00,0.00
74319.71,3249,10987416,0,0,147.84,487,70994.77,0.00,0.00
74379.85,3249,10997076,0,0,147.85,487,70994.77,0.00,0.00
74439.99,3249,11006708,0,0,147.86,487,70994.77,0.00,0.00
74500.05,3249,11016312,0,0,147.87,487,70994.77,0.00,0.00
74560.15,3249,11025972,0,0,147.88,487,70994.77,0.00,0.00
74620.29,3249,11035632,0,0,147.89,487,70994.77,0.00,0.00
74680.30,3249,11045404,0,0,147.90,487,70994.77,0.00,0.00
74740.43,3249,11055064,0,0,147.91,487,70994.77,0.00,0.00
74800.45,3249,11064600,0,0,147.92,487,70994.77,0.00,0.00
74860.59,3249,11074204,0,0,147.93,487,70994.77,0.00,0.00
74920.72,3249,11084172,0,0,147.95,487,70994.77,0.00,0.00
74980.76,3249,11093916,0,0,147.96,487,70994.77,0.00,0.00
75040.78,3249,11103492,0,0,147.97,487,70994.77,0.00,0.00
75100.91,3249,11113208,0,0,147.98,487,70994.77,0.00,0.00
75160.92,3249,11122868,0,0,147.99,487,70994.77,0.00,0.00
75220.94,3249,11132584,0,0,148.00,487,70994.77,0.00,0.00
75280.96,3249,11142132,0,0,148.01,487,70994.77,0.00,0.00
75341.01,3249,11151568,0,0,148.01,487,70994.77,0.00,0.00
75401.16,3249,11161004,0,0,148.02,487,70994.77,0.00,0.00
75461.21,3249,11170720,0,0,148.03,487,70994.77,0.00,0.00
75521.25,3249,11180212,0,0,148.04,487,70994.77,0.00,0.00
75581.36,3249,11189984,0,0,148.05,487,70994.77,0.00,0.00
75641.43,3249,11199672,0,0,148.06,487,70994.77,0.00,0.00
75701.56,3249,11209444,0,0,148.07,487,70994.77,0.00,0.00
75761.70,3249,11218852,0,0,148.08,487,70994.77,0.00,0.00
75821.82,3249,11228400,0,0,148.09,487,70994.77,0.00,0.00
75881.89,3249,11238032,0,0,148.10,487,70994.77,0.00,0.00
75942.05,3249,11247636,0,0,148.11,487,70994.77,0.00,0.00
76002.16,3249,11257184,0,0,148.12,487,70994.77,0.00,0.00
76062.33,3249,11266704,0,0,148.12,487,70994.77,0.00,0.00
76122.43,3249,11276392,0,0,148.13,487,70994.77,0.00,0.00
76182.59,3249,11285996,0,0,148.14,487,70994.77,0.00,0.00
76242.59,3249,11295600,0,0,148.15,487,70994.77,0.00,0.00
76302.76,3249,11305288,0,0,148.16,487,70994.77,0.00,0.00
76362.93,3249,11315088,0,0,148.18,487,70994.77,0.00,0.00
76422.94,3249,11324776,0,0,148.19,487,70994.77,0.00,0.00
76483.03,3249,11334408,0,0,148.20,487,70994.77,0.00,0.00
76543.13,3249,11344068,0,0,148.20,487,70994.77,0.00,0.00
76603.17,3249,11353448,0,0,148.21,487,70994.77,0.00,0.00
76663.33,3249,11363080,0,0,148.22,487,70994.77,0.00,0.00
76723.40,3249,11372656,0,0,148.23,487,70994.77,0.00,0.00
76783.56,3249,11382304,0,0,148.24,487,70994.77,0.00,0.00
76843.65,3249,11391684,0,0,148.24,487,70994.77,0.00,0.00
76903.67,3249,11401064,0,0,148.25,487,70994.77,0.00,0.00
76963.78,3249,11410332,0,0,148.26,487,70994.77,0.00,0.00
77023.94,3249,11419824,0,0,148.26,487,70994.77,0.00,0.00
77084.11,3249,11429372,0,0,148.27,487,70994.77,0.00,0.00
77144.15,3249,11439032,0,0,148.28,487,70994.77,0.00,0.00
77204.25,3249,11448636,0,0,148.29,487,70994.77,0.00,0.00
77264.28,3249,11458072,0,0,148.30,487,70994.77,0.00,0.00
77324.45,3249,11467424,0,0,148.30,487,70994.77,0.00,0.00
77384.56,3249,11476972,0,0,148.31,487,70994.77,0.00,0.00
77444.66,3249,11486464,0,0,148.32,487,70994.77,0.00,0.00
77504.84,3249,11495760,0,0,148.32,487,70994.77,0.00,0.00
77564.93,3249,11505364,0,0,148.33,487,70994.77,0.00,0.00
77625.00,3249,11514912,0,0,148.34,487,70994.77,0.00,0.00
77685.05,3249,11524376,0,0,148.35,487,70994.77,0.00,0.00
77745.06,3249,11534064,0,0,148.36,487,70994.77,0.00,0.00
77805.06,3249,11543612,0,0,148.37,487,70994.77,0.00,0.00
77865.18,3249,11553076,0,0,148.37,487,70994.77,0.00,0.00
77925.35,3250,11562708,0,0,148.38,488,77878.58,0.00,0.00
77985.45,3251,11572172,0,0,148.39,489,77964.98,0.00,0.00
78045.46,3251,11581748,0,0,148.40,489,77964.98,0.00,0.00
78105.51,3251,11591240,0,0,148.40,489,77964.98,0.00,0.00
78165.55,3251,11600872,0,0,148.41,489,77964.98,0.00,0.00
78225.61,3252,11610364,0,0,148.42,490,78210.50,0.00,0.00
78285.70,3252,11619828,0,0,148.43,490,78210.50,0.00,0.00
78345.77,3252,11629432,0,0,148.44,490,78210.50,0.00,0.00
78405.87,3252,11639120,0,0,148.45,490,78210.50,0.00,0.00
78465.95,3252,11648752,0,0,148.46,490,78210.50,0.00,0.00
78526.04,3252,11658132,0,0,148.46,490,78210.50,0.00,0.00
78586.19,3252,11667960,0,0,148.47,490,78210.50,0.00,0.00
78646.36,3252,11677592,0,0,148.48,490,78210.50,0.00,0.00
78706.42,3252,11687476,0,0,148.49,490,78210.50,0.00,0.00
78766.44,3252,11696996,0,0,148.50,490,78210.50,0.00,0.00
78826.49,3252,11706740,0,0,148.51,490,78210.50,0.00,0.00
78886.51,3252,11716092,0,0,148.52,490,78210.50,0.00,0.00
78946.63,3252,11725852,0,0,148.53,490,78210.50,0.00,0.00
79006.64,3252,11735568,0,0,148.54,490,78210.50,0.00,0.00
79066.75,3252,11745228,0,0,148.55,490,78210.50,0.00,0.00
79126.77,3252,11754888,0,0,148.56,490,78210.50,0.00,0.00
79186.80,3252,11764464,0,0,148.57,490,78210.50,0.00,0.00
79246.89,3252,11773928,0,0,148.57,490,78210.50,0.00,0.00
79306.92,3252,11783364,0,0,148.58,490,78210.50,0.00,0.00
79366.94,3252,11793080,0,0,148.59,490,78210.50,0.00,0.00
79426.94,3252,11802572,0,0,148.60,490,78210.50,0.00,0.00
79487.09,3252,11812204,0,0,148.61,490,78210.50,0.00,0.00
79547.14,3252,11821892,0,0,148.61,490,78210.50,0.00,0.00
79607.15,3252,11831664,0,0,148.63,490,78210.50,0.00,0.00
79667.21,3252,11841436,0,0,148.64,490,78210.50,0.00,0.00
79727.27,3252,11850984,0,0,148.64,490,78210.50,0.00,0.00
79787.28,3252,11860644,0,0,148.65,490,78210.50,0.00,0.00
79847.37,3252,11870108,0,0,148.66,490,78210.50,0.00,0.00
79907.40,3252,11879740,0,0,148.67,490,78210.50,0.00,0.00
79967.56,3252,11889344,0,0,148.68,490,78210.50,0.00,0.00
80027.66,3252,11898808,0,0,148.68,490,78210.50,0.00,0.00
80087.82,3252,11908440,0,0,148.69,490,78210.50,0.00,0.00
80147.85,3252,11917848,0,0,148.70,490,78210.50,0.00,0.00
80207.98,3252,11927732,0,0,148.71,490,78210.50,0.00,0.00
80268.07,3252,11937504,0,0,148.72,490,78210.50,0.00,0.00
80328.12,3252,11947152,0,0,148.73,490,78210.50,0.00,0.00
80388.12,3252,11956812,0,0,148.74,490,78210.50,0.00,0.00
80448.15,3252,11966500,0,0,148.75,490,78210.50,0.00,0.00
80508.22,3252,11976160,0,0,148.76,490,78210.50,0.00,0.00
80568.28,3252,11985568,0,0,148.76,490,78210.50,0.00,0.00
80628.40,3252,11995060,0,0,148.77,490,78210.50,0.00,0.00
80688.58,3252,12004524,0,0,148.78,490,78210.50,0.00,0.00
80748.69,3252,12014156,0,0,148.78,490,78210.50,0.00,0.00
80808.85,3252,12023732,0,0,148.79,490,78210.50,0.00,0.00
80868.99,3252,12033476,0,0,148.80,490,78210.50,0.00,0.00
80929.13,3252,12043136,0,0,148.81,490,78210.50,0.00,0.00
80989.22,3252,12052768,0,0,148.82,490,78210.50,0.00,0.00
81049.28,3252,12062316,0,0,148.83,490,78210.50,0.00,0.00
81109.31,3252,12071920,0,0,148.84,490,78210.50,0.00,0.00
81169.44,3252,12081608,0,0,148.84,490,78210.50,0.00,0.00
81229.53,3252,12091380,0,0,148.85,490,78210.50,0.00,0.00
81289.66,3252,12101264,0,0,148.87,490,78210.50,0.00,0.00
81349.70,3252,12110868,0,0,148.87,490,78210.50,0.00,0.00
81409.71,3252,12120640,0,0,148.88,490,78210.50,0.00,0.00
81469.73,3252,12130524,0,0,148.90,490,78210.50,0.00,0.00
81529.81,3252,12140268,0,0,148.91,490,78210.50,0.00,0.00
81589.92,3252,12149984,0,0,148.92,490,78210.50,0.00,0.00
81650.02,3252,12159672,0,0,148.92,490,78210.50,0.00,0.00
81710.12,3252,12169472,0,0,148.93,490,78210.50,0.00,0.00
81770.22,3252,12179132,0,0,148.94,490,78210.50,0.00,0.00
81830.26,3252,12188904,0,0,148.95,490,78210.50,0.00,0.00
81890.35,3252,12198480,0,0,148.96,490,78210.50,0.00,0.00
81950.41,3252,12208280,0,0,148.97,490,78210.50,0.00,0.00
82010.53,3252,12218024,0,0,148.98,490,78210.50,0.00,0.00
82070.61,3252,12227628,0,0,148.99,490,78210.50,0.00,0.00
82130.64,3252,12237372,0,0,149.00,490,78210.50,0.00,0.00
82190.73,3252,12247144,0,0,149.01,490,78210.50,0.00,0.00
82250.90,3253,12256748,0,0,149.02,491,82243.63,0.00,0.00
82311.03,3253,12266296,0,0,149.02,491,82243.63,0.00,0.00
82371.15,3253,12275916,0,0,149.03,491,82243.63,0.00,0.00
82431.31,3253,12285576,0,0,149.04,491,82243.63,0.00,0.00
82491.34,3253,12295600,0,0,149.05,491,82243.63,0.00,0.00
82551.43,3253,12305120,0,0,149.06,491,82243.63,0.00,0.00
82611.51,3253,12314668,0,0,149.07,491,82243.63,0.00,0.00
82671.63,3253,12324384,0,0,149.08,491,82243.63,0.00,0.00
82731.77,3253,12334100,0,0,149.09,491,82243.63,0.00,0.00
82791.94,3253,12343844,0,0,149.09,491,82243.63,0.00,0.00
82852.07,3253,12353336,0,0,149.10,491,82243.63,0.00,0.00
82912.16,3253,12362940,0,0,149.11,491,82243.63,0.00,0.00
82972.31,3253,12372544,0,0,149.12,491,82243.63,0.00,0.00
83032.34,3253,12382260,0,0,149.13,491,82243.63,0.00,0.00
83092.49,3253,12391808,0,0,149.13,491,82243.63,0.00,0.00
83152.60,3253,12401524,0,0,149.14,491,82243.63,0.00,0.00
83212.77,3253,12411212,0,0,149.15,491,82243.63,0.00,0.00
83272.94,3253,12420760,0,0,149.16,491,82243.63,0.00,0.00
83333.06,3253,12430616,0,0,149.17,491,82243.63,0.00,0.00
83393.10,3253,12440388,0,0,149.18,491,82243.63,0.00,0.00
83453.25,3253,12450048,0,0,149.19,491,82243.63,0.00,0.00
83513.38,3253,12459764,0,0,149.19,491,82243.63,0.00,0.00
83573.51,3253,12469312,0,0,149.20,491,82243.63,0.00,0.00
83633.62,3253,12479000,0,0,149.21,491,82243.63,0.00,0.00
83693.65,3253,12488520,0,0,149.22,491,82243.63,0.00,0.00
83753.65,3253,12498208,0,0,149.23,491,82243.63,0.00,0.00
83813.69,3253,12507616,0,0,149.23,491,82243.63,0.00,0.00
83873.75,3253,12517248,0,0,149.24,491,82243.63,0.00,0.00
83933.81,3253,12526740,0,0,149.25,491,82243.63,0.00,0.00
83993.92,3253,12536596,0,0,149.26,491,82243.63,0.00,0.00
84054.08,3253,12546312,0,0,149.26,491,82243.63,0.00,0.00
84114.25,3253,12555792,0,0,149.27,491,82243.63,0.00,0.00
84174.41,3253,12565648,0,0,149.28,491,82243.63,0.00,0.00
84234.53,3253,12575028,0,0,149.29,491,82243.63,0.00,0.00
84294.71,3253,12584604,0,0,149.29,491,82243.63,0.00,0.00
84354.88,3253,12594208,0,0,149.30,491,82243.63,0.00,0.00
84415.00,3253,12603700,0,0,149.31,491,82243.63,0.00,0.00
84475.16,3253,12613556,0,0,149.32,491,82243.63,0.00,0.00
84535.31,3253,12623244,0,0,149.33,491,82243.63,0.00,0.00
84595.42,3253,12632680,0,0,149.33,491,82243.63,0.00,0.00
84655.55,3253,12642144,0,0,149.34,491,82243.63,0.00,0.00
84715.68,3253,12651664,0,0,149.34,491,82243.63,0.00,0.00
84775.85,3253,12661492,0,0,149.35,491,82243.63,0.00,0.00
84835.98,3253,12671488,0,0,149.36,491,82243.63,0.00,0.00
84896.11,3253,12680940,0,0,149.37,491,82243.63,0.00,0.00
84956.24,3253,12690516,0,0,149.38,491,82243.63,0.00,0.00
85016.40,3253,12700092,0,0,149.38,491,82243.63,0.00,0.00
85076.55,3253,12709964,0,0,149.39,491,82243.63,0.00,0.00
85136.65,3253,12719584,0,0,149.40,491,82243.63,0.00,0.00
85196.73,3253,12729244,0,0,149.41,491,82243.63,0.00,0.00
85256.82,3253,12739044,0,0,149.42,491,82243.63,0.00,0.00
85316.93,3253,12748760,0,0,149.43,491,82243.63,0.00,0.00
85377.04,3253,12758364,0,0,149.44,491,82243.63,0.00,0.00
85437.07,3253,12767884,0,0,149.44,491,82243.63,0.00,0.00
85497.20,3253,12777572,0,0,149.45,491,82243.63,0.00,0.00
85557.27,3253,12787316,0,0,149.46,491,82243.63,0.00,0.00
85617.37,3253,12796808,0,0,149.47,491,82243.63,0.00,0.00
85677.50,3253,12806244,0,0,149.47,491,82243.63,0.00,0.00
85737.68,3253,12815932,0,0,149.48,491,82243.63,0.00,0.00
85797.82,3253,12825368,0,0,149.48,491,82243.63,0.00,0.00
85857.85,3253,12835000,0,0,149.49,491,82243.63,0.00,0.00
85917.99,3253,12844380,0,0,149.50,491,82243.63,0.00,0.00
85978.04,3253,12853984,0,0,149.50,491,82243.63,0.00,0.00
86038.11,3253,12863560,0,0,149.51,491,82243.63,0.00,0.00
86098.17,3253,12873248,0,0,149.52,491,82243.63,0.00,0.00
86158.34,3253,12883132,0,0,149.53,491,82243.63,0.00,0.00
86218.49,3253,12892932,0,0,149.54,491,82243.63,0.00,0.00
86278.62,3253,12902424,0,0,149.54,491,82243.63,0.00,0.00
86338.79,3253,12912028,0,0,149.55,491,82243.63,0.00,0.00
86398.82,3253,12922052,0,0,149.56,491,82243.63,0.00,0.00
