elapsed_time,unique_edges,total_execs,crash_count,hang_count,exec_speed,queue_size,last_new_find,last_crash,last_hang
0.00,0,0,0,0,0.00,0,0.00,0.00,0.00
14.17,910,2480,0,0,174.99,77,11.70,0.00,0.00
24.27,987,4266,0,0,175.77,82,20.84,0.00,0.00
34.28,992,6036,0,0,176.08,84,27.41,0.00,0.00
44.37,993,7836,0,0,176.59,85,38.48,0.00,0.00
54.46,993,9636,0,0,176.93,85,38.48,0.00,0.00
64.62,994,11406,0,0,176.50,86,64.04,0.00,0.00
74.72,994,13176,0,0,176.34,86,64.04,0.00,0.00
84.83,994,14976,0,0,176.53,86,64.04,0.00,0.00
94.91,995,16806,0,0,177.08,87,93.65,0.00,0.00
105.02,996,18606,0,0,177.16,88,104.96,0.00,0.00
115.16,996,20436,0,0,177.46,88,104.96,0.00,0.00
125.21,996,22236,0,0,177.60,88,104.96,0.00,0.00
135.37,996,24066,0,0,177.78,88,104.96,0.00,0.00
145.50,996,25926,0,0,178.19,88,104.96,0.00,0.00
155.61,996,27786,0,0,178.56,88,104.96,0.00,0.00
165.71,996,29646,0,0,178.91,88,104.96,0.00,0.00
175.82,996,31506,0,0,179.20,88,104.96,0.00,0.00
185.98,997,33396,0,0,179.57,89,185.26,0.00,0.00
196.03,997,35256,0,0,179.85,89,185.26,0.00,0.00
206.07,997,37056,0,0,179.82,89,185.26,0.00,0.00
216.19,997,38916,0,0,180.01,89,185.26,0.00,0.00
226.23,997,40776,0,0,180.24,89,185.26,0.00,0.00
236.35,997,42636,0,0,180.39,89,185.26,0.00,0.00
246.44,997,44496,0,0,180.56,89,185.26,0.00,0.00
256.56,997,46326,0,0,180.57,89,185.26,0.00,0.00
266.58,997,48156,0,0,180.65,89,185.26,0.00,0.00
276.72,997,50016,0,0,180.75,89,185.26,0.00,0.00
286.88,997,51876,0,0,180.83,89,185.26,0.00,0.00
297.03,997,53736,0,0,180.91,89,185.26,0.00,0.00
307.08,997,55536,0,0,180.85,89,185.26,0.00,0.00
317.20,997,57336,0,0,180.75,89,185.26,0.00,0.00
327.34,997,59166,0,0,180.75,89,185.26,0.00,0.00
337.38,997,60966,0,0,180.70,89,185.26,0.00,0.00
347.38,997,62736,0,0,180.60,89,185.26,0.00,0.00
357.50,997,64536,0,0,180.52,89,185.26,0.00,0.00
367.55,997,66336,0,0,180.48,89,185.26,0.00,0.00
377.69,997,68136,0,0,180.40,89,185.26,0.00,0.00
387.78,997,69936,0,0,180.35,89,185.26,0.00,0.00
397.91,997,71706,0,0,180.21,89,185.26,0.00,0.00
408.07,997,73506,0,0,180.13,89,185.26,0.00,0.00
418.12,997,75246,0,0,179.96,89,185.26,0.00,0.00
428.13,997,77046,0,0,179.96,89,185.26,0.00,0.00
438.21,997,78846,0,0,179.93,89,185.26,0.00,0.00
448.31,997,80676,0,0,179.95,89,185.26,0.00,0.00
458.33,997,82476,0,0,179.95,89,185.26,0.00,0.00
468.37,997,84276,0,0,179.93,89,185.26,0.00,0.00
478.40,997,86076,0,0,179.92,89,185.26,0.00,0.00
488.51,997,87816,0,0,179.76,89,185.26,0.00,0.00
498.64,997,89586,0,0,179.66,89,185.26,0.00,0.00
508.78,997,91386,0,0,179.62,89,185.26,0.00,0.00
518.84,997,93186,0,0,179.61,89,185.26,0.00,0.00
528.95,997,95046,0,0,179.69,89,185.26,0.00,0.00
539.03,997,96936,0,0,179.84,89,185.26,0.00,0.00
549.04,997,98796,0,0,179.94,89,185.26,0.00,0.00
559.13,997,100656,0,0,180.02,89,185.26,0.00,0.00
569.26,997,102516,0,0,180.09,89,185.26,0.00,0.00
579.35,997,104376,0,0,180.16,89,185.26,0.00,0.00
589.51,997,106266,0,0,180.26,89,185.26,0.00,0.00
599.65,997,108126,0,0,180.32,89,185.26,0.00,0.00
629.72,997,113676,0,0,180.52,89,185.26,0.00,0.00
659.73,997,119226,0,0,180.72,89,185.26,0.00,0.00
689.88,997,124806,0,0,180.91,89,185.26,0.00,0.00
719.98,997,130386,0,0,181.10,89,185.26,0.00,0.00
750.05,997,135906,0,0,181.20,89,185.26,0.00,0.00
780.20,997,141456,0,0,181.31,89,185.26,0.00,0.00
810.25,997,147036,0,0,181.47,89,185.26,0.00,0.00
840.32,997,152586,0,0,181.58,89,185.26,0.00,0.00
870.44,997,158136,0,0,181.67,89,185.26,0.00,0.00
900.47,997,163656,0,0,181.74,89,185.26,0.00,0.00
930.52,997,169176,0,0,181.81,89,185.26,0.00,0.00
960.62,997,174756,0,0,181.92,89,185.26,0.00,0.00
990.70,997,180306,0,0,182.00,89,185.26,0.00,0.00
1020.81,997,185856,0,0,182.07,89,185.26,0.00,0.00
1050.83,997,191376,0,0,182.12,89,185.26,0.00,0.00
1080.96,997,196986,0,0,182.23,89,185.26,0.00,0.00
1111.07,997,202536,0,0,182.29,89,185.26,0.00,0.00
1141.10,997,208086,0,0,182.35,89,185.26,0.00,0.00
1171.22,997,213666,0,0,182.43,89,185.26,0.00,0.00
1201.27,997,219216,0,0,182.49,89,185.26,0.00,0.00
1231.36,997,224766,0,0,182.54,89,185.26,0.00,0.00
1261.47,997,230376,0,0,182.63,89,185.26,0.00,0.00
1291.48,997,235866,0,0,182.63,89,185.26,0.00,0.00
1321.61,997,241476,0,0,182.71,89,185.26,0.00,0.00
1351.61,997,247056,0,0,182.79,89,185.26,0.00,0.00
1381.76,997,252606,0,0,182.81,89,185.26,0.00,0.00
1411.85,997,258156,0,0,182.85,89,185.26,0.00,0.00
1441.96,997,263736,0,0,182.90,89,185.26,0.00,0.00
1472.03,997,269286,0,0,182.94,89,185.26,0.00,0.00
1502.04,997,274896,0,0,183.02,89,185.26,0.00,0.00
1532.15,997,280506,0,0,183.08,89,185.26,0.00,0.00
1562.25,997,286086,0,0,183.12,89,185.26,0.00,0.00
1592.29,1005,291726,0,0,183.21,90,1574.98,0.00,0.00
1622.37,1005,297366,0,0,183.29,90,1574.98,0.00,0.00
1652.38,1005,303006,0,0,183.38,90,1574.98,0.00,0.00
1682.47,1005,308856,0,0,183.57,90,1574.98,0.00,0.00
1712.53,1005,314676,0,0,183.75,90,1574.98,0.00,0.00
1742.58,1006,320496,0,0,183.92,91,1727.88,0.00,0.00
1772.70,1006,326376,0,0,184.11,91,1727.88,0.00,0.00
1802.80,1006,332166,0,0,184.25,91,1727.88,0.00,0.00
1832.81,1006,337866,0,0,184.34,91,1727.88,0.00,0.00
1862.93,1006,343566,0,0,184.42,91,1727.88,0.00,0.00
1892.95,1006,349236,0,0,184.49,91,1727.88,0.00,0.00
1923.05,1006,354936,0,0,184.57,91,1727.88,0.00,0.00
1953.16,1006,360636,0,0,184.64,91,1727.88,0.00,0.00
1983.29,1006,366336,0,0,184.71,91,1727.88,0.00,0.00
2013.32,1006,371976,0,0,184.76,91,1727.88,0.00,0.00
2043.36,1006,377676,0,0,184.83,91,1727.88,0.00,0.00
2073.49,1006,383406,0,0,184.91,91,1727.88,0.00,0.00
2103.51,1006,389076,0,0,184.97,91,1727.88,0.00,0.00
2133.60,1006,394716,0,0,185.00,91,1727.88,0.00,0.00
2163.69,1006,400416,0,0,185.06,91,1727.88,0.00,0.00
2193.81,1006,406146,0,0,185.13,91,1727.88,0.00,0.00
2223.93,1006,411846,0,0,185.19,91,1727.88,0.00,0.00
2254.00,1006,417546,0,0,185.25,91,1727.88,0.00,0.00
2284.11,1006,423276,0,0,185.31,91,1727.88,0.00,0.00
2314.24,1006,428976,0,0,185.36,91,1727.88,0.00,0.00
2344.30,1006,434646,0,0,185.41,91,1727.88,0.00,0.00
2374.40,1006,440316,0,0,185.44,91,1727.88,0.00,0.00
2404.54,1006,445956,0,0,185.46,91,1727.88,0.00,0.00
2434.69,1006,451596,0,0,185.48,91,1727.88,0.00,0.00
2464.80,1006,457206,0,0,185.49,91,1727.88,0.00,0.00
2494.92,1006,462756,0,0,185.48,91,1727.88,0.00,0.00
2525.07,1006,468366,0,0,185.49,91,1727.88,0.00,0.00
2555.12,1006,473916,0,0,185.48,91,1727.88,0.00,0.00
2585.25,1006,479466,0,0,185.46,91,1727.88,0.00,0.00
2615.32,1006,485016,0,0,185.45,91,1727.88,0.00,0.00
2645.38,1006,490626,0,0,185.47,91,1727.88,0.00,0.00
2675.41,1006,496206,0,0,185.47,91,1727.88,0.00,0.00
2705.55,1006,501816,0,0,185.48,91,1727.88,0.00,0.00
2735.60,1006,507396,0,0,185.48,91,1727.88,0.00,0.00
2765.76,1006,513006,0,0,185.48,91,1727.88,0.00,0.00
2795.82,1006,518556,0,0,185.48,91,1727.88,0.00,0.00
2825.86,1006,524166,0,0,185.49,91,1727.88,0.00,0.00
2856.01,1006,529776,0,0,185.50,91,1727.88,0.00,0.00
2886.08,1006,535416,0,0,185.52,91,1727.88,0.00,0.00
2916.10,1006,540966,0,0,185.51,91,1727.88,0.00,0.00
2946.24,1006,546546,0,0,185.51,91,1727.88,0.00,0.00
2976.36,1006,552156,0,0,185.51,91,1727.88,0.00,0.00
3006.48,1006,557736,0,0,185.51,91,1727.88,0.00,0.00
3036.63,1006,563286,0,0,185.50,91,1727.88,0.00,0.00
3066.64,1006,568866,0,0,185.50,91,1727.88,0.00,0.00
3096.65,1006,574446,0,0,185.51,91,1727.88,0.00,0.00
3126.79,1006,580026,0,0,185.50,91,1727.88,0.00,0.00
3156.92,1006,585636,0,0,185.51,91,1727.88,0.00,0.00
3186.96,1006,591216,0,0,185.51,91,1727.88,0.00,0.00
3217.03,1006,596826,0,0,185.52,91,1727.88,0.00,0.00
3247.05,1006,602406,0,0,185.52,91,1727.88,0.00,0.00
3277.17,1006,607956,0,0,185.51,91,1727.88,0.00,0.00
3307.26,1006,613536,0,0,185.51,91,1727.88,0.00,0.00
3337.32,1006,619086,0,0,185.50,91,1727.88,0.00,0.00
3367.33,1006,624696,0,0,185.52,91,1727.88,0.00,0.00
3397.48,1006,630306,0,0,185.52,91,1727.88,0.00,0.00
3427.60,1006,635886,0,0,185.52,91,1727.88,0.00,0.00
3457.74,1006,641466,0,0,185.52,91,1727.88,0.00,0.00
3487.89,1006,647196,0,0,185.55,91,1727.88,0.00,0.00
3517.90,1006,652896,0,0,185.59,91,1727.88,0.00,0.00
3548.06,1006,658626,0,0,185.63,91,1727.88,0.00,0.00
3578.22,1006,664386,0,0,185.68,91,1727.88,0.00,0.00
3638.29,1006,675816,0,0,185.75,91,1727.88,0.00,0.00
3698.39,1006,687276,0,0,185.83,91,1727.88,0.00,0.00
3758.54,1006,698526,0,0,185.85,91,1727.88,0.00,0.00
3818.70,1006,709716,0,0,185.85,91,1727.88,0.00,0.00
3878.83,1006,720906,0,0,185.86,91,1727.88,0.00,0.00
3938.92,1006,732066,0,0,185.85,91,1727.88,0.00,0.00
3998.99,1006,743226,0,0,185.85,91,1727.88,0.00,0.00
4059.00,1006,754386,0,0,185.86,91,1727.88,0.00,0.00
4119.08,1007,765516,0,0,185.85,92,4071.90,0.00,0.00
4179.23,1010,776736,0,0,185.86,93,4148.78,0.00,0.00
4239.29,1010,787866,0,0,185.85,93,4148.78,0.00,0.00
4299.39,1010,799056,0,0,185.85,93,4148.78,0.00,0.00
4359.52,1010,810156,0,0,185.84,93,4148.78,0.00,0.00
4419.63,1010,821316,0,0,185.83,93,4148.78,0.00,0.00
4479.79,1010,832536,0,0,185.84,93,4148.78,0.00,0.00
4539.90,1010,843786,0,0,185.86,93,4148.78,0.00,0.00
4599.97,1010,855006,0,0,185.87,93,4148.78,0.00,0.00
4660.08,1010,866136,0,0,185.86,93,4148.78,0.00,0.00
4720.18,1010,877356,0,0,185.87,93,4148.78,0.00,0.00
4780.33,1010,888546,0,0,185.88,93,4148.78,0.00,0.00
4840.42,1010,899736,0,0,185.88,93,4148.78,0.00,0.00
4900.48,1010,910956,0,0,185.89,93,4148.78,0.00,0.00
4960.51,1010,922326,0,0,185.93,93,4148.78,0.00,0.00
5020.55,1010,933726,0,0,185.98,93,4148.78,0.00,0.00
5080.68,1010,945156,0,0,186.03,93,4148.78,0.00,0.00
5140.81,1010,956496,0,0,186.06,93,4148.78,0.00,0.00
5200.82,1010,967626,0,0,186.05,93,4148.78,0.00,0.00
5260.93,1010,978726,0,0,186.04,93,4148.78,0.00,0.00
5321.05,1011,989856,0,0,186.03,94,5314.28,0.00,0.00
5381.16,1011,1001046,0,0,186.03,94,5314.28,0.00,0.00
5441.29,1011,1012236,0,0,186.03,94,5314.28,0.00,0.00
5501.43,1011,1023366,0,0,186.02,94,5314.28,0.00,0.00
5561.48,1011,1034586,0,0,186.03,94,5314.28,0.00,0.00
5621.52,1011,1045686,0,0,186.01,94,5314.28,0.00,0.00
5681.68,1011,1056786,0,0,186.00,94,5314.28,0.00,0.00
5741.74,1011,1067902,0,0,185.99,94,5314.28,0.00,0.00
5801.90,1012,1078972,0,0,185.97,95,5755.89,0.00,0.00
5862.02,1012,1090222,0,0,185.98,95,5755.89,0.00,0.00
5922.12,1012,1101352,0,0,185.97,95,5755.89,0.00,0.00
5982.24,1012,1112542,0,0,185.97,95,5755.89,0.00,0.00
6042.27,1012,1123732,0,0,185.98,95,5755.89,0.00,0.00
6102.41,1012,1134892,0,0,185.97,95,5755.89,0.00,0.00
6162.45,1012,1146022,0,0,185.97,95,5755.89,0.00,0.00
6222.57,1012,1157212,0,0,185.97,95,5755.89,0.00,0.00
6282.65,1012,1168582,0,0,186.00,95,5755.89,0.00,0.00
6342.73,1012,1179982,0,0,186.04,95,5755.89,0.00,0.00
6402.86,1012,1191772,0,0,186.13,95,5755.89,0.00,0.00
6462.94,1012,1203322,0,0,186.19,95,5755.89,0.00,0.00
6523.07,1012,1214782,0,0,186.23,95,5755.89,0.00,0.00
6583.13,1012,1226302,0,0,186.28,95,5755.89,0.00,0.00
6643.14,1012,1237702,0,0,186.31,95,5755.89,0.00,0.00
6703.25,1012,1249222,0,0,186.36,95,5755.89,0.00,0.00
6763.36,1012,1260652,0,0,186.39,95,5755.89,0.00,0.00
6823.36,1012,1272172,0,0,186.44,95,5755.89,0.00,0.00
6883.49,1012,1283632,0,0,186.48,95,5755.89,0.00,0.00
6943.60,1012,1295092,0,0,186.52,95,5755.89,0.00,0.00
7003.69,1012,1306612,0,0,186.56,95,5755.89,0.00,0.00
7063.72,1012,1318072,0,0,186.60,95,5755.89,0.00,0.00
7123.86,1012,1329592,0,0,186.64,95,5755.89,0.00,0.00
7183.87,1028,1341158,0,0,186.69,96,7166.94,0.00,0.00
7244.01,1028,1352588,0,0,186.72,96,7166.94,0.00,0.00
7304.01,1028,1364108,0,0,186.76,96,7166.94,0.00,0.00
7364.07,1028,1375448,0,0,186.78,96,7166.94,0.00,0.00
7424.23,1028,1386908,0,0,186.81,96,7166.94,0.00,0.00
7484.36,1028,1398278,0,0,186.83,96,7166.94,0.00,0.00
7544.42,1028,1409768,0,0,186.86,96,7166.94,0.00,0.00
7604.43,1028,1421168,0,0,186.89,96,7166.94,0.00,0.00
7664.48,1028,1432598,0,0,186.91,96,7166.94,0.00,0.00
7724.63,1028,1444058,0,0,186.94,96,7166.94,0.00,0.00
7784.74,1028,1455428,0,0,186.96,96,7166.94,0.00,0.00
7844.78,1028,1466888,0,0,186.99,96,7166.94,0.00,0.00
7904.91,1028,1478228,0,0,187.00,96,7166.94,0.00,0.00
7965.05,1028,1489658,0,0,187.02,96,7166.94,0.00,0.00
8025.12,1028,1501208,0,0,187.06,96,7166.94,0.00,0.00
8085.23,1028,1512638,0,0,187.09,96,7166.94,0.00,0.00
8145.37,1028,1524068,0,0,187.11,96,7166.94,0.00,0.00
8205.50,1028,1535528,0,0,187.13,96,7166.94,0.00,0.00
8265.64,1028,1546898,0,0,187.15,96,7166.94,0.00,0.00
8325.69,1028,1558208,0,0,187.16,96,7166.94,0.00,0.00
8385.83,1028,1569578,0,0,187.17,96,7166.94,0.00,0.00
8445.85,1028,1581008,0,0,187.19,96,7166.94,0.00,0.00
8505.96,1028,1592468,0,0,187.22,96,7166.94,0.00,0.00
8565.99,1028,1603868,0,0,187.24,96,7166.94,0.00,0.00
8626.06,1028,1615238,0,0,187.25,96,7166.94,0.00,0.00
8686.19,1028,1626668,0,0,187.27,96,7166.94,0.00,0.00
8746.25,1028,1638038,0,0,187.28,96,7166.94,0.00,0.00
8806.38,1028,1649498,0,0,187.31,96,7166.94,0.00,0.00
8866.53,1028,1660958,0,0,187.33,96,7166.94,0.00,0.00
8926.61,1028,1672358,0,0,187.35,96,7166.94,0.00,0.00
8986.74,1028,1683818,0,0,187.37,96,7166.94,0.00,0.00
9046.86,1028,1695248,0,0,187.39,96,7166.94,0.00,0.00
9106.99,1028,1706558,0,0,187.39,96,7166.94,0.00,0.00
9167.13,1028,1718018,0,0,187.41,96,7166.94,0.00,0.00
9227.13,1028,1729418,0,0,187.43,96,7166.94,0.00,0.00
9287.16,1028,1740894,0,0,187.45,96,7166.94,0.00,0.00
9347.27,1028,1752384,0,0,187.48,96,7166.94,0.00,0.00
9407.43,1028,1763784,0,0,187.49,96,7166.94,0.00,0.00
9467.43,1028,1775154,0,0,187.50,96,7166.94,0.00,0.00
9527.58,1028,1786584,0,0,187.52,96,7166.94,0.00,0.00
9587.60,1028,1797954,0,0,187.53,96,7166.94,0.00,0.00
9647.68,1028,1809324,0,0,187.54,96,7166.94,0.00,0.00
9707.71,1028,1820784,0,0,187.56,96,7166.94,0.00,0.00
9767.78,1028,1832304,0,0,187.59,96,7166.94,0.00,0.00
9827.80,1028,1843764,0,0,187.61,96,7166.94,0.00,0.00
9887.90,1028,1855164,0,0,187.62,96,7166.94,0.00,0.00
9948.00,1028,1866654,0,0,187.64,96,7166.94,0.00,0.00
10008.16,1028,1878084,0,0,187.66,96,7166.94,0.00,0.00
10068.21,1028,1889424,0,0,187.66,96,7166.94,0.00,0.00
10128.33,1028,1900944,0,0,187.69,96,7166.94,0.00,0.00
10188.43,1028,1912404,0,0,187.70,96,7166.94,0.00,0.00
10248.54,1028,1923834,0,0,187.72,96,7166.94,0.00,0.00
10308.59,1028,1935324,0,0,187.74,96,7166.94,0.00,0.00
10368.70,1028,1946724,0,0,187.75,96,7166.94,0.00,0.00
10428.70,1028,1958124,0,0,187.76,96,7166.94,0.00,0.00
10488.85,1028,1969644,0,0,187.78,96,7166.94,0.00,0.00
10548.91,1028,1981104,0,0,187.80,96,7166.94,0.00,0.00
10608.99,1028,1992564,0,0,187.82,96,7166.94,0.00,0.00
10669.14,1028,2003994,0,0,187.83,96,7166.94,0.00,0.00
10729.18,1028,2015454,0,0,187.85,96,7166.94,0.00,0.00
10789.21,1028,2026810,0,0,187.86,96,7166.94,0.00,0.00
10849.30,1028,2038330,0,0,187.88,96,7166.94,0.00,0.00
10909.31,1028,2049760,0,0,187.89,96,7166.94,0.00,0.00
10969.43,1028,2061160,0,0,187.90,96,7166.94,0.00,0.00
11029.58,1028,2072560,0,0,187.91,96,7166.94,0.00,0.00
11089.63,1028,2084080,0,0,187.93,96,7166.94,0.00,0.00
11149.76,1028,2095570,0,0,187.95,96,7166.94,0.00,0.00
11209.89,1028,2106970,0,0,187.96,96,7166.94,0.00,0.00
11269.96,1028,2118490,0,0,187.98,96,7166.94,0.00,0.00
11330.08,1028,2129860,0,0,187.98,96,7166.94,0.00,0.00
11390.21,1028,2141320,0,0,188.00,96,7166.94,0.00,0.00
11450.36,1028,2152810,0,0,188.01,96,7166.94,0.00,0.00
11510.45,1028,2164180,0,0,188.02,96,7166.94,0.00,0.00
11570.61,1028,2175640,0,0,188.03,96,7166.94,0.00,0.00
11630.73,1028,2187070,0,0,188.04,96,7166.94,0.00,0.00
11690.86,1028,2198470,0,0,188.05,96,7166.94,0.00,0.00
11750.87,1028,2209870,0,0,188.06,96,7166.94,0.00,0.00
11811.00,1028,2221180,0,0,188.06,96,7166.94,0.00,0.00
11871.02,1028,2232220,0,0,188.04,96,7166.94,0.00,0.00
11931.17,1028,2243320,0,0,188.02,96,7166.94,0.00,0.00
11991.31,1028,2254360,0,0,188.00,96,7166.94,0.00,0.00
12051.45,1028,2265340,0,0,187.97,96,7166.94,0.00,0.00
12111.59,1028,2276470,0,0,187.96,96,7166.94,0.00,0.00
12171.63,1028,2287480,0,0,187.94,96,7166.94,0.00,0.00
12231.77,1028,2298580,0,0,187.92,96,7166.94,0.00,0.00
12291.87,1028,2309650,0,0,187.90,96,7166.94,0.00,0.00
12351.93,1028,2320780,0,0,187.89,96,7166.94,0.00,0.00
12411.99,1028,2331940,0,0,187.88,96,7166.94,0.00,0.00
12472.03,1028,2343100,0,0,187.87,96,7166.94,0.00,0.00
12532.16,1028,2354140,0,0,187.85,96,7166.94,0.00,0.00
12592.27,1028,2365090,0,0,187.82,96,7166.94,0.00,0.00
12652.38,1028,2376130,0,0,187.80,96,7166.94,0.00,0.00
12712.45,1028,2387260,0,0,187.79,96,7166.94,0.00,0.00
12772.45,1028,2398360,0,0,187.78,96,7166.94,0.00,0.00
12832.51,1028,2409550,0,0,187.77,96,7166.94,0.00,0.00
12892.58,1028,2420680,0,0,187.76,96,7166.94,0.00,0.00
12952.60,1028,2431720,0,0,187.74,96,7166.94,0.00,0.00
13012.66,1028,2442790,0,0,187.72,96,7166.94,0.00,0.00
13072.82,1028,2453830,0,0,187.70,96,7166.94,0.00,0.00
13132.85,1028,2464840,0,0,187.69,96,7166.94,0.00,0.00
13192.86,1028,2475866,0,0,187.67,96,7166.94,0.00,0.00
13252.89,1028,2486996,0,0,187.66,96,7166.94,0.00,0.00
13312.93,1028,2498096,0,0,187.64,96,7166.94,0.00,0.00
13372.99,1028,2509106,0,0,187.62,96,7166.94,0.00,0.00
13433.04,1028,2520176,0,0,187.61,96,7166.94,0.00,0.00
13493.17,1028,2531246,0,0,187.59,96,7166.94,0.00,0.00
13553.22,1028,2542346,0,0,187.58,96,7166.94,0.00,0.00
13613.27,1028,2553416,0,0,187.57,96,7166.94,0.00,0.00
13673.40,1028,2564456,0,0,187.55,96,7166.94,0.00,0.00
13733.45,1028,2575466,0,0,187.53,96,7166.94,0.00,0.00
13793.60,1028,2586566,0,0,187.52,96,7166.94,0.00,0.00
13853.73,1028,2597576,0,0,187.50,96,7166.94,0.00,0.00
13913.80,1028,2608676,0,0,187.49,96,7166.94,0.00,0.00
13973.81,1028,2619716,0,0,187.47,96,7166.94,0.00,0.00
14033.92,1028,2630876,0,0,187.47,96,7166.94,0.00,0.00
14094.03,1028,2642096,0,0,187.46,96,7166.94,0.00,0.00
14154.13,1028,2653376,0,0,187.46,96,7166.94,0.00,0.00
14214.19,1028,2664536,0,0,187.46,96,7166.94,0.00,0.00
14274.20,1028,2675606,0,0,187.44,96,7166.94,0.00,0.00
14334.33,1028,2686736,0,0,187.43,96,7166.94,0.00,0.00
14394.47,1028,2697866,0,0,187.42,96,7166.94,0.00,0.00
14454.55,1028,2709056,0,0,187.42,96,7166.94,0.00,0.00
14514.65,1028,2720366,0,0,187.42,96,7166.94,0.00,0.00
14574.70,1028,2731556,0,0,187.42,96,7166.94,0.00,0.00
14634.73,1028,2742806,0,0,187.42,96,7166.94,0.00,0.00
14694.75,1028,2753996,0,0,187.41,96,7166.94,0.00,0.00
14754.80,1028,2765156,0,0,187.41,96,7166.94,0.00,0.00
14814.84,1028,2776376,0,0,187.41,96,7166.94,0.00,0.00
14874.99,1028,2787446,0,0,187.39,96,7166.94,0.00,0.00
14935.05,1028,2798576,0,0,187.38,96,7166.94,0.00,0.00
14995.08,1028,2809616,0,0,187.37,96,7166.94,0.00,0.00
15055.16,1028,2820716,0,0,187.36,96,7166.94,0.00,0.00
15115.19,1028,2831786,0,0,187.35,96,7166.94,0.00,0.00
15175.29,1028,2842886,0,0,187.34,96,7166.94,0.00,0.00
15235.31,1028,2854046,0,0,187.33,96,7166.94,0.00,0.00
15295.33,1028,2865176,0,0,187.32,96,7166.94,0.00,0.00
15355.37,1028,2876336,0,0,187.32,96,7166.94,0.00,0.00
15415.47,1028,2887526,0,0,187.31,96,7166.94,0.00,0.00
15475.50,1028,2898716,0,0,187.31,96,7166.94,0.00,0.00
15535.53,1028,2909936,0,0,187.31,96,7166.94,0.00,0.00
15595.55,1028,2921246,0,0,187.31,96,7166.94,0.00,0.00
15655.69,1028,2932616,0,0,187.32,96,7166.94,0.00,0.00
15715.75,1028,2943806,0,0,187.32,96,7166.94,0.00,0.00
15775.79,1028,2954906,0,0,187.31,96,7166.94,0.00,0.00
15835.83,1028,2966006,0,0,187.30,96,7166.94,0.00,0.00
15895.90,1028,2977106,0,0,187.29,96,7166.94,0.00,0.00
15956.08,1028,2988206,0,0,187.28,96,7166.94,0.00,0.00
16016.12,1028,2999306,0,0,187.27,96,7166.94,0.00,0.00
16076.24,1028,3010316,0,0,187.25,96,7166.94,0.00,0.00
16136.29,1028,3021326,0,0,187.24,96,7166.94,0.00,0.00
16196.34,1028,3032456,0,0,187.23,96,7166.94,0.00,0.00
16256.35,1028,3043496,0,0,187.22,96,7166.94,0.00,0.00
16316.35,1028,3054506,0,0,187.21,96,7166.94,0.00,0.00
16376.45,1028,3065516,0,0,187.19,96,7166.94,0.00,0.00
16436.49,1028,3076616,0,0,187.18,96,7166.94,0.00,0.00
16496.68,1028,3087656,0,0,187.17,96,7166.94,0.00,0.00
16556.69,1028,3098636,0,0,187.15,96,7166.94,0.00,0.00
16616.72,1028,3109766,0,0,187.15,96,7166.94,0.00,0.00
16676.85,1028,3120896,0,0,187.14,96,7166.94,0.00,0.00
16736.90,1028,3131996,0,0,187.13,96,7166.94,0.00,0.00
16796.94,1028,3143096,0,0,187.12,96,7166.94,0.00,0.00
16857.09,1028,3154136,0,0,187.11,96,7166.94,0.00,0.00
16917.09,1028,3165176,0,0,187.10,96,7166.94,0.00,0.00
16977.21,1028,3176216,0,0,187.09,96,7166.94,0.00,0.00
17037.23,1028,3187226,0,0,187.07,96,7166.94,0.00,0.00
17097.23,1028,3198266,0,0,187.06,96,7166.94,0.00,0.00
17157.27,1028,3209366,0,0,187.06,96,7166.94,0.00,0.00
17217.27,1028,3220436,0,0,187.05,96,7166.94,0.00,0.00
17277.31,1028,3231506,0,0,187.04,96,7166.94,0.00,0.00
17337.38,1028,3242666,0,0,187.03,96,7166.94,0.00,0.00
17397.45,1028,3253632,0,0,187.02,96,7166.94,0.00,0.00
17457.45,1028,3264702,0,0,187.01,96,7166.94,0.00,0.00
17517.54,1028,3275742,0,0,187.00,96,7166.94,0.00,0.00
17577.70,1028,3286842,0,0,186.99,96,7166.94,0.00,0.00
17637.75,1028,3297912,0,0,186.98,96,7166.94,0.00,0.00
17697.85,1028,3308952,0,0,186.97,96,7166.94,0.00,0.00
17757.88,1028,3320022,0,0,186.96,96,7166.94,0.00,0.00
17818.02,1028,3331032,0,0,186.95,96,7166.94,0.00,0.00
17878.12,1028,3342162,0,0,186.94,96,7166.94,0.00,0.00
17938.21,1028,3353262,0,0,186.93,96,7166.94,0.00,0.00
17998.23,1028,3364272,0,0,186.92,96,7166.94,0.00,0.00
18058.34,1028,3375312,0,0,186.91,96,7166.94,0.00,0.00
18118.46,1028,3386382,0,0,186.90,96,7166.94,0.00,0.00
18178.53,1028,3397422,0,0,186.89,96,7166.94,0.00,0.00
18238.62,1028,3408522,0,0,186.88,96,7166.94,0.00,0.00
18298.67,1028,3419532,0,0,186.87,96,7166.94,0.00,0.00
18358.68,1028,3430692,0,0,186.87,96,7166.94,0.00,0.00
18418.81,1028,3441822,0,0,186.86,96,7166.94,0.00,0.00
18478.91,1028,3452982,0,0,186.86,96,7166.94,0.00,0.00
18538.99,1028,3464052,0,0,186.85,96,7166.94,0.00,0.00
18599.13,1028,3475182,0,0,186.85,96,7166.94,0.00,0.00
18659.15,1028,3486252,0,0,186.84,96,7166.94,0.00,0.00
18719.23,1028,3497172,0,0,186.82,96,7166.94,0.00,0.00
18779.28,1028,3507792,0,0,186.79,96,7166.94,0.00,0.00
18839.38,1028,3518442,0,0,186.76,96,7166.94,0.00,0.00
18899.54,1028,3529062,0,0,186.73,96,7166.94,0.00,0.00
18959.61,1028,3539592,0,0,186.69,96,7166.94,0.00,0.00
19019.73,1028,3550152,0,0,186.66,96,7166.94,0.00,0.00
19079.86,1028,3560712,0,0,186.62,96,7166.94,0.00,0.00
19140.00,1028,3571272,0,0,186.59,96,7166.94,0.00,0.00
19200.06,1028,3581772,0,0,186.55,96,7166.94,0.00,0.00
19260.22,1028,3592332,0,0,186.52,96,7166.94,0.00,0.00
19320.36,1028,3602952,0,0,186.48,96,7166.94,0.00,0.00
19380.52,1028,3613512,0,0,186.45,96,7166.94,0.00,0.00
19440.58,1028,3624118,0,0,186.42,96,7166.94,0.00,0.00
19500.68,1028,3634798,0,0,186.39,96,7166.94,0.00,0.00
19560.79,1028,3645298,0,0,186.36,96,7166.94,0.00,0.00
19620.92,1028,3655858,0,0,186.32,96,7166.94,0.00,0.00
19681.02,1028,3666388,0,0,186.29,96,7166.94,0.00,0.00
19741.03,1028,3676918,0,0,186.26,96,7166.94,0.00,0.00
19801.10,1028,3687464,0,0,186.23,96,7166.94,0.00,0.00
19861.11,1028,3698114,0,0,186.20,96,7166.94,0.00,0.00
19921.23,1028,3708734,0,0,186.17,96,7166.94,0.00,0.00
19981.26,1028,3719354,0,0,186.14,96,7166.94,0.00,0.00
20041.32,1028,3730004,0,0,186.12,96,7166.94,0.00,0.00
20101.49,1028,3740534,0,0,186.08,96,7166.94,0.00,0.00
20161.59,1028,3751184,0,0,186.06,96,7166.94,0.00,0.00
20221.60,1028,3761804,0,0,186.03,96,7166.94,0.00,0.00
20281.65,1028,3772424,0,0,186.00,96,7166.94,0.00,0.00
20341.68,1028,3782984,0,0,185.97,96,7166.94,0.00,0.00
20401.72,1028,3793590,0,0,185.94,96,7166.94,0.00,0.00
20461.85,1028,3804180,0,0,185.92,96,7166.94,0.00,0.00
20521.89,1028,3814770,0,0,185.89,96,7166.94,0.00,0.00
20581.94,1028,3825390,0,0,185.86,96,7166.94,0.00,0.00
20642.10,1028,3836070,0,0,185.84,96,7166.94,0.00,0.00
20702.19,1028,3846750,0,0,185.81,96,7166.94,0.00,0.00
20762.38,1028,3857460,0,0,185.79,96,7166.94,0.00,0.00
20822.41,1028,3868050,0,0,185.76,96,7166.94,0.00,0.00
20882.47,1028,3878670,0,0,185.74,96,7166.94,0.00,0.00
20942.55,1028,3889260,0,0,185.71,96,7166.94,0.00,0.00
21002.66,1028,3899910,0,0,185.69,96,7166.94,0.00,0.00
21062.70,1028,3910560,0,0,185.66,96,7166.94,0.00,0.00
21122.81,1028,3921270,0,0,185.64,96,7166.94,0.00,0.00
21182.91,1028,3931950,0,0,185.62,96,7166.94,0.00,0.00
21242.96,1028,3942480,0,0,185.59,96,7166.94,0.00,0.00
21303.03,1028,3953220,0,0,185.57,96,7166.94,0.00,0.00
21363.17,1028,3963960,0,0,185.55,96,7166.94,0.00,0.00
21423.30,1028,3974640,0,0,185.53,96,7166.94,0.00,0.00
21483.44,1028,3985320,0,0,185.51,96,7166.94,0.00,0.00
21543.45,1028,3995910,0,0,185.48,96,7166.94,0.00,0.00
21603.57,1028,4006590,0,0,185.46,96,7166.94,0.00,0.00
21663.60,1028,4017180,0,0,185.43,96,7166.94,0.00,0.00
21723.75,1028,4027830,0,0,185.41,96,7166.94,0.00,0.00
21783.81,1028,4038600,0,0,185.39,96,7166.94,0.00,0.00
21843.90,1028,4049310,0,0,185.37,96,7166.94,0.00,0.00
21904.05,1028,4059990,0,0,185.35,96,7166.94,0.00,0.00
21964.07,1028,4070640,0,0,185.33,96,7166.94,0.00,0.00
22024.21,1028,4081260,0,0,185.31,96,7166.94,0.00,0.00
22084.33,1028,4091850,0,0,185.28,96,7166.94,0.00,0.00
22144.47,1028,4102500,0,0,185.26,96,7166.94,0.00,0.00
22204.56,1028,4113090,0,0,185.24,96,7166.94,0.00,0.00
22264.57,1028,4123680,0,0,185.21,96,7166.94,0.00,0.00
22324.73,1028,4134360,0,0,185.19,96,7166.94,0.00,0.00
22384.90,1028,4145040,0,0,185.17,96,7166.94,0.00,0.00
22445.02,1028,4155720,0,0,185.15,96,7166.94,0.00,0.00
22505.15,1028,4166370,0,0,185.13,96,7166.94,0.00,0.00
22565.22,1028,4177050,0,0,185.11,96,7166.94,0.00,0.00
22625.33,1028,4187790,0,0,185.09,96,7166.94,0.00,0.00
22685.47,1028,4198590,0,0,185.08,96,7166.94,0.00,0.00
22745.51,1028,4209300,0,0,185.06,96,7166.94,0.00,0.00
22805.56,1028,4220070,0,0,185.05,96,7166.94,0.00,0.00
22865.70,1028,4230900,0,0,185.03,96,7166.94,0.00,0.00
22925.74,1028,4241700,0,0,185.02,96,7166.94,0.00,0.00
22985.77,1028,4252440,0,0,185.00,96,7166.94,0.00,0.00
23045.92,1028,4263210,0,0,184.99,96,7166.94,0.00,0.00
23106.04,1028,4273980,0,0,184.97,96,7166.94,0.00,0.00
23166.12,1028,4284600,0,0,184.95,96,7166.94,0.00,0.00
23226.20,1028,4295370,0,0,184.94,96,7166.94,0.00,0.00
23286.26,1028,4306110,0,0,184.92,96,7166.94,0.00,0.00
23346.43,1028,4316880,0,0,184.91,96,7166.94,0.00,0.00
23406.46,1028,4327590,0,0,184.89,96,7166.94,0.00,0.00
23466.52,1028,4338300,0,0,184.87,96,7166.94,0.00,0.00
23526.60,1028,4348980,0,0,184.85,96,7166.94,0.00,0.00
23586.62,1028,4359660,0,0,184.84,96,7166.94,0.00,0.00
23646.74,1028,4370490,0,0,184.82,96,7166.94,0.00,0.00
23706.86,1028,4381110,0,0,184.80,96,7166.94,0.00,0.00
23767.01,1028,4391910,0,0,184.79,96,7166.94,0.00,0.00
23827.10,1028,4402500,0,0,184.77,96,7166.94,0.00,0.00
23887.27,1028,4413210,0,0,184.75,96,7166.94,0.00,0.00
23947.39,1028,4424010,0,0,184.74,96,7166.94,0.00,0.00
24007.52,1028,4434900,0,0,184.73,96,7166.94,0.00,0.00
24067.61,1028,4445760,0,0,184.72,96,7166.94,0.00,0.00
24127.68,1028,4456590,0,0,184.71,96,7166.94,0.00,0.00
24187.83,1028,4467270,0,0,184.69,96,7166.94,0.00,0.00
24247.93,1028,4478070,0,0,184.68,96,7166.94,0.00,0.00
24307.99,1028,4488870,0,0,184.67,96,7166.94,0.00,0.00
24368.03,1028,4499430,0,0,184.64,96,7166.94,0.00,0.00
24428.08,1028,4510006,0,0,184.62,96,7166.94,0.00,0.00
24488.12,1028,4520716,0,0,184.61,96,7166.94,0.00,0.00
24548.26,1028,4531366,0,0,184.59,96,7166.94,0.00,0.00
24608.28,1028,4541986,0,0,184.57,96,7166.94,0.00,0.00
24668.30,1028,4552666,0,0,184.56,96,7166.94,0.00,0.00
24728.42,1028,4563286,0,0,184.54,96,7166.94,0.00,0.00
24788.48,1028,4574116,0,0,184.53,96,7166.94,0.00,0.00
24848.56,1028,4584796,0,0,184.51,96,7166.94,0.00,0.00
24908.69,1028,4595446,0,0,184.49,96,7166.94,0.00,0.00
24968.84,1028,4606052,0,0,184.47,96,7166.94,0.00,0.00
25029.01,1028,4616732,0,0,184.46,96,7166.94,0.00,0.00
25089.02,1028,4627352,0,0,184.44,96,7166.94,0.00,0.00
25149.04,1028,4637972,0,0,184.42,96,7166.94,0.00,0.00
25209.09,1028,4648592,0,0,184.40,96,7166.94,0.00,0.00
25269.20,1028,4659242,0,0,184.38,96,7166.94,0.00,0.00
25329.29,1028,4669922,0,0,184.37,96,7166.94,0.00,0.00
25389.42,1028,4680812,0,0,184.36,96,7166.94,0.00,0.00
25449.44,1028,4691762,0,0,184.36,96,7166.94,0.00,0.00
25509.61,1028,4702592,0,0,184.35,96,7166.94,0.00,0.00
25569.70,1028,4713302,0,0,184.33,96,7166.94,0.00,0.00
25629.81,1028,4723982,0,0,184.32,96,7166.94,0.00,0.00
25689.90,1028,4734632,0,0,184.30,96,7166.94,0.00,0.00
25750.02,1028,4745252,0,0,184.28,96,7166.94,0.00,0.00
25810.09,1028,4755932,0,0,184.27,96,7166.94,0.00,0.00
25870.23,1028,4766658,0,0,184.25,96,7166.94,0.00,0.00
25930.28,1028,4777248,0,0,184.23,96,7166.94,0.00,0.00
25990.33,1028,4787928,0,0,184.22,96,7166.94,0.00,0.00
26050.45,1028,4798638,0,0,184.21,96,7166.94,0.00,0.00
26110.46,1028,4809318,0,0,184.19,96,7166.94,0.00,0.00
26170.52,1028,4819968,0,0,184.18,96,7166.94,0.00,0.00
26230.67,1028,4830708,0,0,184.16,96,7166.94,0.00,0.00
26290.83,1028,4841388,0,0,184.15,96,7166.94,0.00,0.00
26350.88,1028,4852054,0,0,184.13,96,7166.94,0.00,0.00
26410.92,1028,4862614,0,0,184.11,96,7166.94,0.00,0.00
26471.09,1028,4873264,0,0,184.10,96,7166.94,0.00,0.00
26531.14,1028,4883974,0,0,184.08,96,7166.94,0.00,0.00
26591.27,1028,4894624,0,0,184.07,96,7166.94,0.00,0.00
26651.32,1028,4905334,0,0,184.06,96,7166.94,0.00,0.00
26711.41,1028,4916044,0,0,184.04,96,7166.94,0.00,0.00
26771.45,1028,4926754,0,0,184.03,96,7166.94,0.00,0.00
26831.50,1028,4937284,0,0,184.01,96,7166.94,0.00,0.00
26891.52,1028,4948024,0,0,184.00,96,7166.94,0.00,0.00
26951.53,1028,4958914,0,0,183.99,96,7166.94,0.00,0.00
27011.59,1028,4969804,0,0,183.99,96,7166.94,0.00,0.00
27071.65,1028,4980724,0,0,183.98,96,7166.94,0.00,0.00
27131.68,1028,4991644,0,0,183.98,96,7166.94,0.00,0.00
27191.75,1028,5002264,0,0,183.96,96,7166.94,0.00,0.00
27251.79,1028,5012974,0,0,183.95,96,7166.94,0.00,0.00
27311.83,1028,5023504,0,0,183.93,96,7166.94,0.00,0.00
27371.88,1028,5034200,0,0,183.92,96,7166.94,0.00,0.00
27431.98,1028,5044880,0,0,183.91,96,7166.94,0.00,0.00
27492.09,1028,5055560,0,0,183.89,96,7166.94,0.00,0.00
27552.23,1028,5066240,0,0,183.88,96,7166.94,0.00,0.00
27612.39,1028,5076950,0,0,183.86,96,7166.94,0.00,0.00
27672.44,1028,5087630,0,0,183.85,96,7166.94,0.00,0.00
27732.58,1028,5098280,0,0,183.84,96,7166.94,0.00,0.00
27792.72,1028,5108990,0,0,183.82,96,7166.94,0.00,0.00
27852.80,1028,5119746,0,0,183.81,96,7166.94,0.00,0.00
27912.86,1028,5130426,0,0,183.80,96,7166.94,0.00,0.00
27972.94,1028,5140956,0,0,183.78,96,7166.94,0.00,0.00
28033.06,1028,5151546,0,0,183.77,96,7166.94,0.00,0.00
28093.24,1028,5162166,0,0,183.75,96,7166.94,0.00,0.00
28153.31,1028,5172802,0,0,183.74,96,7166.94,0.00,0.00
28213.43,1028,5183482,0,0,183.72,96,7166.94,0.00,0.00
28273.57,1028,5194222,0,0,183.71,96,7166.94,0.00,0.00
28333.58,1028,5205082,0,0,183.71,96,7166.94,0.00,0.00
28393.61,1028,5215928,0,0,183.70,96,7166.94,0.00,0.00
28453.64,1028,5226758,0,0,183.69,96,7166.94,0.00,0.00
28513.71,1028,5237558,0,0,183.69,96,7166.94,0.00,0.00
28573.80,1028,5248358,0,0,183.68,96,7166.94,0.00,0.00
28633.82,1028,5259158,0,0,183.67,96,7166.94,0.00,0.00
28693.90,1028,5269958,0,0,183.66,96,7166.94,0.00,0.00
28754.03,1028,5280788,0,0,183.65,96,7166.94,0.00,0.00
28814.07,1028,5291558,0,0,183.64,96,7166.94,0.00,0.00
28874.07,1028,5302298,0,0,183.64,96,7166.94,0.00,0.00
28934.20,1028,5313008,0,0,183.62,96,7166.94,0.00,0.00
28994.32,1028,5323628,0,0,183.61,96,7166.94,0.00,0.00
29054.47,1028,5334398,0,0,183.60,96,7166.94,0.00,0.00
29114.64,1028,5345138,0,0,183.59,96,7166.94,0.00,0.00
29174.68,1028,5355788,0,0,183.58,96,7166.94,0.00,0.00
29234.69,1028,5366438,0,0,183.56,96,7166.94,0.00,0.00
29294.80,1028,5377178,0,0,183.55,96,7166.94,0.00,0.00
29354.86,1028,5387828,0,0,183.54,96,7166.94,0.00,0.00
29414.98,1028,5398508,0,0,183.53,96,7166.94,0.00,0.00
29475.03,1028,5409218,0,0,183.52,96,7166.94,0.00,0.00
29535.18,1028,5419958,0,0,183.51,96,7166.94,0.00,0.00
29595.24,1028,5430758,0,0,183.50,96,7166.94,0.00,0.00
29655.25,1028,5441558,0,0,183.49,96,7166.94,0.00,0.00
29715.38,1028,5452418,0,0,183.49,96,7166.94,0.00,0.00
29775.49,1028,5463308,0,0,183.48,96,7166.94,0.00,0.00
29835.61,1028,5474048,0,0,183.47,96,7166.94,0.00,0.00
29895.78,1028,5484728,0,0,183.46,96,7166.94,0.00,0.00
29955.80,1028,5495348,0,0,183.45,96,7166.94,0.00,0.00
30015.82,1028,5506028,0,0,183.44,96,7166.94,0.00,0.00
30075.84,1028,5516798,0,0,183.43,96,7166.94,0.00,0.00
30135.98,1028,5527538,0,0,183.42,96,7166.94,0.00,0.00
30196.05,1028,5538218,0,0,183.41,96,7166.94,0.00,0.00
30256.07,1028,5548884,0,0,183.40,96,7166.94,0.00,0.00
30316.23,1028,5559594,0,0,183.39,96,7166.94,0.00,0.00
30376.34,1028,5570244,0,0,183.37,96,7166.94,0.00,0.00
30436.40,1028,5580850,0,0,183.36,96,7166.94,0.00,0.00
30496.56,1028,5591500,0,0,183.35,96,7166.94,0.00,0.00
30556.61,1028,5602180,0,0,183.34,96,7166.94,0.00,0.00
30616.63,1028,5612890,0,0,183.33,96,7166.94,0.00,0.00
30676.74,1028,5623480,0,0,183.31,96,7166.94,0.00,0.00
30736.85,1028,5634100,0,0,183.30,96,7166.94,0.00,0.00
30796.99,1028,5644810,0,0,183.29,96,7166.94,0.00,0.00
30857.09,1028,5655400,0,0,183.28,96,7166.94,0.00,0.00
30917.14,1028,5666080,0,0,183.27,96,7166.94,0.00,0.00
30977.18,1028,5676730,0,0,183.26,96,7166.94,0.00,0.00
31037.29,1028,5687440,0,0,183.25,96,7166.94,0.00,0.00
31097.34,1028,5698150,0,0,183.24,96,7166.94,0.00,0.00
31157.47,1028,5708860,0,0,183.23,96,7166.94,0.00,0.00
31217.51,1028,5719570,0,0,183.22,96,7166.94,0.00,0.00
31277.59,1028,5730280,0,0,183.21,96,7166.94,0.00,0.00
31337.67,1028,5740900,0,0,183.19,96,7166.94,0.00,0.00
31397.81,1028,5751580,0,0,183.18,96,7166.94,0.00,0.00
31457.94,1028,5762290,0,0,183.17,96,7166.94,0.00,0.00
31518.02,1028,5772910,0,0,183.16,96,7166.94,0.00,0.00
31578.02,1028,5783560,0,0,183.15,96,7166.94,0.00,0.00
31638.04,1028,5794180,0,0,183.14,96,7166.94,0.00,0.00
31698.06,1028,5804740,0,0,183.13,96,7166.94,0.00,0.00
31758.12,1028,5815390,0,0,183.12,96,7166.94,0.00,0.00
31818.25,1028,5826070,0,0,183.10,96,7166.94,0.00,0.00
31878.42,1028,5836780,0,0,183.10,96,7166.94,0.00,0.00
31938.44,1028,5847490,0,0,183.09,96,7166.94,0.00,0.00
31998.57,1028,5858290,0,0,183.08,96,7166.94,0.00,0.00
32058.62,1028,5869030,0,0,183.07,96,7166.94,0.00,0.00
32118.72,1028,5879680,0,0,183.06,96,7166.94,0.00,0.00
32178.88,1028,5890390,0,0,183.05,96,7166.94,0.00,0.00
32238.94,1028,5900980,0,0,183.04,96,7166.94,0.00,0.00
32299.10,1028,5911660,0,0,183.03,96,7166.94,0.00,0.00
32359.20,1028,5922370,0,0,183.02,96,7166.94,0.00,0.00
32419.36,1028,5932990,0,0,183.01,96,7166.94,0.00,0.00
32479.50,1028,5943580,0,0,182.99,96,7166.94,0.00,0.00
32539.57,1028,5954260,0,0,182.99,96,7166.94,0.00,0.00
32599.64,1028,5964850,0,0,182.97,96,7166.94,0.00,0.00
32659.65,1028,5975320,0,0,182.96,96,7166.94,0.00,0.00
32719.69,1028,5985940,0,0,182.95,96,7166.94,0.00,0.00
32779.74,1028,5996530,0,0,182.93,96,7166.94,0.00,0.00
32839.84,1028,6007150,0,0,182.92,96,7166.94,0.00,0.00
32899.90,1028,6017770,0,0,182.91,96,7166.94,0.00,0.00
32959.94,1028,6028390,0,0,182.90,96,7166.94,0.00,0.00
33019.99,1028,6039040,0,0,182.89,96,7166.94,0.00,0.00
33080.00,1028,6049720,0,0,182.88,96,7166.94,0.00,0.00
33140.03,1028,6060310,0,0,182.87,96,7166.94,0.00,0.00
33200.07,1028,6070930,0,0,182.86,96,7166.94,0.00,0.00
33260.13,1028,6081550,0,0,182.85,96,7166.94,0.00,0.00
33320.17,1028,6092020,0,0,182.83,96,7166.94,0.00,0.00
33380.27,1028,6102700,0,0,182.82,96,7166.94,0.00,0.00
33440.32,1028,6113320,0,0,182.81,96,7166.94,0.00,0.00
33500.39,1028,6123880,0,0,182.80,96,7166.94,0.00,0.00
33560.49,1028,6134560,0,0,182.79,96,7166.94,0.00,0.00
33620.62,1028,6145180,0,0,182.78,96,7166.94,0.00,0.00
33680.63,1028,6155740,0,0,182.77,96,7166.94,0.00,0.00
33740.76,1028,6166360,0,0,182.76,96,7166.94,0.00,0.00
33800.79,1028,6176710,0,0,182.74,96,7166.94,0.00,0.00
33860.80,1028,6187330,0,0,182.73,96,7166.94,0.00,0.00
33920.90,1028,6197920,0,0,182.72,96,7166.94,0.00,0.00
33980.90,1028,6208526,0,0,182.71,96,7166.94,0.00,0.00
34040.94,1028,6219206,0,0,182.70,96,7166.94,0.00,0.00
34101.04,1028,6229766,0,0,182.69,96,7166.94,0.00,0.00
34161.15,1028,6240386,0,0,182.67,96,7166.94,0.00,0.00
34221.17,1028,6251066,0,0,182.67,96,7166.94,0.00,0.00
34281.34,1028,6261746,0,0,182.66,96,7166.94,0.00,0.00
34341.44,1032,6272276,0,0,182.64,97,34336.08,0.00,0.00
34401.57,1032,6282926,0,0,182.63,97,34336.08,0.00,0.00
34461.66,1032,6293666,0,0,182.63,97,34336.08,0.00,0.00
34521.67,1032,6304346,0,0,182.62,97,34336.08,0.00,0.00
34581.68,1032,6314996,0,0,182.61,97,34336.08,0.00,0.00
34641.72,1032,6325706,0,0,182.60,97,34336.08,0.00,0.00
34701.73,1032,6336386,0,0,182.60,97,34336.08,0.00,0.00
34761.85,1032,6347096,0,0,182.59,97,34336.08,0.00,0.00
34821.92,1032,6357806,0,0,182.58,97,34336.08,0.00,0.00
34881.94,1032,6368516,0,0,182.57,97,34336.08,0.00,0.00
34942.04,1032,6379166,0,0,182.56,97,34336.08,0.00,0.00
35002.06,1032,6389846,0,0,182.56,97,34336.08,0.00,0.00
35062.11,1032,6400526,0,0,182.55,97,34336.08,0.00,0.00
35122.19,1032,6411162,0,0,182.54,97,34336.08,0.00,0.00
35182.27,1032,6421842,0,0,182.53,97,34336.08,0.00,0.00
35242.35,1032,6432492,0,0,182.52,97,34336.08,0.00,0.00
35302.41,1032,6443112,0,0,182.51,97,34336.08,0.00,0.00
35362.56,1032,6453642,0,0,182.50,97,34336.08,0.00,0.00
35422.61,1032,6464322,0,0,182.49,97,34336.08,0.00,0.00
35482.67,1032,6475002,0,0,182.48,97,34336.08,0.00,0.00
35542.69,1032,6485682,0,0,182.48,97,34336.08,0.00,0.00
35602.72,1032,6496362,0,0,182.47,97,34336.08,0.00,0.00
35662.78,1032,6507072,0,0,182.46,97,34336.08,0.00,0.00
35722.79,1032,6517692,0,0,182.45,97,34336.08,0.00,0.00
35782.79,1032,6528372,0,0,182.44,97,34336.08,0.00,0.00
35842.95,1032,6538902,0,0,182.43,97,34336.08,0.00,0.00
35902.96,1032,6549522,0,0,182.42,97,34336.08,0.00,0.00
35963.00,1032,6560158,0,0,182.41,97,34336.08,0.00,0.00
36023.10,1032,6570778,0,0,182.40,97,34336.08,0.00,0.00
36083.19,1032,6581488,0,0,182.40,97,34336.08,0.00,0.00
36143.36,1032,6591748,0,0,182.38,97,34336.08,0.00,0.00
36203.50,1032,6602308,0,0,182.37,97,34336.08,0.00,0.00
36263.52,1032,6612898,0,0,182.36,97,34336.08,0.00,0.00
36323.59,1032,6623458,0,0,182.35,97,34336.08,0.00,0.00
36383.72,1032,6634168,0,0,182.34,97,34336.08,0.00,0.00
36443.86,1032,6644758,0,0,182.33,97,34336.08,0.00,0.00
36503.93,1032,6655468,0,0,182.32,97,34336.08,0.00,0.00
36563.97,1032,6666118,0,0,182.31,97,34336.08,0.00,0.00
36624.14,1032,6676828,0,0,182.31,97,34336.08,0.00,0.00
36684.28,1032,6687508,0,0,182.30,97,34336.08,0.00,0.00
36744.29,1032,6698128,0,0,182.29,97,34336.08,0.00,0.00
36804.35,1032,6708778,0,0,182.28,97,34336.08,0.00,0.00
36864.38,1032,6719398,0,0,182.27,97,34336.08,0.00,0.00
36924.50,1032,6730018,0,0,182.26,97,34336.08,0.00,0.00
36984.54,1032,6740728,0,0,182.26,97,34336.08,0.00,0.00
37044.56,1032,6751348,0,0,182.25,97,34336.08,0.00,0.00
37104.58,1032,6762058,0,0,182.24,97,34336.08,0.00,0.00
37164.72,1032,6772648,0,0,182.23,97,34336.08,0.00,0.00
37224.87,1032,6783328,0,0,182.23,97,34336.08,0.00,0.00
37285.02,1032,6793978,0,0,182.22,97,34336.08,0.00,0.00
37345.14,1032,6804658,0,0,182.21,97,34336.08,0.00,0.00
37405.19,1032,6815278,0,0,182.20,97,34336.08,0.00,0.00
37465.34,1032,6825958,0,0,182.19,97,34336.08,0.00,0.00
37525.37,1032,6836668,0,0,182.19,97,34336.08,0.00,0.00
37585.48,1032,6847288,0,0,182.18,97,34336.08,0.00,0.00
37645.57,1032,6858028,0,0,182.17,97,34336.08,0.00,0.00
37705.72,1032,6868678,0,0,182.17,97,34336.08,0.00,0.00
37765.88,1032,6879328,0,0,182.16,97,34336.08,0.00,0.00
37826.02,1032,6890068,0,0,182.15,97,34336.08,0.00,0.00
37886.10,1032,6900688,0,0,182.14,97,34336.08,0.00,0.00
37946.11,1032,6911338,0,0,182.14,97,34336.08,0.00,0.00
38006.14,1032,6922018,0,0,182.13,97,34336.08,0.00,0.00
38066.24,1032,6932668,0,0,182.12,97,34336.08,0.00,0.00
38126.28,1032,6943288,0,0,182.11,97,34336.08,0.00,0.00
38186.42,1032,6953938,0,0,182.11,97,34336.08,0.00,0.00
38246.43,1032,6964438,0,0,182.09,97,34336.08,0.00,0.00
38306.47,1032,6975058,0,0,182.09,97,34336.08,0.00,0.00
38366.50,1032,6985618,0,0,182.08,97,34336.08,0.00,0.00
38426.59,1032,6996238,0,0,182.07,97,34336.08,0.00,0.00
38486.74,1032,7006874,0,0,182.06,97,34336.08,0.00,0.00
38546.91,1032,7017524,0,0,182.05,97,34336.08,0.00,0.00
38606.95,1032,7028204,0,0,182.05,97,34336.08,0.00,0.00
38667.07,1032,7038914,0,0,182.04,97,34336.08,0.00,0.00
38727.20,1032,7049594,0,0,182.03,97,34336.08,0.00,0.00
38787.30,1032,7060304,0,0,182.03,97,34336.08,0.00,0.00
38847.32,1032,7071194,0,0,182.03,97,34336.08,0.00,0.00
38907.44,1032,7081874,0,0,182.02,97,34336.08,0.00,0.00
38967.57,1032,7092554,0,0,182.01,97,34336.08,0.00,0.00
39027.73,1032,7103234,0,0,182.00,97,34336.08,0.00,0.00
39087.80,1032,7113794,0,0,182.00,97,34336.08,0.00,0.00
39147.97,1032,7124444,0,0,181.99,97,34336.08,0.00,0.00
39208.12,1032,7135064,0,0,181.98,97,34336.08,0.00,0.00
39268.20,1032,7145594,0,0,181.97,97,34336.08,0.00,0.00
39328.26,1032,7156214,0,0,181.96,97,34336.08,0.00,0.00
39388.36,1032,7166804,0,0,181.95,97,34336.08,0.00,0.00
39448.47,1032,7177394,0,0,181.94,97,34336.08,0.00,0.00
39508.54,1032,7188074,0,0,181.94,97,34336.08,0.00,0.00
39568.64,1032,7198664,0,0,181.93,97,34336.08,0.00,0.00
39628.73,1032,7209344,0,0,181.92,97,34336.08,0.00,0.00
39688.73,1032,7219784,0,0,181.91,97,34336.08,0.00,0.00
39748.82,1032,7230466,0,0,181.90,97,34336.08,0.00,0.00
39808.90,1032,7241026,0,0,181.89,97,34336.08,0.00,0.00
39869.04,1032,7251736,0,0,181.89,97,34336.08,0.00,0.00
39929.08,1032,7262386,0,0,181.88,97,34336.08,0.00,0.00
39989.22,1032,7272976,0,0,181.87,97,34336.08,0.00,0.00
40049.38,1032,7283626,0,0,181.87,97,34336.08,0.00,0.00
40109.40,1032,7294306,0,0,181.86,97,34336.08,0.00,0.00
40169.46,1032,7304836,0,0,181.85,97,34336.08,0.00,0.00
40229.59,1032,7315606,0,0,181.85,97,34336.08,0.00,0.00
40289.63,1032,7326346,0,0,181.84,97,34336.08,0.00,0.00
40349.64,1032,7337146,0,0,181.84,97,34336.08,0.00,0.00
40409.72,1032,7347706,0,0,181.83,97,34336.08,0.00,0.00
40469.87,1032,7358206,0,0,181.82,97,34336.08,0.00,0.00
40529.94,1032,7368916,0,0,181.81,97,34336.08,0.00,0.00
40589.97,1032,7379342,0,0,181.80,97,34336.08,0.00,0.00
40650.02,1032,7389932,0,0,181.79,97,34336.08,0.00,0.00
40710.07,1032,7400642,0,0,181.79,97,34336.08,0.00,0.00
40770.24,1032,7411202,0,0,181.78,97,34336.08,0.00,0.00
40830.35,1032,7421852,0,0,181.77,97,34336.08,0.00,0.00
40890.48,1032,7432592,0,0,181.77,97,34336.08,0.00,0.00
40950.59,1032,7443212,0,0,181.76,97,34336.08,0.00,0.00
41010.75,1032,7453862,0,0,181.75,97,34336.08,0.00,0.00
41070.84,1032,7464482,0,0,181.75,97,34336.08,0.00,0.00
41130.85,1032,7475042,0,0,181.74,97,34336.08,0.00,0.00
41190.96,1032,7485692,0,0,181.73,97,34336.08,0.00,0.00
41250.99,1032,7496282,0,0,181.72,97,34336.08,0.00,0.00
41311.00,1032,7506902,0,0,181.72,97,34336.08,0.00,0.00
41371.03,1032,7517552,0,0,181.71,97,34336.08,0.00,0.00
41431.08,1032,7528082,0,0,181.70,97,34336.08,0.00,0.00
41491.22,1032,7538702,0,0,181.69,97,34336.08,0.00,0.00
41551.31,1032,7549322,0,0,181.69,97,34336.08,0.00,0.00
41611.32,1032,7560032,0,0,181.68,97,34336.08,0.00,0.00
41671.41,1032,7570832,0,0,181.68,97,34336.08,0.00,0.00
41731.43,1032,7581602,0,0,181.68,97,34336.08,0.00,0.00
41791.60,1032,7592432,0,0,181.67,97,34336.08,0.00,0.00
41851.63,1032,7603232,0,0,181.67,97,34336.08,0.00,0.00
41911.79,1032,7614062,0,0,181.67,97,34336.08,0.00,0.00
41971.80,1032,7624952,0,0,181.67,97,34336.08,0.00,0.00
42031.95,1032,7635812,0,0,181.67,97,34336.08,0.00,0.00
42092.10,1032,7646612,0,0,181.66,97,34336.08,0.00,0.00
42152.17,1032,7657442,0,0,181.66,97,34336.08,0.00,0.00
42212.22,1032,7668242,0,0,181.66,97,34336.08,0.00,0.00
42272.30,1032,7679072,0,0,181.66,97,34336.08,0.00,0.00
42332.35,1032,7689888,0,0,181.66,97,34336.08,0.00,0.00
42392.36,1032,7700598,0,0,181.65,97,34336.08,0.00,0.00
42452.37,1032,7711428,0,0,181.65,97,34336.08,0.00,0.00
42512.37,1032,7722318,0,0,181.65,97,34336.08,0.00,0.00
42572.46,1032,7733088,0,0,181.65,97,34336.08,0.00,0.00
42632.57,1032,7743888,0,0,181.64,97,34336.08,0.00,0.00
42692.60,1032,7754628,0,0,181.64,97,34336.08,0.00,0.00
42752.74,1032,7765428,0,0,181.64,97,34336.08,0.00,0.00
42812.75,1032,7776078,0,0,181.63,97,34336.08,0.00,0.00
42872.90,1032,7786698,0,0,181.62,97,34336.08,0.00,0.00
42933.05,1032,7797408,0,0,181.62,97,34336.08,0.00,0.00
42993.13,1032,7808058,0,0,181.61,97,34336.08,0.00,0.00
43053.13,1032,7818588,0,0,181.60,97,34336.08,0.00,0.00
43113.28,1032,7829268,0,0,181.60,97,34336.08,0.00,0.00
43173.44,1032,7839858,0,0,181.59,97,34336.08,0.00,0.00
43233.57,1032,7850568,0,0,181.59,97,34336.08,0.00,0.00
43293.61,1032,7861278,0,0,181.58,97,34336.08,0.00,0.00
43353.73,1032,7871958,0,0,181.58,97,34336.08,0.00,0.00
43413.81,1032,7881918,0,0,181.55,97,34336.08,0.00,0.00
43473.86,1032,7892598,0,0,181.55,97,34336.08,0.00,0.00
43533.91,1032,7903218,0,0,181.54,97,34336.08,0.00,0.00
43594.08,1032,7913898,0,0,181.54,97,34336.08,0.00,0.00
43654.10,1032,7924518,0,0,181.53,97,34336.08,0.00,0.00
43714.13,1032,7935108,0,0,181.52,97,34336.08,0.00,0.00
43774.28,1032,7945878,0,0,181.52,97,34336.08,0.00,0.00
43834.46,1032,7956528,0,0,181.51,97,34336.08,0.00,0.00
43894.52,1032,7967178,0,0,181.51,97,34336.08,0.00,0.00
43954.54,1032,7977798,0,0,181.50,97,34336.08,0.00,0.00
44014.66,1032,7988418,0,0,181.49,97,34336.08,0.00,0.00
44074.76,1032,7999098,0,0,181.49,97,34336.08,0.00,0.00
44134.78,1032,8009718,0,0,181.48,97,34336.08,0.00,0.00
44194.90,1032,8020428,0,0,181.48,97,34336.08,0.00,0.00
44255.05,1032,8031108,0,0,181.47,97,34336.08,0.00,0.00
44315.15,1032,8041788,0,0,181.47,97,34336.08,0.00,0.00
44375.26,1032,8052438,0,0,181.46,97,34336.08,0.00,0.00
44435.29,1032,8062998,0,0,181.45,97,34336.08,0.00,0.00
44495.31,1032,8073528,0,0,181.45,97,34336.08,0.00,0.00
44555.39,1032,8084178,0,0,181.44,97,34336.08,0.00,0.00
44615.47,1032,8094768,0,0,181.43,97,34336.08,0.00,0.00
44675.60,1032,8105358,0,0,181.43,97,34336.08,0.00,0.00
44735.70,1032,8116008,0,0,181.42,97,34336.08,0.00,0.00
44795.77,1032,8126688,0,0,181.42,97,34336.08,0.00,0.00
44855.83,1032,8137308,0,0,181.41,97,34336.08,0.00,0.00
44915.87,1032,8148078,0,0,181.41,97,34336.08,0.00,0.00
44975.91,1032,8158938,0,0,181.41,97,34336.08,0.00,0.00
45035.93,1032,8169708,0,0,181.40,97,34336.08,0.00,0.00
45095.93,1032,8180268,0,0,181.40,97,34336.08,0.00,0.00
45155.93,1032,8190828,0,0,181.39,97,34336.08,0.00,0.00
45215.99,1032,8201478,0,0,181.38,97,34336.08,0.00,0.00
45276.05,1032,8212098,0,0,181.38,97,34336.08,0.00,0.00
45336.09,1032,8222748,0,0,181.37,97,34336.08,0.00,0.00
45396.23,1032,8233398,0,0,181.37,97,34336.08,0.00,0.00
45456.32,1032,8244018,0,0,181.36,97,34336.08,0.00,0.00
45516.34,1032,8254638,0,0,181.36,97,34336.08,0.00,0.00
45576.42,1032,8265304,0,0,181.35,97,34336.08,0.00,0.00
45636.49,1032,8275924,0,0,181.34,97,34336.08,0.00,0.00
45696.62,1032,8286634,0,0,181.34,97,34336.08,0.00,0.00
45756.75,1032,8297254,0,0,181.33,97,34336.08,0.00,0.00
45816.80,1032,8307874,0,0,181.33,97,34336.08,0.00,0.00
45876.83,1032,8318494,0,0,181.32,97,34336.08,0.00,0.00
45936.91,1032,8328934,0,0,181.31,97,34336.08,0.00,0.00
45997.05,1032,8339494,0,0,181.30,97,34336.08,0.00,0.00
46057.12,1032,8350114,0,0,181.30,97,34336.08,0.00,0.00
46117.26,1032,8360674,0,0,181.29,97,34336.08,0.00,0.00
46177.37,1032,8371174,0,0,181.28,97,34336.08,0.00,0.00
46237.42,1032,8381884,0,0,181.28,97,34336.08,0.00,0.00
46297.48,1032,8392474,0,0,181.27,97,34336.08,0.00,0.00
46357.55,1032,8403154,0,0,181.27,97,34336.08,0.00,0.00
46417.65,1032,8413804,0,0,181.26,97,34336.08,0.00,0.00
46477.74,1032,8424394,0,0,181.26,97,34336.08,0.00,0.00
46537.90,1032,8434984,0,0,181.25,97,34336.08,0.00,0.00
46598.04,1032,8445604,0,0,181.24,97,34336.08,0.00,0.00
46658.20,1032,8456224,0,0,181.24,97,34336.08,0.00,0.00
46718.25,1032,8466860,0,0,181.23,97,34336.08,0.00,0.00
46778.40,1032,8477450,0,0,181.23,97,34336.08,0.00,0.00
46838.50,1032,8488130,0,0,181.22,97,34336.08,0.00,0.00
46898.56,1032,8498720,0,0,181.21,97,34336.08,0.00,0.00
46958.58,1032,8509310,0,0,181.21,97,34336.08,0.00,0.00
47018.58,1032,8519930,0,0,181.20,97,34336.08,0.00,0.00
47078.60,1032,8530550,0,0,181.20,97,34336.08,0.00,0.00
47138.66,1032,8541140,0,0,181.19,97,34336.08,0.00,0.00
47198.71,1032,8551730,0,0,181.19,97,34336.08,0.00,0.00
47258.84,1032,8562470,0,0,181.18,97,34336.08,0.00,0.00
47318.94,1032,8573030,0,0,181.18,97,34336.08,0.00,0.00
47378.94,1032,8583650,0,0,181.17,97,34336.08,0.00,0.00
47439.01,1032,8594270,0,0,181.16,97,34336.08,0.00,0.00
47499.10,1032,8604890,0,0,181.16,97,34336.08,0.00,0.00
47559.24,1032,8615480,0,0,181.15,97,34336.08,0.00,0.00
47619.33,1032,8626130,0,0,181.15,97,34336.08,0.00,0.00
47679.48,1032,8636706,0,0,181.14,97,34336.08,0.00,0.00
47739.61,1032,8647476,0,0,181.14,97,34336.08,0.00,0.00
47799.61,1032,8658066,0,0,181.13,97,34336.08,0.00,0.00
47859.66,1032,8668672,0,0,181.13,97,34336.08,0.00,0.00
47919.73,1032,8679382,0,0,181.12,97,34336.08,0.00,0.00
47979.74,1032,8690062,0,0,181.12,97,34336.08,0.00,0.00
48039.88,1032,8700652,0,0,181.11,97,34336.08,0.00,0.00
48099.95,1032,8711348,0,0,181.11,97,34336.08,0.00,0.00
48159.99,1032,8721908,0,0,181.10,97,34336.08,0.00,0.00
48220.06,1032,8732528,0,0,181.10,97,34336.08,0.00,0.00
48280.12,1032,8743060,0,0,181.09,97,34336.08,0.00,0.00
48340.14,1032,8753650,0,0,181.08,97,34336.08,0.00,0.00
48400.16,1032,8764150,0,0,181.08,97,34336.08,0.00,0.00
48460.19,1032,8774680,0,0,181.07,97,34336.08,0.00,0.00
48520.21,1032,8785330,0,0,181.07,97,34336.08,0.00,0.00
48580.23,1032,8795770,0,0,181.06,97,34336.08,0.00,0.00
48640.39,1032,8806436,0,0,181.05,97,34336.08,0.00,0.00
48700.53,1032,8816966,0,0,181.04,97,34336.08,0.00,0.00
48760.66,1032,8827646,0,0,181.04,97,34336.08,0.00,0.00
48820.82,1032,8838326,0,0,181.04,97,34336.08,0.00,0.00
48880.90,1032,8849036,0,0,181.03,97,34336.08,0.00,0.00
48941.02,1032,8859686,0,0,181.03,97,34336.08,0.00,0.00
49001.10,1032,8870276,0,0,181.02,97,34336.08,0.00,0.00
49061.14,1032,8881016,0,0,181.02,97,34336.08,0.00,0.00
49121.21,1032,8891876,0,0,181.02,97,34336.08,0.00,0.00
49181.28,1032,8902586,0,0,181.02,97,34336.08,0.00,0.00
49241.29,1032,8913206,0,0,181.01,97,34336.08,0.00,0.00
49301.38,1032,8923946,0,0,181.01,97,34336.08,0.00,0.00
49361.43,1032,8934686,0,0,181.01,97,34336.08,0.00,0.00
49421.59,1032,8945276,0,0,181.00,97,34336.08,0.00,0.00
49481.62,1032,8955956,0,0,181.00,97,34336.08,0.00,0.00
49541.63,1032,8966576,0,0,180.99,97,34336.08,0.00,0.00
49601.67,1032,8977226,0,0,180.99,97,34336.08,0.00,0.00
49661.82,1032,8988026,0,0,180.98,97,34336.08,0.00,0.00
49721.94,1032,8998766,0,0,180.98,97,34336.08,0.00,0.00
49782.04,1032,9009476,0,0,180.98,97,34336.08,0.00,0.00
49842.18,1032,9020246,0,0,180.98,97,34336.08,0.00,0.00
49902.27,1032,9030896,0,0,180.97,97,34336.08,0.00,0.00
49962.35,1032,9041576,0,0,180.97,97,34336.08,0.00,0.00
50022.47,1032,9052166,0,0,180.96,97,34336.08,0.00,0.00
50082.47,1032,9062846,0,0,180.96,97,34336.08,0.00,0.00
50142.58,1032,9073466,0,0,180.95,97,34336.08,0.00,0.00
50202.68,1032,9084206,0,0,180.95,97,34336.08,0.00,0.00
50262.83,1032,9094826,0,0,180.95,97,34336.08,0.00,0.00
50323.00,1032,9105446,0,0,180.94,97,34336.08,0.00,0.00
50383.08,1032,9116276,0,0,180.94,97,34336.08,0.00,0.00
50443.21,1032,9126926,0,0,180.93,97,34336.08,0.00,0.00
50503.31,1032,9137696,0,0,180.93,97,34336.08,0.00,0.00
50563.37,1032,9148496,0,0,180.93,97,34336.08,0.00,0.00
50623.54,1032,9159296,0,0,180.93,97,34336.08,0.00,0.00
50683.57,1032,9169976,0,0,180.93,97,34336.08,0.00,0.00
50743.63,1032,9180746,0,0,180.92,97,34336.08,0.00,0.00
50803.64,1032,9191396,0,0,180.92,97,34336.08,0.00,0.00
50863.77,1032,9202106,0,0,180.92,97,34336.08,0.00,0.00
50923.92,1032,9212786,0,0,180.91,97,34336.08,0.00,0.00
50984.01,1032,9223406,0,0,180.91,97,34336.08,0.00,0.00
51044.11,1032,9234086,0,0,180.90,97,34336.08,0.00,0.00
51104.27,1032,9244856,0,0,180.90,97,34336.08,0.00,0.00
51164.41,1032,9255536,0,0,180.90,97,34336.08,0.00,0.00
51224.44,1032,9266276,0,0,180.90,97,34336.08,0.00,0.00
51284.58,1032,9277046,0,0,180.89,97,34336.08,0.00,0.00
51344.66,1032,9287816,0,0,180.89,97,34336.08,0.00,0.00
51404.73,1032,9298526,0,0,180.89,97,34336.08,0.00,0.00
51464.84,1032,9309146,0,0,180.88,97,34336.08,0.00,0.00
51524.91,1032,9319796,0,0,180.88,97,34336.08,0.00,0.00
51584.95,1032,9330536,0,0,180.88,97,34336.08,0.00,0.00
51645.10,1032,9341216,0,0,180.87,97,34336.08,0.00,0.00
51705.28,1032,9351956,0,0,180.87,97,34336.08,0.00,0.00
51765.38,1032,9362576,0,0,180.87,97,34336.08,0.00,0.00
51825.41,1032,9373346,0,0,180.86,97,34336.08,0.00,0.00
51885.45,1032,9384056,0,0,180.86,97,34336.08,0.00,0.00
51945.48,1032,9394722,0,0,180.86,97,34336.08,0.00,0.00
52005.58,1032,9405208,0,0,180.85,97,34336.08,0.00,0.00
52065.61,1032,9415918,0,0,180.85,97,34336.08,0.00,0.00
52125.73,1032,9426658,0,0,180.84,97,34336.08,0.00,0.00
52185.79,1032,9437338,0,0,180.84,97,34336.08,0.00,0.00
52245.85,1032,9448018,0,0,180.84,97,34336.08,0.00,0.00
52306.00,1032,9458728,0,0,180.83,97,34336.08,0.00,0.00
52366.06,1032,9469378,0,0,180.83,97,34336.08,0.00,0.00
52426.10,1032,9480148,0,0,180.83,97,34336.08,0.00,0.00
52486.14,1032,9490678,0,0,180.82,97,34336.08,0.00,0.00
52546.30,1032,9501388,0,0,180.82,97,34336.08,0.00,0.00
52606.30,1032,9512098,0,0,180.82,97,34336.08,0.00,0.00
52666.35,1032,9522688,0,0,180.81,97,34336.08,0.00,0.00
52726.46,1032,9533398,0,0,180.81,97,34336.08,0.00,0.00
52786.48,1032,9543988,0,0,180.80,97,34336.08,0.00,0.00
52846.49,1032,9554728,0,0,180.80,97,34336.08,0.00,0.00
52906.63,1032,9565468,0,0,180.80,97,34336.08,0.00,0.00
52966.74,1032,9576178,0,0,180.80,97,34336.08,0.00,0.00
53026.83,1032,9586858,0,0,180.79,97,34336.08,0.00,0.00
53086.86,1032,9597508,0,0,180.79,97,34336.08,0.00,0.00
53146.97,1032,9608128,0,0,180.78,97,34336.08,0.00,0.00
53207.02,1032,9618764,0,0,180.78,97,34336.08,0.00,0.00
53267.13,1032,9629414,0,0,180.78,97,34336.08,0.00,0.00
53327.17,1032,9640064,0,0,180.77,97,34336.08,0.00,0.00
53387.28,1032,9650624,0,0,180.77,97,34336.08,0.00,0.00
53447.31,1032,9661244,0,0,180.76,97,34336.08,0.00,0.00
53507.45,1032,9671924,0,0,180.76,97,34336.08,0.00,0.00
53567.52,1032,9682590,0,0,180.75,97,34336.08,0.00,0.00
53627.62,1032,9693316,0,0,180.75,97,34336.08,0.00,0.00
53687.62,1032,9703876,0,0,180.75,97,34336.08,0.00,0.00
53747.73,1032,9714646,0,0,180.75,97,34336.08,0.00,0.00
53807.74,1032,9725386,0,0,180.74,97,34336.08,0.00,0.00
53867.77,1032,9735916,0,0,180.74,97,34336.08,0.00,0.00
53927.93,1032,9746612,0,0,180.73,97,34336.08,0.00,0.00
53987.97,1032,9757202,0,0,180.73,97,34336.08,0.00,0.00
54047.99,1032,9767882,0,0,180.73,97,34336.08,0.00,0.00
54108.01,1032,9778622,0,0,180.72,97,34336.08,0.00,0.00
54168.16,1032,9789332,0,0,180.72,97,34336.08,0.00,0.00
54228.28,1032,9800072,0,0,180.72,97,34336.08,0.00,0.00
54288.29,1032,9810602,0,0,180.71,97,34336.08,0.00,0.00
54348.32,1032,9821342,0,0,180.71,97,34336.08,0.00,0.00
54408.40,1032,9831992,0,0,180.71,97,34336.08,0.00,0.00
54468.46,1032,9842642,0,0,180.70,97,34336.08,0.00,0.00
54528.58,1032,9853382,0,0,180.70,97,34336.08,0.00,0.00
54588.71,1032,9864092,0,0,180.70,97,34336.08,0.00,0.00
54648.84,1032,9874682,0,0,180.69,97,34336.08,0.00,0.00
54708.93,1032,9885198,0,0,180.69,97,34336.08,0.00,0.00
54769.11,1032,9895848,0,0,180.68,97,34336.08,0.00,0.00
54829.28,1032,9906558,0,0,180.68,97,34336.08,0.00,0.00
54889.45,1032,9917268,0,0,180.68,97,34336.08,0.00,0.00
54949.51,1032,9928008,0,0,180.68,97,34336.08,0.00,0.00
55009.53,1032,9938628,0,0,180.67,97,34336.08,0.00,0.00
55069.62,1032,9949428,0,0,180.67,97,34336.08,0.00,0.00
55129.73,1032,9960258,0,0,180.67,97,34336.08,0.00,0.00
55189.78,1032,9970818,0,0,180.66,97,34336.08,0.00,0.00
55249.96,1032,9981558,0,0,180.66,97,34336.08,0.00,0.00
55310.03,1032,9992208,0,0,180.66,97,34336.08,0.00,0.00
55370.14,1032,10002964,0,0,180.66,97,34336.08,0.00,0.00
55430.26,1032,10013584,0,0,180.65,97,34336.08,0.00,0.00
55490.41,1032,10024234,0,0,180.65,97,34336.08,0.00,0.00
55550.50,1032,10034884,0,0,180.64,97,34336.08,0.00,0.00
55610.62,1032,10045550,0,0,180.64,97,34336.08,0.00,0.00
55670.73,1032,10056290,0,0,180.64,97,34336.08,0.00,0.00
55730.78,1032,10067000,0,0,180.64,97,34336.08,0.00,0.00
55790.88,1032,10077710,0,0,180.63,97,34336.08,0.00,0.00
55850.89,1032,10088390,0,0,180.63,97,34336.08,0.00,0.00
55911.02,1032,10099130,0,0,180.63,97,34336.08,0.00,0.00
55971.14,1032,10109780,0,0,180.62,97,34336.08,0.00,0.00
56031.15,1032,10120550,0,0,180.62,97,34336.08,0.00,0.00
56091.28,1032,10131200,0,0,180.62,97,34336.08,0.00,0.00
56151.36,1032,10141910,0,0,180.62,97,34336.08,0.00,0.00
56211.52,1032,10152650,0,0,180.62,97,34336.08,0.00,0.00
56271.61,1032,10163300,0,0,180.61,97,34336.08,0.00,0.00
56331.63,1032,10173950,0,0,180.61,97,34336.08,0.00,0.00
56391.72,1032,10184660,0,0,180.61,97,34336.08,0.00,0.00
56451.76,1032,10195400,0,0,180.60,97,34336.08,0.00,0.00
56511.91,1032,10206170,0,0,180.60,97,34336.08,0.00,0.00
56571.96,1032,10216910,0,0,180.60,97,34336.08,0.00,0.00
56631.97,1032,10227560,0,0,180.60,97,34336.08,0.00,0.00
56692.09,1032,10238240,0,0,180.59,97,34336.08,0.00,0.00
56752.12,1032,10248980,0,0,180.59,97,34336.08,0.00,0.00
56812.14,1032,10259570,0,0,180.59,97,34336.08,0.00,0.00
56872.29,1032,10270310,0,0,180.59,97,34336.08,0.00,0.00
56932.38,1032,10280900,0,0,180.58,97,34336.08,0.00,0.00
56992.39,1032,10291490,0,0,180.58,97,34336.08,0.00,0.00
57052.40,1032,10302200,0,0,180.57,97,34336.08,0.00,0.00
57112.54,1032,10313000,0,0,180.57,97,34336.08,0.00,0.00
57172.61,1032,10323710,0,0,180.57,97,34336.08,0.00,0.00
57232.65,1032,10334360,0,0,180.57,97,34336.08,0.00,0.00
57292.70,1032,10345070,0,0,180.57,97,34336.08,0.00,0.00
57352.86,1032,10355780,0,0,180.56,97,34336.08,0.00,0.00
57413.01,1032,10366550,0,0,180.56,97,34336.08,0.00,0.00
57473.08,1032,10377230,0,0,180.56,97,34336.08,0.00,0.00
57533.20,1032,10388000,0,0,180.56,97,34336.08,0.00,0.00
57593.34,1032,10398620,0,0,180.55,97,34336.08,0.00,0.00
57653.46,1032,10409090,0,0,180.55,97,34336.08,0.00,0.00
57713.54,1032,10419860,0,0,180.54,97,34336.08,0.00,0.00
57773.59,1032,10430720,0,0,180.54,97,34336.08,0.00,0.00
57833.60,1032,10441400,0,0,180.54,97,34336.08,0.00,0.00
57893.75,1032,10452140,0,0,180.54,97,34336.08,0.00,0.00
57953.77,1032,10462850,0,0,180.54,97,34336.08,0.00,0.00
58013.85,1032,10473500,0,0,180.53,97,34336.08,0.00,0.00
58073.90,1032,10484240,0,0,180.53,97,34336.08,0.00,0.00
58134.04,1032,10494860,0,0,180.53,97,34336.08,0.00,0.00
58194.10,1032,10505660,0,0,180.53,97,34336.08,0.00,0.00
58254.19,1032,10516280,0,0,180.52,97,34336.08,0.00,0.00
58314.31,1032,10526900,0,0,180.52,97,34336.08,0.00,0.00
58374.44,1032,10537520,0,0,180.52,97,34336.08,0.00,0.00
58434.50,1032,10548020,0,0,180.51,97,34336.08,0.00,0.00
58494.60,1032,10558700,0,0,180.51,97,34336.08,0.00,0.00
58554.60,1032,10569380,0,0,180.50,97,34336.08,0.00,0.00
58614.69,1032,10580180,0,0,180.50,97,34336.08,0.00,0.00
58674.82,1032,10590830,0,0,180.50,97,34336.08,0.00,0.00
58734.99,1032,10601450,0,0,180.50,97,34336.08,0.00,0.00
58795.15,1032,10612190,0,0,180.49,97,34336.08,0.00,0.00
58855.20,1032,10622870,0,0,180.49,97,34336.08,0.00,0.00
58915.27,1032,10633460,0,0,180.49,97,34336.08,0.00,0.00
58975.29,1032,10644170,0,0,180.49,97,34336.08,0.00,0.00
59035.40,1032,10654940,0,0,180.48,97,34336.08,0.00,0.00
59095.46,1032,10665590,0,0,180.48,97,34336.08,0.00,0.00
59155.56,1032,10676300,0,0,180.48,97,34336.08,0.00,0.00
59215.61,1032,10687040,0,0,180.48,97,34336.08,0.00,0.00
59275.72,1032,10697720,0,0,180.47,97,34336.08,0.00,0.00
59335.84,1032,10708400,0,0,180.47,97,34336.08,0.00,0.00
59395.92,1032,10719110,0,0,180.47,97,34336.08,0.00,0.00
59456.01,1032,10729880,0,0,180.47,97,34336.08,0.00,0.00
59516.08,1032,10740740,0,0,180.47,97,34336.08,0.00,0.00
59576.12,1032,10751540,0,0,180.47,97,34336.08,0.00,0.00
59636.16,1032,10762160,0,0,180.46,97,34336.08,0.00,0.00
59696.19,1032,10772840,0,0,180.46,97,34336.08,0.00,0.00
59756.20,1032,10783460,0,0,180.46,97,34336.08,0.00,0.00
59816.33,1032,10794080,0,0,180.45,97,34336.08,0.00,0.00
59876.48,1032,10804730,0,0,180.45,97,34336.08,0.00,0.00
59936.57,1032,10815320,0,0,180.45,97,34336.08,0.00,0.00
59996.67,1032,10826030,0,0,180.44,97,34336.08,0.00,0.00
60056.74,1032,10836680,0,0,180.44,97,34336.08,0.00,0.00
60116.83,1032,10847360,0,0,180.44,97,34336.08,0.00,0.00
60176.87,1032,10858100,0,0,180.44,97,34336.08,0.00,0.00
60236.93,1032,10868690,0,0,180.43,97,34336.08,0.00,0.00
60297.04,1032,10879430,0,0,180.43,97,34336.08,0.00,0.00
60357.05,1032,10890050,0,0,180.43,97,34336.08,0.00,0.00
60417.11,1032,10900880,0,0,180.43,97,34336.08,0.00,0.00
60477.13,1032,10911620,0,0,180.43,97,34336.08,0.00,0.00
60537.14,1032,10922360,0,0,180.42,97,34336.08,0.00,0.00
60597.30,1032,10933010,0,0,180.42,97,34336.08,0.00,0.00
60657.31,1032,10943540,0,0,180.42,97,34336.08,0.00,0.00
60717.46,1032,10954340,0,0,180.42,97,34336.08,0.00,0.00
60777.49,1032,10965230,0,0,180.42,97,34336.08,0.00,0.00
60837.56,1032,10976030,0,0,180.42,97,34336.08,0.00,0.00
60897.67,1032,10986620,0,0,180.41,97,34336.08,0.00,0.00
60957.77,1032,10997330,0,0,180.41,97,34336.08,0.00,0.00
61017.89,1032,11007980,0,0,180.41,97,34336.08,0.00,0.00
61077.91,1032,11018556,0,0,180.40,97,34336.08,0.00,0.00
61138.03,1032,11029266,0,0,180.40,97,34336.08,0.00,0.00
61198.12,1032,11039946,0,0,180.40,97,34336.08,0.00,0.00
61258.23,1032,11050626,0,0,180.39,97,34336.08,0.00,0.00
61318.32,1032,11061336,0,0,180.39,97,34336.08,0.00,0.00
61378.43,1032,11071896,0,0,180.39,97,34336.08,0.00,0.00
61438.45,1032,11082606,0,0,180.39,97,34336.08,0.00,0.00
61498.59,1032,11093256,0,0,180.38,97,34336.08,0.00,0.00
61558.63,1032,11104026,0,0,180.38,97,34336.08,0.00,0.00
61618.78,1032,11114766,0,0,180.38,97,34336.08,0.00,0.00
61678.81,1032,11125356,0,0,180.38,97,34336.08,0.00,0.00
61738.88,1032,11136186,0,0,180.38,97,34336.08,0.00,0.00
61798.89,1032,11146762,0,0,180.37,97,34336.08,0.00,0.00
61858.96,1032,11157442,0,0,180.37,97,34336.08,0.00,0.00
61919.06,1032,11168122,0,0,180.37,97,34336.08,0.00,0.00
61979.12,1032,11178772,0,0,180.36,97,34336.08,0.00,0.00
62039.19,1032,11189512,0,0,180.36,97,34336.08,0.00,0.00
62099.25,1032,11200222,0,0,180.36,97,34336.08,0.00,0.00
62159.36,1032,11210932,0,0,180.36,97,34336.08,0.00,0.00
62219.46,1032,11221672,0,0,180.36,97,34336.08,0.00,0.00
62279.56,1032,11232352,0,0,180.35,97,34336.08,0.00,0.00
62339.57,1032,11242972,0,0,180.35,97,34336.08,0.00,0.00
62399.65,1032,11253682,0,0,180.35,97,34336.08,0.00,0.00
62459.79,1032,11264392,0,0,180.35,97,34336.08,0.00,0.00
62519.89,1032,11275072,0,0,180.34,97,34336.08,0.00,0.00
62580.05,1032,11285842,0,0,180.34,97,34336.08,0.00,0.00
62640.10,1032,11296582,0,0,180.34,97,34336.08,0.00,0.00
62700.22,1032,11307262,0,0,180.34,97,34336.08,0.00,0.00
62760.37,1032,11317942,0,0,180.34,97,34336.08,0.00,0.00
62820.40,1032,11328622,0,0,180.33,97,34336.08,0.00,0.00
62880.41,1032,11339182,0,0,180.33,97,34336.08,0.00,0.00
62940.55,1032,11349952,0,0,180.33,97,34336.08,0.00,0.00
63000.59,1032,11360708,0,0,180.33,97,34336.08,0.00,0.00
63060.76,1032,11371358,0,0,180.32,97,34336.08,0.00,0.00
63120.78,1032,11381948,0,0,180.32,97,34336.08,0.00,0.00
63180.93,1032,11392688,0,0,180.32,97,34336.08,0.00,0.00
63241.06,1032,11403398,0,0,180.32,97,34336.08,0.00,0.00
63301.19,1032,11414018,0,0,180.31,97,34336.08,0.00,0.00
63361.30,1032,11424668,0,0,180.31,97,34336.08,0.00,0.00
63421.40,1032,11435378,0,0,180.31,97,34336.08,0.00,0.00
63481.54,1032,11446088,0,0,180.31,97,34336.08,0.00,0.00
63541.54,1032,11456678,0,0,180.30,97,34336.08,0.00,0.00
63601.65,1032,11467238,0,0,180.30,97,34336.08,0.00,0.00
63661.78,1032,11477828,0,0,180.29,97,34336.08,0.00,0.00
63721.82,1032,11488508,0,0,180.29,97,34336.08,0.00,0.00
63781.87,1032,11499128,0,0,180.29,97,34336.08,0.00,0.00
63842.03,1032,11509658,0,0,180.28,97,34336.08,0.00,0.00
63902.13,1032,11520398,0,0,180.28,97,34336.08,0.00,0.00
63962.22,1032,11531318,0,0,180.28,97,34336.08,0.00,0.00
64022.29,1032,11542178,0,0,180.28,97,34336.08,0.00,0.00
64082.38,1032,11553248,0,0,180.29,97,34336.08,0.00,0.00
64142.45,1032,11564228,0,0,180.29,97,34336.08,0.00,0.00
64202.50,1032,11575268,0,0,180.29,97,34336.08,0.00,0.00
64262.64,1032,11586234,0,0,180.30,97,34336.08,0.00,0.00
64322.66,1032,11597064,0,0,180.30,97,34336.08,0.00,0.00
64382.76,1032,11607864,0,0,180.29,97,34336.08,0.00,0.00
64442.89,1032,11618754,0,0,180.30,97,34336.08,0.00,0.00
64503.01,1032,11629494,0,0,180.29,97,34336.08,0.00,0.00
64563.02,1032,11640264,0,0,180.29,97,34336.08,0.00,0.00
64623.19,1032,11650944,0,0,180.29,97,34336.08,0.00,0.00
64683.35,1032,11661594,0,0,180.29,97,34336.08,0.00,0.00
64743.36,1032,11672184,0,0,180.28,97,34336.08,0.00,0.00
64803.52,1032,11682924,0,0,180.28,97,34336.08,0.00,0.00
64863.65,1032,11693410,0,0,180.28,97,34336.08,0.00,0.00
64923.73,1032,11704076,0,0,180.27,97,34336.08,0.00,0.00
64983.84,1032,11714636,0,0,180.27,97,34336.08,0.00,0.00
65043.94,1032,11725316,0,0,180.27,97,34336.08,0.00,0.00
65104.12,1032,11735996,0,0,180.27,97,34336.08,0.00,0.00
65164.20,1032,11746676,0,0,180.26,97,34336.08,0.00,0.00
65224.24,1032,11757386,0,0,180.26,97,34336.08,0.00,0.00
65284.30,1032,11768006,0,0,180.26,97,34336.08,0.00,0.00
65344.36,1032,11778656,0,0,180.26,97,34336.08,0.00,0.00
65404.43,1032,11789276,0,0,180.25,97,34336.08,0.00,0.00
65464.51,1032,11799926,0,0,180.25,97,34336.08,0.00,0.00
65524.53,1032,11810576,0,0,180.25,97,34336.08,0.00,0.00
65584.62,1032,11821136,0,0,180.24,97,34336.08,0.00,0.00
65644.68,1032,11831636,0,0,180.24,97,34336.08,0.00,0.00
65704.83,1032,11842166,0,0,180.23,97,34336.08,0.00,0.00
65764.96,1032,11852726,0,0,180.23,97,34336.08,0.00,0.00
65825.09,1032,11863346,0,0,180.23,97,34336.08,0.00,0.00
65885.12,1032,11873846,0,0,180.22,97,34336.08,0.00,0.00
65945.13,1032,11884406,0,0,180.22,97,34336.08,0.00,0.00
66005.24,1032,11895296,0,0,180.22,97,34336.08,0.00,0.00
66065.29,1032,11906096,0,0,180.22,97,34336.08,0.00,0.00
66125.39,1032,11916672,0,0,180.21,97,34336.08,0.00,0.00
66185.47,1032,11927172,0,0,180.21,97,34336.08,0.00,0.00
66245.53,1032,11937672,0,0,180.20,97,34336.08,0.00,0.00
66305.55,1032,11948082,0,0,180.20,97,34336.08,0.00,0.00
66365.56,1032,11957968,0,0,180.18,97,34336.08,0.00,0.00
66425.75,1032,11965894,0,0,180.14,97,34336.08,0.00,0.00
66485.88,1032,11973834,0,0,180.10,97,34336.08,0.00,0.00
66545.93,1032,11981698,0,0,180.05,97,34336.08,0.00,0.00
66606.03,1032,11991000,0,0,180.03,97,34336.08,0.00,0.00
66666.04,1032,11998912,0,0,179.99,97,34336.08,0.00,0.00
66726.23,1032,12006942,0,0,179.94,97,34336.08,0.00,0.00
66786.28,1032,12014926,0,0,179.90,97,34336.08,0.00,0.00
66846.40,1032,12023826,0,0,179.87,97,34336.08,0.00,0.00
66906.57,1032,12032258,0,0,179.84,97,34336.08,0.00,0.00
66966.66,1032,12040466,0,0,179.80,97,34336.08,0.00,0.00
67026.73,1032,12048750,0,0,179.76,97,34336.08,0.00,0.00
67086.81,1032,12057424,0,0,179.73,97,34336.08,0.00,0.00
67146.96,1032,12067684,0,0,179.72,97,34336.08,0.00,0.00
67207.11,1032,12078170,0,0,179.72,97,34336.08,0.00,0.00
67267.29,1032,12088550,0,0,179.71,97,34336.08,0.00,0.00
67327.38,1032,12098750,0,0,179.70,97,34336.08,0.00,0.00
67387.47,1032,12108040,0,0,179.68,97,34336.08,0.00,0.00
67447.59,1032,12116398,0,0,179.64,97,34336.08,0.00,0.00
67507.65,1032,12124712,0,0,179.61,97,34336.08,0.00,0.00
67567.82,1032,12133084,0,0,179.57,97,34336.08,0.00,0.00
67627.83,1032,12142956,0,0,179.56,97,34336.08,0.00,0.00
67687.91,1032,12153246,0,0,179.55,97,34336.08,0.00,0.00
67747.93,1032,12163566,0,0,179.54,97,34336.08,0.00,0.00
67808.03,1032,12173886,0,0,179.53,97,34336.08,0.00,0.00
67868.19,1032,12184236,0,0,179.53,97,34336.08,0.00,0.00
67928.27,1032,12194676,0,0,179.52,97,34336.08,0.00,0.00
67988.40,1032,12205086,0,0,179.52,97,34336.08,0.00,0.00
68048.47,1032,12215526,0,0,179.51,97,34336.08,0.00,0.00
68108.49,1032,12225786,0,0,179.50,97,34336.08,0.00,0.00
68168.63,1032,12236286,0,0,179.50,97,34336.08,0.00,0.00
68228.68,1032,12246726,0,0,179.50,97,34336.08,0.00,0.00
68288.70,1032,12256986,0,0,179.49,97,34336.08,0.00,0.00
68348.71,1032,12267276,0,0,179.48,97,34336.08,0.00,0.00
68408.76,1032,12277746,0,0,179.48,97,34336.08,0.00,0.00
68468.85,1032,12288096,0,0,179.47,97,34336.08,0.00,0.00
68528.96,1032,12298506,0,0,179.46,97,34336.08,0.00,0.00
68589.06,1032,12309022,0,0,179.46,97,34336.08,0.00,0.00
68649.10,1032,12319342,0,0,179.45,97,34336.08,0.00,0.00
68709.23,1032,12329782,0,0,179.45,97,34336.08,0.00,0.00
68769.28,1032,12340192,0,0,179.44,97,34336.08,0.00,0.00
68829.29,1032,12350452,0,0,179.44,97,34336.08,0.00,0.00
68889.42,1032,12360758,0,0,179.43,97,34336.08,0.00,0.00
68949.43,1032,12371258,0,0,179.43,97,34336.08,0.00,0.00
69009.49,1032,12381968,0,0,179.42,97,34336.08,0.00,0.00
69069.58,1032,12392528,0,0,179.42,97,34336.08,0.00,0.00
69129.69,1032,12403044,0,0,179.42,97,34336.08,0.00,0.00
69189.77,1032,12413754,0,0,179.42,97,34336.08,0.00,0.00
69249.83,1032,12424374,0,0,179.41,97,34336.08,0.00,0.00
69309.87,1032,12434994,0,0,179.41,97,34336.08,0.00,0.00
69369.92,1032,12445374,0,0,179.41,97,34336.08,0.00,0.00
69430.05,1032,12455784,0,0,179.40,97,34336.08,0.00,0.00
69490.15,1032,12466254,0,0,179.40,97,34336.08,0.00,0.00
69550.23,1032,12476754,0,0,179.39,97,34336.08,0.00,0.00
69610.37,1032,12487104,0,0,179.39,97,34336.08,0.00,0.00
69670.44,1032,12497380,0,0,179.38,97,34336.08,0.00,0.00
69730.48,1032,12507700,0,0,179.37,97,34336.08,0.00,0.00
69790.56,1032,12518110,0,0,179.37,97,34336.08,0.00,0.00
69850.59,1032,12528430,0,0,179.36,97,34336.08,0.00,0.00
69910.65,1032,12538930,0,0,179.36,97,34336.08,0.00,0.00
69970.74,1032,12549340,0,0,179.35,97,34336.08,0.00,0.00
70030.77,1032,12559750,0,0,179.35,97,34336.08,0.00,0.00
70090.86,1032,12570100,0,0,179.34,97,34336.08,0.00,0.00
70150.87,1032,12580540,0,0,179.34,97,34336.08,0.00,0.00
70211.00,1032,12591100,0,0,179.33,97,34336.08,0.00,0.00
70271.01,1032,12601780,0,0,179.33,97,34336.08,0.00,0.00
70331.17,1032,12612400,0,0,179.33,97,34336.08,0.00,0.00
70391.26,1032,12623080,0,0,179.33,97,34336.08,0.00,0.00
70451.33,1032,12633550,0,0,179.32,97,34336.08,0.00,0.00
70511.50,1032,12643916,0,0,179.32,97,34336.08,0.00,0.00
70571.56,1032,12654386,0,0,179.31,97,34336.08,0.00,0.00
70631.59,1032,12664946,0,0,179.31,97,34336.08,0.00,0.00
70691.65,1032,12675386,0,0,179.31,97,34336.08,0.00,0.00
70751.77,1032,12685856,0,0,179.30,97,34336.08,0.00,0.00
70811.77,1032,12696506,0,0,179.30,97,34336.08,0.00,0.00
70871.85,1032,12707066,0,0,179.30,97,34336.08,0.00,0.00
70931.96,1032,12717746,0,0,179.30,97,34336.08,0.00,0.00
70991.99,1032,12728336,0,0,179.29,97,34336.08,0.00,0.00
71051.99,1032,12738956,0,0,179.29,97,34336.08,0.00,0.00
71112.08,1032,12749546,0,0,179.29,97,34336.08,0.00,0.00
71172.14,1032,12760136,0,0,179.29,97,34336.08,0.00,0.00
71232.26,1032,12770726,0,0,179.28,97,34336.08,0.00,0.00
71292.43,1032,12781526,0,0,179.28,97,34336.08,0.00,0.00
71352.43,1032,12792296,0,0,179.28,97,34336.08,0.00,0.00
71412.51,1032,12802976,0,0,179.28,97,34336.08,0.00,0.00
71472.63,1032,12813626,0,0,179.28,97,34336.08,0.00,0.00
71532.78,1032,12824276,0,0,179.28,97,34336.08,0.00,0.00
71592.80,1032,12835076,0,0,179.28,97,34336.08,0.00,0.00
71652.94,1032,12845786,0,0,179.28,97,34336.08,0.00,0.00
71712.97,1032,12856406,0,0,179.28,97,34336.08,0.00,0.00
71773.12,1032,12867146,0,0,179.28,97,34336.08,0.00,0.00
71833.29,1032,12877916,0,0,179.28,97,34336.08,0.00,0.00
71893.40,1032,12888656,0,0,179.27,97,34336.08,0.00,0.00
71953.52,1032,12899486,0,0,179.28,97,34336.08,0.00,0.00
72013.61,1032,12910196,0,0,179.27,97,34336.08,0.00,0.00
72073.63,1032,12920786,0,0,179.27,97,34336.08,0.00,0.00
72133.75,1032,12931406,0,0,179.27,97,34336.08,0.00,0.00
72193.83,1032,12941996,0,0,179.27,97,34336.08,0.00,0.00
72253.85,1032,12952706,0,0,179.27,97,34336.08,0.00,0.00
72313.90,1032,12963356,0,0,179.27,97,34336.08,0.00,0.00
72374.04,1032,12974006,0,0,179.26,97,34336.08,0.00,0.00
72434.16,1032,12984656,0,0,179.26,97,34336.08,0.00,0.00
72494.28,1032,12995246,0,0,179.26,97,34336.08,0.00,0.00
72554.30,1032,13005746,0,0,179.26,97,34336.08,0.00,0.00
72614.36,1032,13016396,0,0,179.25,97,34336.08,0.00,0.00
72674.46,1032,13027106,0,0,179.25,97,34336.08,0.00,0.00
72734.52,1032,13037666,0,0,179.25,97,34336.08,0.00,0.00
72794.58,1032,13048196,0,0,179.25,97,34336.08,0.00,0.00
72854.70,1032,13058876,0,0,179.25,97,34336.08,0.00,0.00
72914.78,1032,13069586,0,0,179.24,97,34336.08,0.00,0.00
72974.91,1032,13080146,0,0,179.24,97,34336.08,0.00,0.00
73034.91,1032,13090676,0,0,179.24,97,34336.08,0.00,0.00
73095.08,1032,13101356,0,0,179.24,97,34336.08,0.00,0.00
73155.15,1032,13112006,0,0,179.24,97,34336.08,0.00,0.00
73215.16,1032,13122776,0,0,179.24,97,34336.08,0.00,0.00
73275.30,1032,13133396,0,0,179.23,97,34336.08,0.00,0.00
73335.42,1032,13144076,0,0,179.23,97,34336.08,0.00,0.00
73395.42,1032,13154786,0,0,179.23,97,34336.08,0.00,0.00
73455.52,1032,13165496,0,0,179.23,97,34336.08,0.00,0.00
73515.69,1032,13176162,0,0,179.23,97,34336.08,0.00,0.00
73575.70,1032,13186872,0,0,179.23,97,34336.08,0.00,0.00
73635.74,1032,13197492,0,0,179.23,97,34336.08,0.00,0.00
73695.89,1032,13208112,0,0,179.22,97,34336.08,0.00,0.00
73755.94,1032,13218688,0,0,179.22,97,34336.08,0.00,0.00
73816.05,1032,13229338,0,0,179.22,97,34336.08,0.00,0.00
73876.06,1032,13239868,0,0,179.22,97,34336.08,0.00,0.00
73936.17,1032,13250624,0,0,179.22,97,34336.08,0.00,0.00
73996.28,1032,13261274,0,0,179.22,97,34336.08,0.00,0.00
74056.35,1032,13271894,0,0,179.21,97,34336.08,0.00,0.00
74116.48,1032,13282544,0,0,179.21,97,34336.08,0.00,0.00
74176.62,1032,13293194,0,0,179.21,97,34336.08,0.00,0.00
74236.64,1032,13303814,0,0,179.21,97,34336.08,0.00,0.00
74296.73,1032,13314404,0,0,179.21,97,34336.08,0.00,0.00
74356.78,1032,13324934,0,0,179.20,97,34336.08,0.00,0.00
74416.89,1032,13335584,0,0,179.20,97,34336.08,0.00,0.00
74477.03,1032,13346324,0,0,179.20,97,34336.08,0.00,0.00
74537.04,1032,13357004,0,0,179.20,97,34336.08,0.00,0.00
74597.07,1032,13367654,0,0,179.20,97,34336.08,0.00,0.00
74657.23,1032,13378274,0,0,179.20,97,34336.08,0.00,0.00
74717.24,1032,13388954,0,0,179.19,97,34336.08,0.00,0.00
74777.39,1032,13399664,0,0,179.19,97,34336.08,0.00,0.00
74837.54,1032,13410254,0,0,179.19,97,34336.08,0.00,0.00
74897.59,1032,13420904,0,0,179.19,97,34336.08,0.00,0.00
74957.69,1032,13431524,0,0,179.19,97,34336.08,0.00,0.00
75017.84,1032,13442204,0,0,179.19,97,34336.08,0.00,0.00
75077.99,1032,13452884,0,0,179.19,97,34336.08,0.00,0.00
75138.13,1032,13463594,0,0,179.18,97,34336.08,0.00,0.00
75198.27,1032,13474304,0,0,179.18,97,34336.08,0.00,0.00
75258.41,1032,13485044,0,0,179.18,97,34336.08,0.00,0.00
75318.50,1032,13495784,0,0,179.18,97,34336.08,0.00,0.00
75378.57,1032,13506494,0,0,179.18,97,34336.08,0.00,0.00
75438.70,1032,13517114,0,0,179.18,97,34336.08,0.00,0.00
75498.85,1032,13527794,0,0,179.18,97,34336.08,0.00,0.00
75558.93,1032,13538564,0,0,179.18,97,34336.08,0.00,0.00
75618.97,1032,13549274,0,0,179.18,97,34336.08,0.00,0.00
75679.00,1032,13559954,0,0,179.18,97,34336.08,0.00,0.00
75739.03,1032,13570664,0,0,179.18,97,34336.08,0.00,0.00
75799.15,1032,13581404,0,0,179.18,97,34336.08,0.00,0.00
75859.17,1032,13591994,0,0,179.17,97,34336.08,0.00,0.00
75919.28,1032,13602644,0,0,179.17,97,34336.08,0.00,0.00
75979.41,1032,13613324,0,0,179.17,97,34336.08,0.00,0.00
76039.53,1032,13624064,0,0,179.17,97,34336.08,0.00,0.00
76099.62,1032,13634774,0,0,179.17,97,34336.08,0.00,0.00
76159.67,1032,13645544,0,0,179.17,97,34336.08,0.00,0.00
76219.81,1032,13656164,0,0,179.17,97,34336.08,0.00,0.00
76279.93,1032,13666964,0,0,179.17,97,34336.08,0.00,0.00
76340.02,1032,13677704,0,0,179.17,97,34336.08,0.00,0.00
76400.10,1032,13688384,0,0,179.17,97,34336.08,0.00,0.00
76460.10,1032,13699034,0,0,179.17,97,34336.08,0.00,0.00
76520.16,1032,13709550,0,0,179.16,97,34336.08,0.00,0.00
76580.32,1032,13720290,0,0,179.16,97,34336.08,0.00,0.00
76640.46,1032,13730970,0,0,179.16,97,34336.08,0.00,0.00
76700.48,1032,13741680,0,0,179.16,97,34336.08,0.00,0.00
76760.54,1032,13752390,0,0,179.16,97,34336.08,0.00,0.00
76820.56,1032,13763026,0,0,179.16,97,34336.08,0.00,0.00
76880.62,1032,13773736,0,0,179.16,97,34336.08,0.00,0.00
76940.68,1032,13784356,0,0,179.16,97,34336.08,0.00,0.00
77000.72,1032,13795066,0,0,179.16,97,34336.08,0.00,0.00
77060.76,1032,13805566,0,0,179.15,97,34336.08,0.00,0.00
77120.87,1032,13816202,0,0,179.15,97,34336.08,0.00,0.00
77180.99,1032,13826762,0,0,179.15,97,34336.08,0.00,0.00
77241.01,1032,13837322,0,0,179.14,97,34336.08,0.00,0.00
77301.02,1032,13847942,0,0,179.14,97,34336.08,0.00,0.00
77361.06,1032,13858532,0,0,179.14,97,34336.08,0.00,0.00
77421.18,1032,13869002,0,0,179.14,97,34336.08,0.00,0.00
77481.30,1032,13879532,0,0,179.13,97,34336.08,0.00,0.00
77541.42,1032,13890032,0,0,179.13,97,34336.08,0.00,0.00
77601.59,1032,13900744,0,0,179.13,97,34336.08,0.00,0.00
77661.61,1032,13911604,0,0,179.13,97,34336.08,0.00,0.00
77721.65,1032,13922554,0,0,179.13,97,34336.08,0.00,0.00
77781.73,1032,13933354,0,0,179.13,97,34336.08,0.00,0.00
77841.88,1032,13944274,0,0,179.14,97,34336.08,0.00,0.00
77902.01,1032,13955254,0,0,179.14,97,34336.08,0.00,0.00
77962.17,1032,13966264,0,0,179.14,97,34336.08,0.00,0.00
78022.28,1032,13977214,0,0,179.14,97,34336.08,0.00,0.00
78082.42,1032,13987984,0,0,179.14,97,34336.08,0.00,0.00
78142.45,1032,13998574,0,0,179.14,97,34336.08,0.00,0.00
78202.51,1032,14009314,0,0,179.14,97,34336.08,0.00,0.00
78262.57,1032,14019994,0,0,179.14,97,34336.08,0.00,0.00
78322.58,1032,14030674,0,0,179.14,97,34336.08,0.00,0.00
78382.61,1032,14041474,0,0,179.14,97,34336.08,0.00,0.00
78442.66,1032,14052064,0,0,179.14,97,34336.08,0.00,0.00
78502.69,1032,14062774,0,0,179.14,97,34336.08,0.00,0.00
78562.71,1032,14073484,0,0,179.14,97,34336.08,0.00,0.00
78622.75,1032,14084074,0,0,179.13,97,34336.08,0.00,0.00
78682.85,1032,14094544,0,0,179.13,97,34336.08,0.00,0.00
78742.93,1032,14105164,0,0,179.13,97,34336.08,0.00,0.00
78803.04,1032,14115814,0,0,179.13,97,34336.08,0.00,0.00
78863.17,1032,14126360,0,0,179.12,97,34336.08,0.00,0.00
78923.33,1032,14137040,0,0,179.12,97,34336.08,0.00,0.00
78983.46,1032,14147540,0,0,179.12,97,34336.08,0.00,0.00
79043.51,1032,14158070,0,0,179.12,97,34336.08,0.00,0.00
79103.53,1032,14168840,0,0,179.12,97,34336.08,0.00,0.00
79163.68,1032,14179850,0,0,179.12,97,34336.08,0.00,0.00
79223.69,1032,14190740,0,0,179.12,97,34336.08,0.00,0.00
79283.83,1032,14201750,0,0,179.13,97,34336.08,0.00,0.00
79343.94,1032,14212700,0,0,179.13,97,34336.08,0.00,0.00
79404.03,1032,14223590,0,0,179.13,97,34336.08,0.00,0.00
79464.04,1032,14234390,0,0,179.13,97,34336.08,0.00,0.00
79524.06,1032,14245340,0,0,179.13,97,34336.08,0.00,0.00
79584.15,1032,14256140,0,0,179.13,97,34336.08,0.00,0.00
79644.23,1032,14266820,0,0,179.13,97,34336.08,0.00,0.00
79704.32,1032,14277380,0,0,179.13,97,34336.08,0.00,0.00
79764.43,1032,14287880,0,0,179.13,97,34336.08,0.00,0.00
79824.54,1032,14298410,0,0,179.12,97,34336.08,0.00,0.00
79884.65,1032,14308970,0,0,179.12,97,34336.08,0.00,0.00
79944.82,1032,14319710,0,0,179.12,97,34336.08,0.00,0.00
80004.86,1032,14330270,0,0,179.12,97,34336.08,0.00,0.00
80064.93,1032,14340950,0,0,179.12,97,34336.08,0.00,0.00
80124.99,1032,14351630,0,0,179.12,97,34336.08,0.00,0.00
80185.13,1032,14362340,0,0,179.11,97,34336.08,0.00,0.00
80245.21,1032,14373470,0,0,179.12,97,34336.08,0.00,0.00
80305.23,1032,14384570,0,0,179.12,97,34336.08,0.00,0.00
80365.38,1032,14395730,0,0,179.13,97,34336.08,0.00,0.00
80425.56,1032,14406950,0,0,179.13,97,34336.08,0.00,0.00
80485.71,1032,14417630,0,0,179.13,97,34336.08,0.00,0.00
80545.73,1032,14428400,0,0,179.13,97,34336.08,0.00,0.00
80605.78,1032,14439170,0,0,179.13,97,34336.08,0.00,0.00
80665.85,1032,14449820,0,0,179.13,97,34336.08,0.00,0.00
80725.88,1032,14460440,0,0,179.13,97,34336.08,0.00,0.00
80786.04,1032,14470550,0,0,179.12,97,34336.08,0.00,0.00
80846.14,1032,14480840,0,0,179.12,97,34336.08,0.00,0.00
80906.22,1032,14491130,0,0,179.11,97,34336.08,0.00,0.00
80966.24,1032,14501420,0,0,179.10,97,34336.08,0.00,0.00
81026.34,1032,14511666,0,0,179.10,97,34336.08,0.00,0.00
81086.38,1032,14521716,0,0,179.09,97,34336.08,0.00,0.00
81146.49,1032,14532036,0,0,179.08,97,34336.08,0.00,0.00
81206.49,1032,14542086,0,0,179.08,97,34336.08,0.00,0.00
81266.59,1032,14552406,0,0,179.07,97,34336.08,0.00,0.00
81326.70,1032,14562846,0,0,179.07,97,34336.08,0.00,0.00
81386.85,1032,14573166,0,0,179.06,97,34336.08,0.00,0.00
81446.93,1032,14583486,0,0,179.06,97,34336.08,0.00,0.00
81507.00,1032,14593792,0,0,179.05,97,34336.08,0.00,0.00
81567.09,1032,14604262,0,0,179.05,97,34336.08,0.00,0.00
81627.11,1032,14614552,0,0,179.04,97,34336.08,0.00,0.00
81687.19,1032,14624842,0,0,179.03,97,34336.08,0.00,0.00
81747.30,1032,14634982,0,0,179.03,97,34336.08,0.00,0.00
81807.44,1032,14645332,0,0,179.02,97,34336.08,0.00,0.00
81867.58,1032,14655668,0,0,179.02,97,34336.08,0.00,0.00
81927.72,1032,14665958,0,0,179.01,97,34336.08,0.00,0.00
81987.87,1032,14676278,0,0,179.01,97,34336.08,0.00,0.00
82048.06,1032,14686448,0,0,179.00,97,34336.08,0.00,0.00
82108.17,1032,14696678,0,0,178.99,97,34336.08,0.00,0.00
82168.24,1032,14706728,0,0,178.98,97,34336.08,0.00,0.00
82228.33,1032,14716628,0,0,178.97,97,34336.08,0.00,0.00
82288.46,1032,14726558,0,0,178.96,97,34336.08,0.00,0.00
82348.53,1032,14736848,0,0,178.96,97,34336.08,0.00,0.00
82408.63,1032,14747094,0,0,178.95,97,34336.08,0.00,0.00
82468.69,1032,14757444,0,0,178.95,97,34336.08,0.00,0.00
82528.74,1032,14768034,0,0,178.94,97,34336.08,0.00,0.00
82588.83,1032,14778624,0,0,178.94,97,34336.08,0.00,0.00
82648.94,1032,14789544,0,0,178.94,97,34336.08,0.00,0.00
82709.05,1032,14800374,0,0,178.95,97,34336.08,0.00,0.00
82769.07,1032,14811294,0,0,178.95,97,34336.08,0.00,0.00
82829.12,1032,14822244,0,0,178.95,97,34336.08,0.00,0.00
82889.24,1032,14833254,0,0,178.95,97,34336.08,0.00,0.00
82949.34,1032,14844504,0,0,178.96,97,34336.08,0.00,0.00
83009.40,1032,14855784,0,0,178.97,97,34336.08,0.00,0.00
83069.52,1032,14867004,0,0,178.97,97,34336.08,0.00,0.00
83129.62,1032,14878314,0,0,178.98,97,34336.08,0.00,0.00
83189.63,1032,14889504,0,0,178.98,97,34336.08,0.00,0.00
83249.64,1032,14900814,0,0,178.99,97,34336.08,0.00,0.00
83309.76,1032,14912094,0,0,179.00,97,34336.08,0.00,0.00
83369.84,1032,14923224,0,0,179.00,97,34336.08,0.00,0.00
83429.85,1032,14934414,0,0,179.01,97,34336.08,0.00,0.00
83489.92,1032,14945604,0,0,179.01,97,34336.08,0.00,0.00
83550.01,1032,14956854,0,0,179.02,97,34336.08,0.00,0.00
83610.14,1032,14968044,0,0,179.02,97,34336.08,0.00,0.00
83670.27,1032,14979234,0,0,179.03,97,34336.08,0.00,0.00
83730.31,1032,14990454,0,0,179.03,97,34336.08,0.00,0.00
83790.45,1032,15001674,0,0,179.04,97,34336.08,0.00,0.00
83850.55,1032,15012924,0,0,179.04,97,34336.08,0.00,0.00
83910.63,1032,15024144,0,0,179.05,97,34336.08,0.00,0.00
83970.70,1032,15035334,0,0,179.05,97,34336.08,0.00,0.00
84030.78,1032,15046584,0,0,179.06,97,34336.08,0.00,0.00
84090.82,1032,15057894,0,0,179.07,97,34336.08,0.00,0.00
84150.83,1032,15069114,0,0,179.07,97,34336.08,0.00,0.00
84210.84,1032,15080184,0,0,179.08,97,34336.08,0.00,0.00
84270.84,1032,15091524,0,0,179.08,97,34336.08,0.00,0.00
84330.99,1032,15102834,0,0,179.09,97,34336.08,0.00,0.00
84391.10,1032,15114054,0,0,179.10,97,34336.08,0.00,0.00
84451.16,1032,15125214,0,0,179.10,97,34336.08,0.00,0.00
84511.21,1032,15136464,0,0,179.11,97,34336.08,0.00,0.00
84571.33,1032,15147774,0,0,179.11,97,34336.08,0.00,0.00
84631.49,1032,15159084,0,0,179.12,97,34336.08,0.00,0.00
84691.57,1032,15170274,0,0,179.12,97,34336.08,0.00,0.00
84751.71,1032,15181584,0,0,179.13,97,34336.08,0.00,0.00
84811.79,1032,15192654,0,0,179.13,97,34336.08,0.00,0.00
84871.80,1032,15203934,0,0,179.14,97,34336.08,0.00,0.00
84931.88,1032,15215034,0,0,179.14,97,34336.08,0.00,0.00
84992.05,1032,15226254,0,0,179.15,97,34336.08,0.00,0.00
85052.08,1032,15237474,0,0,179.15,97,34336.08,0.00,0.00
85112.11,1032,15248124,0,0,179.15,97,34336.08,0.00,0.00
85172.15,1032,15258774,0,0,179.15,97,34336.08,0.00,0.00
85232.27,1032,15269484,0,0,179.15,97,34336.08,0.00,0.00
85292.32,1032,15280194,0,0,179.15,97,34336.08,0.00,0.00
85352.42,1032,15290934,0,0,179.15,97,34336.08,0.00,0.00
85412.43,1032,15301600,0,0,179.15,97,34336.08,0.00,0.00
85472.52,1032,15312190,0,0,179.15,97,34336.08,0.00,0.00
85532.52,1032,15322780,0,0,179.15,97,34336.08,0.00,0.00
85592.70,1032,15332906,0,0,179.14,97,34336.08,0.00,0.00
85652.78,1032,15343376,0,0,179.13,97,34336.08,0.00,0.00
85712.83,1032,15353936,0,0,179.13,97,34336.08,0.00,0.00
85772.94,1032,15364376,0,0,179.13,97,34336.08,0.00,0.00
85833.05,1032,15374816,0,0,179.12,97,34336.08,0.00,0.00
85893.19,1032,15385226,0,0,179.12,97,34336.08,0.00,0.00
85953.23,1032,15395516,0,0,179.12,97,34336.08,0.00,0.00
86013.38,1032,15405866,0,0,179.11,97,34336.08,0.00,0.00
86073.49,1032,15416276,0,0,179.11,97,34336.08,0.00,0.00
86133.62,1032,15426656,0,0,179.10,97,34336.08,0.00,0.00
86193.63,1032,15437786,0,0,179.11,97,34336.08,0.00,0.00
86253.68,1032,15449906,0,0,179.12,97,34336.08,0.00,0.00
86313.76,1032,15462056,0,0,179.14,97,34336.08,0.00,0.00
86373.79,1032,15474296,0,0,179.16,97,34336.08,0.00,0.00
