elapsed_time,unique_edges,total_execs,crash_count,hang_count,exec_speed,queue_size,last_new_find,last_crash,last_hang
0.00,0,0,0,0,0.00,0,0.00,0.00,0.00
17.48,773,3156,0,0,180.51,61,13.85,0.00,0.00
27.61,774,4956,0,0,179.48,62,25.06,0.00,0.00
37.65,777,6796,0,0,180.52,64,30.67,0.00,0.00
47.66,796,8676,0,0,182.05,69,45.79,0.00,0.00
57.72,799,10516,0,0,182.20,70,56.27,0.00,0.00
67.94,801,12396,0,0,182.45,71,59.75,0.00,0.00
77.99,821,14236,0,0,182.53,73,77.83,0.00,0.00
88.10,827,16132,0,0,183.10,76,86.04,0.00,0.00
98.17,828,17992,0,0,183.28,77,94.14,0.00,0.00
108.19,828,19852,0,0,183.49,77,94.14,0.00,0.00
118.34,832,21742,0,0,183.72,79,116.65,0.00,0.00
128.35,833,23602,0,0,183.89,80,125.58,0.00,0.00
138.37,867,25462,0,0,184.02,81,138.08,0.00,0.00
148.39,867,27322,0,0,184.13,81,138.08,0.00,0.00
158.49,867,29212,0,0,184.31,81,138.08,0.00,0.00
168.49,870,31072,0,0,184.41,82,162.17,0.00,0.00
178.59,870,32932,0,0,184.40,82,162.17,0.00,0.00
188.63,870,34792,0,0,184.45,82,162.17,0.00,0.00
198.65,870,36652,0,0,184.50,82,162.17,0.00,0.00
208.79,870,38542,0,0,184.60,82,162.17,0.00,0.00
218.85,870,40402,0,0,184.61,82,162.17,0.00,0.00
228.91,870,42262,0,0,184.62,82,162.17,0.00,0.00
238.99,870,44152,0,0,184.75,82,162.17,0.00,0.00
249.00,870,46012,0,0,184.79,82,162.17,0.00,0.00
259.02,870,47872,0,0,184.82,82,162.17,0.00,0.00
269.13,870,49732,0,0,184.79,82,162.17,0.00,0.00
279.20,872,51592,0,0,184.78,84,273.41,0.00,0.00
289.28,872,53452,0,0,184.78,84,273.41,0.00,0.00
299.34,872,55312,0,0,184.78,84,273.41,0.00,0.00
309.51,872,57172,0,0,184.72,84,273.41,0.00,0.00
319.56,873,59032,0,0,184.73,85,310.87,0.00,0.00
329.67,873,60892,0,0,184.71,85,310.87,0.00,0.00
339.71,873,62752,0,0,184.72,85,310.87,0.00,0.00
349.84,873,64612,0,0,184.69,85,310.87,0.00,0.00
359.88,873,66472,0,0,184.71,85,310.87,0.00,0.00
370.00,873,68332,0,0,184.68,85,310.87,0.00,0.00
380.03,873,70192,0,0,184.70,85,310.87,0.00,0.00
390.08,880,72022,0,0,184.64,85,386.03,0.00,0.00
400.10,880,73882,0,0,184.66,85,386.03,0.00,0.00
410.22,880,75742,0,0,184.64,85,386.03,0.00,0.00
420.26,880,77602,0,0,184.65,85,386.03,0.00,0.00
430.37,880,79462,0,0,184.64,85,386.03,0.00,0.00
440.47,880,81322,0,0,184.62,85,386.03,0.00,0.00
450.53,880,83182,0,0,184.63,85,386.03,0.00,0.00
460.53,880,85042,0,0,184.66,85,386.03,0.00,0.00
470.57,882,86902,0,0,184.67,86,461.02,0.00,0.00
480.60,882,88762,0,0,184.69,86,461.02,0.00,0.00
490.68,884,90622,0,0,184.69,88,484.20,0.00,0.00
500.75,884,92482,0,0,184.69,88,484.20,0.00,0.00
510.83,884,94342,0,0,184.69,88,484.20,0.00,0.00
520.90,884,96202,0,0,184.68,88,484.20,0.00,0.00
530.99,884,98062,0,0,184.68,88,484.20,0.00,0.00
541.11,884,99922,0,0,184.66,88,484.20,0.00,0.00
551.12,884,101752,0,0,184.63,88,484.20,0.00,0.00
561.17,884,103612,0,0,184.64,88,484.20,0.00,0.00
571.24,884,105472,0,0,184.64,88,484.20,0.00,0.00
581.33,884,107332,0,0,184.63,88,484.20,0.00,0.00
591.47,884,109192,0,0,184.61,88,484.20,0.00,0.00
621.52,884,114742,0,0,184.61,88,484.20,0.00,0.00
651.65,884,120292,0,0,184.60,88,484.20,0.00,0.00
681.79,884,125872,0,0,184.62,88,484.20,0.00,0.00
711.92,885,131452,0,0,184.64,89,686.33,0.00,0.00
742.05,885,137002,0,0,184.63,89,686.33,0.00,0.00
772.20,885,142582,0,0,184.64,89,686.33,0.00,0.00
802.21,885,148132,0,0,184.65,89,686.33,0.00,0.00
832.26,885,153682,0,0,184.66,89,686.33,0.00,0.00
862.42,885,159232,0,0,184.63,89,686.33,0.00,0.00
892.48,885,164782,0,0,184.63,89,686.33,0.00,0.00
922.50,885,170332,0,0,184.64,89,686.33,0.00,0.00
952.53,885,175852,0,0,184.62,89,686.33,0.00,0.00
982.61,886,181402,0,0,184.61,90,953.92,0.00,0.00
1012.72,886,186952,0,0,184.60,90,953.92,0.00,0.00
1042.87,886,192472,0,0,184.56,90,953.92,0.00,0.00
1073.00,886,198052,0,0,184.58,90,953.92,0.00,0.00
1103.04,886,203602,0,0,184.58,90,953.92,0.00,0.00
1133.07,887,209152,0,0,184.59,91,1106.49,0.00,0.00
1163.14,887,214702,0,0,184.59,91,1106.49,0.00,0.00
1193.20,887,220312,0,0,184.64,91,1106.49,0.00,0.00
1223.20,887,225862,0,0,184.65,91,1106.49,0.00,0.00
1253.24,887,231442,0,0,184.67,91,1106.49,0.00,0.00
1283.40,887,236992,0,0,184.66,91,1106.49,0.00,0.00
1313.41,887,242512,0,0,184.64,91,1106.49,0.00,0.00
1343.57,887,248062,0,0,184.63,91,1106.49,0.00,0.00
1373.63,890,253612,0,0,184.63,94,1370.13,0.00,0.00
1403.76,890,259132,0,0,184.60,94,1370.13,0.00,0.00
1433.83,890,264622,0,0,184.56,94,1370.13,0.00,0.00
1463.98,890,270172,0,0,184.55,94,1370.13,0.00,0.00
1494.07,890,275722,0,0,184.54,94,1370.13,0.00,0.00
1524.13,890,281272,0,0,184.55,94,1370.13,0.00,0.00
1554.18,890,286822,0,0,184.55,94,1370.13,0.00,0.00
1584.33,890,292372,0,0,184.54,94,1370.13,0.00,0.00
1614.38,890,297952,0,0,184.56,94,1370.13,0.00,0.00
1644.41,890,303472,0,0,184.55,94,1370.13,0.00,0.00
1674.51,890,308992,0,0,184.53,94,1370.13,0.00,0.00
1704.63,890,314542,0,0,184.52,94,1370.13,0.00,0.00
1734.65,890,320062,0,0,184.51,94,1370.13,0.00,0.00
1764.72,892,325582,0,0,184.49,95,1740.06,0.00,0.00
1794.86,892,331102,0,0,184.47,95,1740.06,0.00,0.00
1825.01,892,336622,0,0,184.45,95,1740.06,0.00,0.00
1855.09,892,342172,0,0,184.45,95,1740.06,0.00,0.00
1885.18,892,347932,0,0,184.56,95,1740.06,0.00,0.00
1915.30,892,353812,0,0,184.73,95,1740.06,0.00,0.00
1945.44,892,359692,0,0,184.89,95,1740.06,0.00,0.00
1975.58,892,365602,0,0,185.06,95,1740.06,0.00,0.00
2005.63,892,371242,0,0,185.10,95,1740.06,0.00,0.00
2035.72,892,376762,0,0,185.08,95,1740.06,0.00,0.00
2065.80,892,382282,0,0,185.05,95,1740.06,0.00,0.00
2095.95,892,387802,0,0,185.02,95,1740.06,0.00,0.00
2125.98,892,393292,0,0,184.99,95,1740.06,0.00,0.00
2156.07,892,398842,0,0,184.99,95,1740.06,0.00,0.00
2186.16,892,404332,0,0,184.95,95,1740.06,0.00,0.00
2216.19,892,409852,0,0,184.94,95,1740.06,0.00,0.00
2246.33,892,415342,0,0,184.90,95,1740.06,0.00,0.00
2276.42,892,420832,0,0,184.87,95,1740.06,0.00,0.00
2306.57,892,426352,0,0,184.84,95,1740.06,0.00,0.00
2336.71,892,431872,0,0,184.82,95,1740.06,0.00,0.00
2366.83,892,437362,0,0,184.79,95,1740.06,0.00,0.00
2396.90,892,442912,0,0,184.79,95,1740.06,0.00,0.00
2427.03,892,448462,0,0,184.78,95,1740.06,0.00,0.00
2457.16,892,453982,0,0,184.76,95,1740.06,0.00,0.00
2487.23,892,459502,0,0,184.74,95,1740.06,0.00,0.00
2517.24,892,465022,0,0,184.73,95,1740.06,0.00,0.00
2547.37,892,470542,0,0,184.72,95,1740.06,0.00,0.00
2577.54,892,476092,0,0,184.71,95,1740.06,0.00,0.00
2607.58,892,481582,0,0,184.69,95,1740.06,0.00,0.00
2637.72,892,487132,0,0,184.68,95,1740.06,0.00,0.00
2667.76,892,492592,0,0,184.65,95,1740.06,0.00,0.00
2697.85,892,498082,0,0,184.62,95,1740.06,0.00,0.00
2727.87,892,503602,0,0,184.61,95,1740.06,0.00,0.00
2757.90,892,509122,0,0,184.60,95,1740.06,0.00,0.00
2788.04,892,514672,0,0,184.60,95,1740.06,0.00,0.00
2818.07,892,520192,0,0,184.59,95,1740.06,0.00,0.00
2848.19,892,525712,0,0,184.58,95,1740.06,0.00,0.00
2878.24,892,531172,0,0,184.55,95,1740.06,0.00,0.00
2908.40,892,536722,0,0,184.54,95,1740.06,0.00,0.00
2938.49,892,542272,0,0,184.54,95,1740.06,0.00,0.00
2968.65,909,547792,0,0,184.53,95,2967.50,0.00,0.00
2998.66,909,553312,0,0,184.52,95,2967.50,0.00,0.00
3028.83,909,558772,0,0,184.48,95,2967.50,0.00,0.00
3058.94,909,564278,0,0,184.47,95,2967.50,0.00,0.00
3088.99,909,569798,0,0,184.46,95,2967.50,0.00,0.00
3119.10,909,575318,0,0,184.45,95,2967.50,0.00,0.00
3149.20,909,580838,0,0,184.44,95,2967.50,0.00,0.00
3179.35,909,586358,0,0,184.43,95,2967.50,0.00,0.00
3209.49,909,591848,0,0,184.41,95,2967.50,0.00,0.00
3239.53,909,597278,0,0,184.37,95,2967.50,0.00,0.00
3269.64,909,602738,0,0,184.34,95,2967.50,0.00,0.00
3299.71,909,608228,0,0,184.33,95,2967.50,0.00,0.00
3329.77,909,613748,0,0,184.32,95,2967.50,0.00,0.00
3359.85,909,619268,0,0,184.31,95,2967.50,0.00,0.00
3389.96,909,624788,0,0,184.31,95,2967.50,0.00,0.00
3420.12,909,630338,0,0,184.30,95,2967.50,0.00,0.00
3450.23,909,635858,0,0,184.29,95,2967.50,0.00,0.00
3480.27,909,641348,0,0,184.28,95,2967.50,0.00,0.00
3510.31,910,646838,0,0,184.27,96,3481.76,0.00,0.00
3540.45,911,652358,0,0,184.26,97,3531.90,0.00,0.00
3570.51,911,657878,0,0,184.25,97,3531.90,0.00,0.00
3630.65,911,668978,0,0,184.26,97,3531.90,0.00,0.00
3690.72,911,680078,0,0,184.27,97,3531.90,0.00,0.00
3750.75,911,691178,0,0,184.28,97,3531.90,0.00,0.00
3810.78,911,702218,0,0,184.27,97,3531.90,0.00,0.00
3870.90,911,713318,0,0,184.28,97,3531.90,0.00,0.00
3930.93,911,724358,0,0,184.27,97,3531.90,0.00,0.00
3991.07,911,735428,0,0,184.27,97,3531.90,0.00,0.00
4051.10,911,746438,0,0,184.26,97,3531.90,0.00,0.00
4111.20,911,757448,0,0,184.24,97,3531.90,0.00,0.00
4171.34,911,768578,0,0,184.25,97,3531.90,0.00,0.00
4231.45,911,779678,0,0,184.26,97,3531.90,0.00,0.00
4291.51,911,790718,0,0,184.25,97,3531.90,0.00,0.00
4351.52,911,801788,0,0,184.25,97,3531.90,0.00,0.00
4411.67,911,812858,0,0,184.25,97,3531.90,0.00,0.00
4471.74,911,823928,0,0,184.25,97,3531.90,0.00,0.00
4531.86,911,835028,0,0,184.26,97,3531.90,0.00,0.00
4591.91,911,846068,0,0,184.25,97,3531.90,0.00,0.00
4651.99,913,857198,0,0,184.26,98,4647.93,0.00,0.00
4712.05,913,868178,0,0,184.25,98,4647.93,0.00,0.00
4772.15,973,878838,0,0,184.16,101,4757.47,0.00,0.00
4832.29,989,889526,0,0,184.08,105,4794.72,0.00,0.00
4892.29,994,900246,0,0,184.01,106,4855.34,0.00,0.00
4952.44,995,911030,0,0,183.96,107,4895.05,0.00,0.00
5012.52,998,921910,0,0,183.92,109,4991.25,0.00,0.00
5072.72,998,932214,0,0,183.77,109,4991.25,0.00,0.00
5132.87,999,942806,0,0,183.68,110,5112.21,0.00,0.00
5193.04,999,953782,0,0,183.67,110,5112.21,0.00,0.00
5253.08,1000,964726,0,0,183.65,111,5222.09,0.00,0.00
5313.22,1000,975670,0,0,183.63,111,5222.09,0.00,0.00
5373.37,1000,986518,0,0,183.59,111,5222.09,0.00,0.00
5433.40,1000,997430,0,0,183.57,111,5222.09,0.00,0.00
5493.44,1000,1008214,0,0,183.53,111,5222.09,0.00,0.00
5553.61,1003,1019062,0,0,183.50,112,5530.07,0.00,0.00
5613.69,1003,1029814,0,0,183.45,112,5530.07,0.00,0.00
5673.87,1013,1040630,0,0,183.41,114,5660.36,0.00,0.00
5734.04,1015,1051510,0,0,183.38,115,5673.88,0.00,0.00
5794.17,1015,1062294,0,0,183.34,115,5673.88,0.00,0.00
5854.35,1018,1073206,0,0,183.32,116,5811.43,0.00,0.00
5914.44,1025,1083926,0,0,183.27,118,5905.24,0.00,0.00
5974.54,1027,1094614,0,0,183.21,120,5935.09,0.00,0.00
6034.62,1027,1105366,0,0,183.17,120,5935.09,0.00,0.00
6094.75,1027,1115830,0,0,183.08,120,5935.09,0.00,0.00
6154.85,1027,1126294,0,0,182.99,120,5935.09,0.00,0.00
6214.97,1027,1136598,0,0,182.88,120,5935.09,0.00,0.00
6274.98,1040,1147126,0,0,182.81,121,6268.19,0.00,0.00
6335.06,1040,1157878,0,0,182.77,121,6268.19,0.00,0.00
6395.16,1040,1168662,0,0,182.74,121,6268.19,0.00,0.00
6455.28,1040,1179382,0,0,182.70,121,6268.19,0.00,0.00
6515.46,1040,1190134,0,0,182.66,121,6268.19,0.00,0.00
6575.56,1040,1200694,0,0,182.60,121,6268.19,0.00,0.00
6635.72,1040,1211446,0,0,182.56,121,6268.19,0.00,0.00
6695.88,1040,1222262,0,0,182.54,121,6268.19,0.00,0.00
6755.94,1040,1233078,0,0,182.52,121,6268.19,0.00,0.00
6816.08,1040,1243830,0,0,182.48,121,6268.19,0.00,0.00
6876.19,1040,1254518,0,0,182.44,121,6268.19,0.00,0.00
6936.37,1040,1265270,0,0,182.41,121,6268.19,0.00,0.00
6996.41,1040,1275990,0,0,182.38,121,6268.19,0.00,0.00
7056.46,1040,1286646,0,0,182.34,121,6268.19,0.00,0.00
7116.51,1040,1297302,0,0,182.29,121,6268.19,0.00,0.00
7176.58,1040,1308022,0,0,182.26,121,6268.19,0.00,0.00
7236.67,1042,1318774,0,0,182.23,122,7178.37,0.00,0.00
7296.76,1042,1329430,0,0,182.19,122,7178.37,0.00,0.00
7356.83,1042,1340054,0,0,182.15,122,7178.37,0.00,0.00
7416.97,1043,1350870,0,0,182.13,123,7365.08,0.00,0.00
7477.07,1043,1361558,0,0,182.10,123,7365.08,0.00,0.00
7537.20,1043,1372214,0,0,182.06,123,7365.08,0.00,0.00
7597.29,1043,1382646,0,0,181.99,123,7365.08,0.00,0.00
7657.41,1043,1393302,0,0,181.95,123,7365.08,0.00,0.00
7717.49,1043,1404054,0,0,181.93,123,7365.08,0.00,0.00
7777.52,1043,1414902,0,0,181.92,123,7365.08,0.00,0.00
7837.58,1043,1425590,0,0,181.89,123,7365.08,0.00,0.00
7897.68,1043,1436278,0,0,181.86,123,7365.08,0.00,0.00
7957.74,1043,1447030,0,0,181.84,123,7365.08,0.00,0.00
8017.86,1043,1457686,0,0,181.80,123,7365.08,0.00,0.00
8077.91,1043,1468534,0,0,181.80,123,7365.08,0.00,0.00
8137.99,1043,1479286,0,0,181.78,123,7365.08,0.00,0.00
8198.05,1043,1490134,0,0,181.77,123,7365.08,0.00,0.00
8258.06,1043,1500726,0,0,181.73,123,7365.08,0.00,0.00
8318.14,1043,1511286,0,0,181.69,123,7365.08,0.00,0.00
8378.23,1045,1522006,0,0,181.66,124,8368.38,0.00,0.00
8438.31,1045,1532662,0,0,181.63,124,8368.38,0.00,0.00
8498.44,1047,1543142,0,0,181.58,125,8450.67,0.00,0.00
8558.57,1047,1553766,0,0,181.55,125,8450.67,0.00,0.00
8618.70,1047,1564550,0,0,181.53,125,8450.67,0.00,0.00
8678.81,1047,1575366,0,0,181.52,125,8450.67,0.00,0.00
8738.92,1047,1586182,0,0,181.51,125,8450.67,0.00,0.00
8798.92,1049,1596934,0,0,181.49,126,8765.90,0.00,0.00
8859.07,1050,1607718,0,0,181.48,127,8857.09,0.00,0.00
8919.16,1050,1618662,0,0,181.48,127,8857.09,0.00,0.00
8979.22,1050,1629574,0,0,181.48,127,8857.09,0.00,0.00
9039.29,1050,1640422,0,0,181.48,127,8857.09,0.00,0.00
9099.33,1050,1651366,0,0,181.48,127,8857.09,0.00,0.00
9159.50,1050,1662374,0,0,181.49,127,8857.09,0.00,0.00
9219.59,1050,1673222,0,0,181.49,127,8857.09,0.00,0.00
9279.67,1050,1683878,0,0,181.46,127,8857.09,0.00,0.00
9339.80,1050,1694854,0,0,181.47,127,8857.09,0.00,0.00
9399.91,1051,1705126,0,0,181.40,128,9345.91,0.00,0.00
9459.93,1051,1715782,0,0,181.37,128,9345.91,0.00,0.00
9519.94,1051,1726630,0,0,181.37,128,9345.91,0.00,0.00
9580.12,1051,1737510,0,0,181.37,128,9345.91,0.00,0.00
9640.17,1052,1748086,0,0,181.33,129,9607.58,0.00,0.00
9700.28,1052,1758998,0,0,181.33,129,9607.58,0.00,0.00
9760.29,1052,1770006,0,0,181.35,129,9607.58,0.00,0.00
9820.36,1052,1780822,0,0,181.34,129,9607.58,0.00,0.00
9880.38,1052,1791606,0,0,181.33,129,9607.58,0.00,0.00
9940.40,1052,1802198,0,0,181.30,129,9607.58,0.00,0.00
10000.52,1052,1813078,0,0,181.30,129,9607.58,0.00,0.00
10060.60,1052,1823990,0,0,181.30,129,9607.58,0.00,0.00
10120.69,1052,1834678,0,0,181.28,129,9607.58,0.00,0.00
10180.79,1052,1845270,0,0,181.25,129,9607.58,0.00,0.00
10240.88,1052,1855910,0,0,181.23,129,9607.58,0.00,0.00
10300.93,1052,1866470,0,0,181.19,129,9607.58,0.00,0.00
10361.04,1053,1877254,0,0,181.18,130,10340.73,0.00,0.00
10421.17,1059,1888102,0,0,181.18,131,10397.15,0.00,0.00
10481.22,1059,1898518,0,0,181.14,131,10397.15,0.00,0.00
10541.30,1059,1909174,0,0,181.11,131,10397.15,0.00,0.00
10601.43,1059,1920054,0,0,181.11,131,10397.15,0.00,0.00
10661.50,1059,1930870,0,0,181.11,131,10397.15,0.00,0.00
10721.60,1059,1941782,0,0,181.11,131,10397.15,0.00,0.00
10781.67,1059,1952534,0,0,181.10,131,10397.15,0.00,0.00
10841.79,1059,1963254,0,0,181.08,131,10397.15,0.00,0.00
10901.85,1059,1973910,0,0,181.06,131,10397.15,0.00,0.00
10961.93,1059,1984662,0,0,181.05,131,10397.15,0.00,0.00
11021.96,1059,1995478,0,0,181.05,131,10397.15,0.00,0.00
11082.06,1059,2006294,0,0,181.04,131,10397.15,0.00,0.00
11142.15,1059,2017078,0,0,181.03,131,10397.15,0.00,0.00
11202.29,1059,2027766,0,0,181.01,131,10397.15,0.00,0.00
11262.29,1059,2038390,0,0,180.99,131,10397.15,0.00,0.00
11322.51,1059,2048566,0,0,180.93,131,10397.15,0.00,0.00
11382.67,1059,2059190,0,0,180.91,131,10397.15,0.00,0.00
11442.85,1059,2069846,0,0,180.89,131,10397.15,0.00,0.00
11503.01,1059,2080630,0,0,180.88,131,10397.15,0.00,0.00
11565.73,1113,2091924,0,0,180.87,148,11564.64,0.00,0.00
11625.75,1118,2102802,0,0,180.87,151,11569.59,0.00,0.00
11685.95,1119,2113828,0,0,180.89,152,11673.70,0.00,0.00
11746.10,1119,2124706,0,0,180.89,152,11673.70,0.00,0.00
11806.16,1119,2135473,0,0,180.88,152,11673.70,0.00,0.00
11866.21,1122,2146240,0,0,180.87,154,11817.49,0.00,0.00
11926.31,1123,2157044,0,0,180.86,155,11868.70,0.00,0.00
11986.47,1123,2167885,0,0,180.86,155,11868.70,0.00,0.00
12046.52,1123,2178763,0,0,180.86,155,11868.70,0.00,0.00
12106.58,1123,2188623,0,0,180.78,155,11868.70,0.00,0.00
12166.62,1124,2199575,0,0,180.79,156,12159.72,0.00,0.00
12226.67,1124,2210268,0,0,180.77,156,12159.72,0.00,0.00
12286.73,1124,2221072,0,0,180.77,156,12159.72,0.00,0.00
12346.92,1124,2231691,0,0,180.75,156,12159.72,0.00,0.00
12407.04,1124,2242088,0,0,180.71,156,12159.72,0.00,0.00
12467.15,1125,2252633,0,0,180.69,157,12462.88,0.00,0.00
12527.17,1125,2263363,0,0,180.68,157,12462.88,0.00,0.00
12587.20,1125,2274315,0,0,180.68,157,12462.88,0.00,0.00
12647.23,1125,2285193,0,0,180.69,157,12462.88,0.00,0.00
12707.42,1125,2296145,0,0,180.69,157,12462.88,0.00,0.00
12767.58,1125,2307134,0,0,180.70,157,12462.88,0.00,0.00
12827.69,1125,2318086,0,0,180.71,157,12462.88,0.00,0.00
12887.85,1125,2329001,0,0,180.71,157,12462.88,0.00,0.00
12947.92,1125,2339990,0,0,180.72,157,12462.88,0.00,0.00
13008.06,1125,2351090,0,0,180.74,157,12462.88,0.00,0.00
13068.10,1125,2362005,0,0,180.75,157,12462.88,0.00,0.00
13128.24,1125,2372772,0,0,180.74,157,12462.88,0.00,0.00
13188.39,1125,2383317,0,0,180.71,157,12462.88,0.00,0.00
13248.58,1125,2394306,0,0,180.72,157,12462.88,0.00,0.00
13308.74,1125,2405110,0,0,180.72,157,12462.88,0.00,0.00
13368.90,1125,2415636,0,0,180.69,157,12462.88,0.00,0.00
13428.99,1125,2426255,0,0,180.67,157,12462.88,0.00,0.00
13489.11,1125,2437170,0,0,180.68,157,12462.88,0.00,0.00
13549.24,1125,2448011,0,0,180.68,157,12462.88,0.00,0.00
13609.35,1125,2458963,0,0,180.68,157,12462.88,0.00,0.00
13669.47,1125,2469508,0,0,180.66,157,12462.88,0.00,0.00
13729.60,1125,2480238,0,0,180.65,157,12462.88,0.00,0.00
13789.65,1125,2491042,0,0,180.65,157,12462.88,0.00,0.00
13849.68,1125,2501883,0,0,180.65,157,12462.88,0.00,0.00
13909.83,1125,2512835,0,0,180.65,157,12462.88,0.00,0.00
13969.87,1126,2523750,0,0,180.66,158,13936.17,0.00,0.00
14030.08,1126,2534776,0,0,180.67,158,13936.17,0.00,0.00
14090.13,1126,2545839,0,0,180.68,158,13936.17,0.00,0.00
14150.17,1126,2556717,0,0,180.68,158,13936.17,0.00,0.00
14210.36,1126,2567780,0,0,180.70,158,13936.17,0.00,0.00
14270.55,1126,2578695,0,0,180.70,158,13936.17,0.00,0.00
14330.55,1126,2589573,0,0,180.70,158,13936.17,0.00,0.00
14390.57,1126,2600562,0,0,180.71,158,13936.17,0.00,0.00
14450.69,1126,2611440,0,0,180.71,158,13936.17,0.00,0.00
14510.81,1126,2622355,0,0,180.72,158,13936.17,0.00,0.00
14570.99,1128,2633418,0,0,180.73,159,14562.16,0.00,0.00
14631.10,1128,2644518,0,0,180.75,159,14562.16,0.00,0.00
14691.23,1128,2655655,0,0,180.76,159,14562.16,0.00,0.00
14751.32,1128,2666570,0,0,180.77,159,14562.16,0.00,0.00
14811.49,1128,2677559,0,0,180.78,159,14562.16,0.00,0.00
14871.60,1128,2688511,0,0,180.78,159,14562.16,0.00,0.00
14931.63,1128,2699130,0,0,180.77,159,14562.16,0.00,0.00
14991.65,1128,2710267,0,0,180.79,159,14562.16,0.00,0.00
15051.71,1128,2721367,0,0,180.80,159,14562.16,0.00,0.00
15111.91,1128,2732615,0,0,180.83,159,14562.16,0.00,0.00
15172.04,1128,2743826,0,0,180.85,159,14562.16,0.00,0.00
15232.07,1128,2755111,0,0,180.88,159,14562.16,0.00,0.00
15292.15,1128,2766322,0,0,180.90,159,14562.16,0.00,0.00
15352.34,1128,2777496,0,0,180.92,159,14562.16,0.00,0.00
15412.52,1128,2788818,0,0,180.94,159,14562.16,0.00,0.00
15472.67,1128,2799973,0,0,180.96,159,14562.16,0.00,0.00
15532.80,1128,2811332,0,0,180.99,159,14562.16,0.00,0.00
15592.83,1128,2822432,0,0,181.01,159,14562.16,0.00,0.00
15653.01,1128,2833421,0,0,181.01,159,14562.16,0.00,0.00
15713.18,1128,2844558,0,0,181.03,159,14562.16,0.00,0.00
15773.25,1128,2855547,0,0,181.04,159,14562.16,0.00,0.00
15833.29,1128,2866536,0,0,181.04,159,14562.16,0.00,0.00
15893.31,1128,2877525,0,0,181.05,159,14562.16,0.00,0.00
15953.51,1129,2888588,0,0,181.06,160,15929.93,0.00,0.00
16013.66,1129,2899614,0,0,181.07,160,15929.93,0.00,0.00
16073.70,1129,2910566,0,0,181.08,160,15929.93,0.00,0.00
16133.82,1129,2921592,0,0,181.08,160,15929.93,0.00,0.00
16193.84,1129,2932618,0,0,181.09,160,15929.93,0.00,0.00
16254.04,1129,2943718,0,0,181.11,160,15929.93,0.00,0.00
16314.06,1129,2954707,0,0,181.11,160,15929.93,0.00,0.00
16374.07,1129,2965548,0,0,181.11,160,15929.93,0.00,0.00
16434.22,1129,2976500,0,0,181.12,160,15929.93,0.00,0.00
16494.39,1129,2987563,0,0,181.13,160,15929.93,0.00,0.00
16554.43,1129,2998774,0,0,181.15,160,15929.93,0.00,0.00
16614.60,1129,3009837,0,0,181.16,160,15929.93,0.00,0.00
16674.62,1129,3021159,0,0,181.18,160,15929.93,0.00,0.00
16734.68,1129,3032333,0,0,181.20,160,15929.93,0.00,0.00
16794.82,1129,3043396,0,0,181.21,160,15929.93,0.00,0.00
16854.98,1129,3054755,0,0,181.24,160,15929.93,0.00,0.00
16915.04,1129,3065855,0,0,181.25,160,15929.93,0.00,0.00
16975.17,1129,3076881,0,0,181.26,160,15929.93,0.00,0.00
17035.34,1129,3087870,0,0,181.26,160,15929.93,0.00,0.00
17095.42,1129,3099081,0,0,181.28,160,15929.93,0.00,0.00
17155.61,1129,3110107,0,0,181.29,160,15929.93,0.00,0.00
17215.63,1129,3121170,0,0,181.30,160,15929.93,0.00,0.00
17275.79,1129,3132122,0,0,181.30,160,15929.93,0.00,0.00
17335.81,1129,3143111,0,0,181.31,160,15929.93,0.00,0.00
17395.96,1129,3154137,0,0,181.31,160,15929.93,0.00,0.00
17456.08,1129,3165126,0,0,181.32,160,15929.93,0.00,0.00
17516.25,1129,3176189,0,0,181.33,160,15929.93,0.00,0.00
17576.29,1129,3187141,0,0,181.33,160,15929.93,0.00,0.00
17636.45,1129,3197945,0,0,181.33,160,15929.93,0.00,0.00
17696.57,1129,3208860,0,0,181.33,160,15929.93,0.00,0.00
17756.77,1129,3219812,0,0,181.33,160,15929.93,0.00,0.00
17816.89,1130,3230727,0,0,181.33,161,17775.79,0.00,0.00
17877.04,1130,3241753,0,0,181.34,161,17775.79,0.00,0.00
17937.22,1130,3252705,0,0,181.34,161,17775.79,0.00,0.00
17997.25,1130,3263546,0,0,181.34,161,17775.79,0.00,0.00
18057.25,1130,3274239,0,0,181.33,161,17775.79,0.00,0.00
18117.30,1130,3285043,0,0,181.32,161,17775.79,0.00,0.00
18177.48,1130,3295884,0,0,181.32,161,17775.79,0.00,0.00
18237.56,1130,3306688,0,0,181.31,161,17775.79,0.00,0.00
18297.61,1130,3317159,0,0,181.29,161,17775.79,0.00,0.00
18357.71,1130,3327445,0,0,181.26,161,17775.79,0.00,0.00
18417.71,1130,3337620,0,0,181.22,161,17775.79,0.00,0.00
18477.82,1130,3347647,0,0,181.17,161,17775.79,0.00,0.00
18537.91,1130,3356564,0,0,181.06,161,17775.79,0.00,0.00
18598.01,1130,3366591,0,0,181.02,161,17775.79,0.00,0.00
18658.13,1130,3376655,0,0,180.97,161,17775.79,0.00,0.00
18718.18,1130,3386201,0,0,180.90,161,17775.79,0.00,0.00
18778.30,1130,3396043,0,0,180.85,161,17775.79,0.00,0.00
18838.34,1130,3406588,0,0,180.83,161,17775.79,0.00,0.00
18898.36,1130,3417466,0,0,180.83,161,17775.79,0.00,0.00
18958.51,1130,3428307,0,0,180.83,161,17775.79,0.00,0.00
19018.66,1130,3439000,0,0,180.82,161,17775.79,0.00,0.00
19078.78,1130,3449952,0,0,180.83,161,17775.79,0.00,0.00
19138.80,1130,3460238,0,0,180.80,161,17775.79,0.00,0.00
19198.82,1130,3471190,0,0,180.80,161,17775.79,0.00,0.00
19258.86,1130,3482049,0,0,180.80,161,17775.79,0.00,0.00
19318.97,1130,3493001,0,0,180.81,161,17775.79,0.00,0.00
19379.08,1130,3503768,0,0,180.80,161,17775.79,0.00,0.00
19439.17,1130,3514609,0,0,180.80,161,17775.79,0.00,0.00
19499.21,1130,3525376,0,0,180.80,161,17775.79,0.00,0.00
19559.41,1130,3536365,0,0,180.80,161,17775.79,0.00,0.00
19619.49,1130,3546725,0,0,180.78,161,17775.79,0.00,0.00
19679.57,1130,3557529,0,0,180.77,161,17775.79,0.00,0.00
19739.75,1130,3568481,0,0,180.78,161,17775.79,0.00,0.00
19799.88,1130,3578952,0,0,180.76,161,17775.79,0.00,0.00
19860.04,1130,3589182,0,0,180.72,161,17775.79,0.00,0.00
19920.18,1130,3600097,0,0,180.73,161,17775.79,0.00,0.00
19980.41,1130,3610346,0,0,180.69,161,17775.79,0.00,0.00
20040.56,1130,3620706,0,0,180.67,161,17775.79,0.00,0.00
20100.73,1130,3631380,0,0,180.66,161,17775.79,0.00,0.00
20160.81,1130,3642221,0,0,180.66,161,17775.79,0.00,0.00
20220.85,1130,3653062,0,0,180.66,161,17775.79,0.00,0.00
20281.04,1130,3663940,0,0,180.66,161,17775.79,0.00,0.00
20341.14,1130,3674744,0,0,180.66,161,17775.79,0.00,0.00
20401.34,1130,3685659,0,0,180.66,161,17775.79,0.00,0.00
20461.50,1130,3696537,0,0,180.66,161,17775.79,0.00,0.00
20521.62,1130,3707156,0,0,180.65,161,17775.79,0.00,0.00
20581.68,1130,3717553,0,0,180.62,161,17775.79,0.00,0.00
20641.71,1130,3728431,0,0,180.63,161,17775.79,0.00,0.00
20701.80,1130,3739272,0,0,180.63,161,17775.79,0.00,0.00
20761.83,1131,3750150,0,0,180.63,162,20747.11,0.00,0.00
20821.95,1131,3761213,0,0,180.64,162,20747.11,0.00,0.00
20881.97,1131,3771832,0,0,180.63,162,20747.11,0.00,0.00
20942.10,1131,3782525,0,0,180.62,162,20747.11,0.00,0.00
21002.19,1131,3793329,0,0,180.62,162,20747.11,0.00,0.00
21062.32,1131,3804244,0,0,180.62,162,20747.11,0.00,0.00
21122.37,1131,3814678,0,0,180.60,162,20747.11,0.00,0.00
21182.49,1131,3825519,0,0,180.60,162,20747.11,0.00,0.00
21242.52,1131,3836249,0,0,180.59,162,20747.11,0.00,0.00
21302.64,1131,3847238,0,0,180.60,162,20747.11,0.00,0.00
21362.72,1131,3858116,0,0,180.60,162,20747.11,0.00,0.00
21422.89,1131,3869105,0,0,180.61,162,20747.11,0.00,0.00
21482.91,1131,3880057,0,0,180.61,162,20747.11,0.00,0.00
21542.99,1131,3891083,0,0,180.62,162,20747.11,0.00,0.00
21603.12,1131,3901961,0,0,180.62,162,20747.11,0.00,0.00
21663.15,1131,3912654,0,0,180.61,162,20747.11,0.00,0.00
21723.19,1131,3923717,0,0,180.62,162,20747.11,0.00,0.00
21783.25,1131,3934595,0,0,180.62,162,20747.11,0.00,0.00
21843.42,1131,3945362,0,0,180.62,162,20747.11,0.00,0.00
21903.60,1131,3956129,0,0,180.62,162,20747.11,0.00,0.00
21963.77,1131,3966970,0,0,180.61,162,20747.11,0.00,0.00
22023.84,1131,3977811,0,0,180.61,162,20747.11,0.00,0.00
22083.99,1131,3988652,0,0,180.61,162,20747.11,0.00,0.00
22144.05,1131,3999641,0,0,180.62,162,20747.11,0.00,0.00
22204.25,1131,4010482,0,0,180.62,162,20747.11,0.00,0.00
22264.28,1131,4021360,0,0,180.62,162,20747.11,0.00,0.00
22324.43,1131,4032164,0,0,180.62,162,20747.11,0.00,0.00
22384.55,1131,4042968,0,0,180.61,162,20747.11,0.00,0.00
22444.70,1131,4053772,0,0,180.61,162,20747.11,0.00,0.00
22504.85,1131,4064539,0,0,180.61,162,20747.11,0.00,0.00
22564.93,1131,4074899,0,0,180.59,162,20747.11,0.00,0.00
22625.04,1131,4085000,0,0,180.55,162,20747.11,0.00,0.00
22685.05,1131,4095286,0,0,180.53,162,20747.11,0.00,0.00
22745.23,1131,4106016,0,0,180.52,162,20747.11,0.00,0.00
22805.40,1131,4116783,0,0,180.52,162,20747.11,0.00,0.00
22865.60,1131,4127217,0,0,180.50,162,20747.11,0.00,0.00
22925.76,1131,4137947,0,0,180.49,162,20747.11,0.00,0.00
22985.94,1131,4148788,0,0,180.49,162,20747.11,0.00,0.00
23046.03,1131,4159740,0,0,180.50,162,20747.11,0.00,0.00
23106.19,1131,4170618,0,0,180.50,162,20747.11,0.00,0.00
23166.42,1131,4181459,0,0,180.50,162,20747.11,0.00,0.00
23226.46,1131,4192300,0,0,180.50,162,20747.11,0.00,0.00
23286.50,1131,4202993,0,0,180.49,162,20747.11,0.00,0.00
23346.56,1131,4213797,0,0,180.49,162,20747.11,0.00,0.00
23406.73,1131,4224638,0,0,180.49,162,20747.11,0.00,0.00
23466.88,1131,4235442,0,0,180.49,162,20747.11,0.00,0.00
23526.96,1131,4246079,0,0,180.48,162,20747.11,0.00,0.00
23587.12,1131,4256698,0,0,180.47,162,20747.11,0.00,0.00
23647.17,1131,4267613,0,0,180.47,162,20747.11,0.00,0.00
23707.24,1131,4278602,0,0,180.48,162,20747.11,0.00,0.00
23767.26,1131,4289184,0,0,180.47,162,20747.11,0.00,0.00
23827.40,1131,4299655,0,0,180.45,162,20747.11,0.00,0.00
23887.44,1131,4309163,0,0,180.39,162,20747.11,0.00,0.00
23947.45,1131,4319671,0,0,180.38,162,20747.11,0.00,0.00
24007.47,1131,4330290,0,0,180.37,162,20747.11,0.00,0.00
24067.47,1131,4340946,0,0,180.37,162,20747.11,0.00,0.00
24127.59,1131,4351602,0,0,180.36,162,20747.11,0.00,0.00
24187.64,1131,4361814,0,0,180.33,162,20747.11,0.00,0.00
24247.73,1131,4371471,0,0,180.28,162,20747.11,0.00,0.00
24307.76,1131,4381646,0,0,180.26,162,20747.11,0.00,0.00
24367.86,1131,4392080,0,0,180.24,162,20747.11,0.00,0.00
24428.01,1131,4402477,0,0,180.22,162,20747.11,0.00,0.00
24488.13,1131,4413281,0,0,180.22,162,20747.11,0.00,0.00
24548.24,1131,4423752,0,0,180.21,162,20747.11,0.00,0.00
24608.28,1131,4434223,0,0,180.19,162,20747.11,0.00,0.00
24668.45,1131,4445027,0,0,180.19,162,20747.11,0.00,0.00
24728.50,1131,4455424,0,0,180.17,162,20747.11,0.00,0.00
24788.52,1131,4465284,0,0,180.14,162,20747.11,0.00,0.00
24848.75,1131,4475015,0,0,180.09,162,20747.11,0.00,0.00
24908.76,1131,4485338,0,0,180.07,162,20747.11,0.00,0.00
24968.86,1131,4495994,0,0,180.06,162,20747.11,0.00,0.00
25029.04,1131,4506594,0,0,180.05,162,20747.11,0.00,0.00
25089.24,1131,4517509,0,0,180.06,162,20747.11,0.00,0.00
25149.43,1131,4528350,0,0,180.06,162,20747.11,0.00,0.00
25209.52,1131,4538895,0,0,180.05,162,20747.11,0.00,0.00
25269.72,1131,4548441,0,0,180.00,162,20747.11,0.00,0.00
25329.79,1131,4558135,0,0,179.95,162,20747.11,0.00,0.00
25389.90,1131,4568828,0,0,179.95,162,20747.11,0.00,0.00
25450.08,1131,4579188,0,0,179.93,162,20747.11,0.00,0.00
25510.26,1131,4589548,0,0,179.91,162,20747.11,0.00,0.00
25570.29,1131,4600056,0,0,179.90,162,20747.11,0.00,0.00
25630.46,1131,4610638,0,0,179.89,162,20747.11,0.00,0.00
25690.57,1132,4621220,0,0,179.88,163,25652.41,0.00,0.00
25750.63,1132,4631358,0,0,179.85,163,25652.41,0.00,0.00
25810.83,1132,4641903,0,0,179.84,163,25652.41,0.00,0.00
25870.96,1132,4652170,0,0,179.82,163,25652.41,0.00,0.00
25931.09,1132,4662863,0,0,179.82,163,25652.41,0.00,0.00
25991.24,1132,4673630,0,0,179.82,163,25652.41,0.00,0.00
26051.31,1132,4684212,0,0,179.81,163,25652.41,0.00,0.00
26111.38,1132,4694942,0,0,179.80,163,25652.41,0.00,0.00
26171.54,1132,4705690,0,0,179.80,163,25652.41,0.00,0.00
26231.67,1132,4716494,0,0,179.80,163,25652.41,0.00,0.00
26291.79,1132,4727261,0,0,179.80,163,25652.41,0.00,0.00
26351.80,1132,4737991,0,0,179.80,163,25652.41,0.00,0.00
26411.85,1132,4748813,0,0,179.80,163,25652.41,0.00,0.00
26471.95,1132,4759580,0,0,179.80,163,25652.41,0.00,0.00
26532.14,1132,4770310,0,0,179.79,163,25652.41,0.00,0.00
26592.16,1132,4780966,0,0,179.79,163,25652.41,0.00,0.00
26652.30,1132,4791696,0,0,179.79,163,25652.41,0.00,0.00
26712.37,1132,4802352,0,0,179.78,163,25652.41,0.00,0.00
26772.52,1132,4813156,0,0,179.78,163,25652.41,0.00,0.00
26832.62,1132,4823997,0,0,179.78,163,25652.41,0.00,0.00
26892.65,1132,4834986,0,0,179.79,163,25652.41,0.00,0.00
26952.67,1132,4845901,0,0,179.79,163,25652.41,0.00,0.00
27012.71,1132,4856557,0,0,179.79,163,25652.41,0.00,0.00
27072.75,1132,4867361,0,0,179.79,163,25652.41,0.00,0.00
27132.94,1132,4878165,0,0,179.79,163,25652.41,0.00,0.00
27193.08,1132,4888784,0,0,179.78,163,25652.41,0.00,0.00
27253.22,1132,4899477,0,0,179.78,163,25652.41,0.00,0.00
27313.35,1132,4909911,0,0,179.76,163,25652.41,0.00,0.00
27373.39,1132,4920567,0,0,179.76,163,25652.41,0.00,0.00
27433.54,1132,4931297,0,0,179.75,163,25652.41,0.00,0.00
27493.67,1132,4941731,0,0,179.74,163,25652.41,0.00,0.00
27553.89,1132,4951906,0,0,179.72,163,25652.41,0.00,0.00
27613.94,1132,4962636,0,0,179.71,163,25652.41,0.00,0.00
27674.05,1132,4973458,0,0,179.72,163,25652.41,0.00,0.00
27734.23,1132,4984003,0,0,179.71,163,25652.41,0.00,0.00
27794.38,1132,4994696,0,0,179.70,163,25652.41,0.00,0.00
27854.44,1132,5005500,0,0,179.70,163,25652.41,0.00,0.00
27914.63,1132,5015860,0,0,179.69,163,25652.41,0.00,0.00
27974.66,1132,5025776,0,0,179.65,163,25652.41,0.00,0.00
28034.70,1132,5035877,0,0,179.63,163,25652.41,0.00,0.00
28094.89,1132,5046422,0,0,179.62,163,25652.41,0.00,0.00
28155.00,1132,5057115,0,0,179.62,163,25652.41,0.00,0.00
28215.04,1132,5067678,0,0,179.61,163,25652.41,0.00,0.00
28275.14,1132,5078334,0,0,179.60,163,25652.41,0.00,0.00
28335.14,1132,5088916,0,0,179.60,163,25652.41,0.00,0.00
28395.19,1132,5098887,0,0,179.57,163,25652.41,0.00,0.00
28455.35,1132,5109395,0,0,179.56,163,25652.41,0.00,0.00
28515.39,1132,5119088,0,0,179.52,163,25652.41,0.00,0.00
28575.61,1132,5129818,0,0,179.52,163,25652.41,0.00,0.00
28635.67,1132,5140436,0,0,179.51,163,25652.41,0.00,0.00
28695.67,1132,5151166,0,0,179.51,163,25652.41,0.00,0.00
28755.73,1132,5162007,0,0,179.51,163,25652.41,0.00,0.00
28815.76,1132,5172681,0,0,179.51,163,25652.41,0.00,0.00
28875.98,1132,5183448,0,0,179.51,163,25652.41,0.00,0.00
28936.08,1132,5194048,0,0,179.50,163,25652.41,0.00,0.00
28996.18,1132,5204593,0,0,179.49,163,25652.41,0.00,0.00
29056.34,1132,5215212,0,0,179.49,163,25652.41,0.00,0.00
29116.39,1132,5225757,0,0,179.48,163,25652.41,0.00,0.00
29176.55,1132,5236487,0,0,179.48,163,25652.41,0.00,0.00
29236.65,1132,5247161,0,0,179.47,163,25652.41,0.00,0.00
29296.70,1132,5257484,0,0,179.46,163,25652.41,0.00,0.00
29356.85,1132,5268214,0,0,179.45,163,25652.41,0.00,0.00
29416.93,1132,5278870,0,0,179.45,163,25652.41,0.00,0.00
29476.96,1132,5289637,0,0,179.45,163,25652.41,0.00,0.00
29536.97,1132,5300274,0,0,179.45,163,25652.41,0.00,0.00
29597.16,1132,5310911,0,0,179.44,163,25652.41,0.00,0.00
29657.16,1132,5321604,0,0,179.44,163,25652.41,0.00,0.00
29717.32,1132,5332186,0,0,179.43,163,25652.41,0.00,0.00
29777.46,1132,5342768,0,0,179.42,163,25652.41,0.00,0.00
29837.52,1132,5353313,0,0,179.42,163,25652.41,0.00,0.00
29897.68,1132,5363969,0,0,179.41,163,25652.41,0.00,0.00
29957.81,1132,5374662,0,0,179.41,163,25652.41,0.00,0.00
30017.95,1132,5385392,0,0,179.41,163,25652.41,0.00,0.00
30077.97,1132,5395974,0,0,179.40,163,25652.41,0.00,0.00
30138.02,1132,5406630,0,0,179.40,163,25652.41,0.00,0.00
30198.13,1132,5417434,0,0,179.40,163,25652.41,0.00,0.00
30258.28,1132,5428201,0,0,179.40,163,25652.41,0.00,0.00
30318.39,1132,5438635,0,0,179.38,163,25652.41,0.00,0.00
30378.46,1132,5449328,0,0,179.38,163,25652.41,0.00,0.00
30438.66,1132,5460058,0,0,179.38,163,25652.41,0.00,0.00
30498.86,1132,5470751,0,0,179.38,163,25652.41,0.00,0.00
30558.90,1132,5481111,0,0,179.36,163,25652.41,0.00,0.00
30619.03,1132,5491508,0,0,179.35,163,25652.41,0.00,0.00
30679.09,1132,5502238,0,0,179.35,163,25652.41,0.00,0.00
30739.12,1132,5512931,0,0,179.35,163,25652.41,0.00,0.00
30799.13,1132,5523661,0,0,179.34,163,25652.41,0.00,0.00
30859.14,1132,5534354,0,0,179.34,163,25652.41,0.00,0.00
30919.17,1142,5545084,0,0,179.34,164,30876.48,0.00,0.00
30979.33,1142,5555851,0,0,179.34,164,30876.48,0.00,0.00
31039.36,1142,5566544,0,0,179.34,164,30876.48,0.00,0.00
31099.52,1142,5577200,0,0,179.33,164,30876.48,0.00,0.00
31159.75,1142,5587930,0,0,179.33,164,30876.48,0.00,0.00
31219.91,1142,5598105,0,0,179.31,164,30876.48,0.00,0.00
31280.06,1142,5608613,0,0,179.30,164,30876.48,0.00,0.00
31340.23,1142,5618196,0,0,179.26,164,30876.48,0.00,0.00
31400.28,1142,5628186,0,0,179.24,164,30876.48,0.00,0.00
31460.42,1142,5637954,0,0,179.21,164,30876.48,0.00,0.00
31520.53,1142,5648351,0,0,179.20,164,30876.48,0.00,0.00
31580.57,1142,5658970,0,0,179.19,164,30876.48,0.00,0.00
31640.57,1142,5669441,0,0,179.18,164,30876.48,0.00,0.00
31700.76,1142,5680078,0,0,179.18,164,30876.48,0.00,0.00
31760.80,1142,5690660,0,0,179.17,164,30876.48,0.00,0.00
31820.87,1142,5701427,0,0,179.17,164,30876.48,0.00,0.00
31881.03,1142,5712083,0,0,179.17,164,30876.48,0.00,0.00
31941.18,1142,5721814,0,0,179.14,164,30876.48,0.00,0.00
32001.34,1142,5731508,0,0,179.10,164,30876.48,0.00,0.00
32061.56,1142,5741239,0,0,179.07,164,30876.48,0.00,0.00
32121.62,1142,5751340,0,0,179.05,164,30876.48,0.00,0.00
32181.67,1142,5762033,0,0,179.05,164,30876.48,0.00,0.00
32241.76,1142,5772578,0,0,179.04,164,30876.48,0.00,0.00
32301.88,1142,5783345,0,0,179.04,164,30876.48,0.00,0.00
32362.06,1142,5793520,0,0,179.02,164,30876.48,0.00,0.00
32422.08,1142,5804250,0,0,179.02,164,30876.48,0.00,0.00
32482.25,1142,5814832,0,0,179.02,164,30876.48,0.00,0.00
32542.39,1142,5825525,0,0,179.01,164,30876.48,0.00,0.00
32602.46,1142,5836070,0,0,179.01,164,30876.48,0.00,0.00
32662.60,1142,5846726,0,0,179.00,164,30876.48,0.00,0.00
32722.81,1142,5857234,0,0,179.00,164,30876.48,0.00,0.00
32783.06,1142,5868075,0,0,179.00,164,30876.48,0.00,0.00
32843.23,1142,5878879,0,0,179.00,164,30876.48,0.00,0.00
32903.31,1142,5889609,0,0,179.00,164,30876.48,0.00,0.00
32963.49,1142,5900376,0,0,179.00,164,30876.48,0.00,0.00
33023.61,1142,5911143,0,0,179.00,164,30876.48,0.00,0.00
33083.79,1142,5921910,0,0,179.00,164,30876.48,0.00,0.00
33143.92,1142,5932677,0,0,179.00,164,30876.48,0.00,0.00
33204.03,1142,5943370,0,0,179.00,164,30876.48,0.00,0.00
33264.10,1142,5953952,0,0,178.99,164,30876.48,0.00,0.00
33324.25,1142,5964793,0,0,178.99,164,30876.48,0.00,0.00
33384.43,1142,5975208,0,0,178.98,164,30876.48,0.00,0.00
33444.47,1142,5985827,0,0,178.98,164,30876.48,0.00,0.00
33504.56,1142,5996631,0,0,178.98,164,30876.48,0.00,0.00
33564.60,1142,6007139,0,0,178.97,164,30876.48,0.00,0.00
33624.66,1142,6017499,0,0,178.96,164,30876.48,0.00,0.00
33684.76,1142,6028118,0,0,178.96,164,30876.48,0.00,0.00
33744.78,1142,6038885,0,0,178.96,164,30876.48,0.00,0.00
33804.79,1142,6049078,0,0,178.94,164,30876.48,0.00,0.00
33864.97,1142,6059327,0,0,178.93,164,30876.48,0.00,0.00
33925.04,1142,6069964,0,0,178.92,164,30876.48,0.00,0.00
33985.08,1142,6080620,0,0,178.92,164,30876.48,0.00,0.00
34045.20,1142,6091387,0,0,178.92,164,30876.48,0.00,0.00
34105.22,1142,6102154,0,0,178.92,164,30876.48,0.00,0.00
34165.24,1142,6112884,0,0,178.92,164,30876.48,0.00,0.00
34225.35,1142,6123318,0,0,178.91,164,30876.48,0.00,0.00
34285.52,1142,6133974,0,0,178.91,164,30876.48,0.00,0.00
34345.56,1142,6144408,0,0,178.90,164,30876.48,0.00,0.00
34405.68,1142,6154435,0,0,178.88,164,30876.48,0.00,0.00
34465.69,1142,6165017,0,0,178.87,164,30876.48,0.00,0.00
34525.86,1142,6175784,0,0,178.87,164,30876.48,0.00,0.00
34585.89,1142,6186403,0,0,178.87,164,30876.48,0.00,0.00
34645.89,1142,6197133,0,0,178.87,164,30876.48,0.00,0.00
34706.08,1142,6206938,0,0,178.84,164,30876.48,0.00,0.00
34766.18,1142,6216891,0,0,178.82,164,30876.48,0.00,0.00
34826.27,1142,6227251,0,0,178.81,164,30876.48,0.00,0.00
34886.30,1142,6237944,0,0,178.81,164,30876.48,0.00,0.00
34946.47,1142,6248674,0,0,178.81,164,30876.48,0.00,0.00
35006.48,1142,6259348,0,0,178.81,164,30876.48,0.00,0.00
35066.54,1142,6270041,0,0,178.80,164,30876.48,0.00,0.00
35126.57,1142,6280697,0,0,178.80,164,30876.48,0.00,0.00
35186.73,1142,6291334,0,0,178.80,164,30876.48,0.00,0.00
35246.92,1142,6301953,0,0,178.79,164,30876.48,0.00,0.00
35307.05,1142,6312609,0,0,178.79,164,30876.48,0.00,0.00
35367.09,1142,6323154,0,0,178.79,164,30876.48,0.00,0.00
35427.25,1142,6333884,0,0,178.79,164,30876.48,0.00,0.00
35487.25,1142,6344540,0,0,178.78,164,30876.48,0.00,0.00
35547.43,1142,6355085,0,0,178.78,164,30876.48,0.00,0.00
35607.55,1142,6365778,0,0,178.78,164,30876.48,0.00,0.00
35667.72,1142,6376545,0,0,178.78,164,30876.48,0.00,0.00
35727.86,1142,6387386,0,0,178.78,164,30876.48,0.00,0.00
35787.91,1142,6398079,0,0,178.78,164,30876.48,0.00,0.00
35848.02,1142,6408661,0,0,178.77,164,30876.48,0.00,0.00
35908.03,1142,6419280,0,0,178.77,164,30876.48,0.00,0.00
35968.14,1142,6430010,0,0,178.77,164,30876.48,0.00,0.00
36028.33,1142,6440629,0,0,178.77,164,30876.48,0.00,0.00
36088.52,1142,6451322,0,0,178.76,164,30876.48,0.00,0.00
36148.73,1142,6461386,0,0,178.74,164,30876.48,0.00,0.00
36209.00,1142,6471524,0,0,178.73,164,30876.48,0.00,0.00
36269.10,1142,6481865,0,0,178.72,164,30876.48,0.00,0.00
36329.29,1142,6492188,0,0,178.70,164,30876.48,0.00,0.00
36389.31,1142,6502659,0,0,178.70,164,30876.48,0.00,0.00
36449.36,1142,6513093,0,0,178.69,164,30876.48,0.00,0.00
36509.41,1142,6523693,0,0,178.69,164,30876.48,0.00,0.00
36569.65,1142,6534238,0,0,178.68,164,30876.48,0.00,0.00
36629.78,1142,6544931,0,0,178.68,164,30876.48,0.00,0.00
36689.93,1142,6555550,0,0,178.67,164,30876.48,0.00,0.00
36750.08,1142,6566169,0,0,178.67,164,30876.48,0.00,0.00
36810.12,1142,6576862,0,0,178.67,164,30876.48,0.00,0.00
36870.27,1142,6587629,0,0,178.67,164,30876.48,0.00,0.00
36930.40,1142,6597656,0,0,178.65,164,30876.48,0.00,0.00
36990.54,1142,6608034,0,0,178.64,164,30876.48,0.00,0.00
37050.59,1142,6617746,0,0,178.61,164,30876.48,0.00,0.00
37110.84,1142,6628402,0,0,178.61,164,30876.48,0.00,0.00
37170.92,1142,6639021,0,0,178.61,164,30876.48,0.00,0.00
37231.00,1142,6649640,0,0,178.60,164,30876.48,0.00,0.00
37291.17,1142,6660407,0,0,178.61,164,30876.48,0.00,0.00
37351.20,1142,6671026,0,0,178.60,164,30876.48,0.00,0.00
37411.20,1142,6681608,0,0,178.60,164,30876.48,0.00,0.00
37471.30,1142,6692338,0,0,178.60,164,30876.48,0.00,0.00
37531.49,1142,6703179,0,0,178.60,164,30876.48,0.00,0.00
37591.62,1142,6713872,0,0,178.60,164,30876.48,0.00,0.00
37651.77,1142,6724028,0,0,178.58,164,30876.48,0.00,0.00
37711.93,1142,6734314,0,0,178.57,164,30876.48,0.00,0.00
37771.99,1142,6745173,0,0,178.58,164,30876.48,0.00,0.00
37832.00,1142,6755977,0,0,178.58,164,30876.48,0.00,0.00
37892.11,1142,6766818,0,0,178.58,164,30876.48,0.00,0.00
37952.28,1142,6777696,0,0,178.58,164,30876.48,0.00,0.00
38012.46,1142,6788426,0,0,178.58,164,30876.48,0.00,0.00
38072.54,1142,6799193,0,0,178.59,164,30876.48,0.00,0.00
38132.68,1142,6809904,0,0,178.58,164,30876.48,0.00,0.00
38192.91,1142,6820153,0,0,178.57,164,30876.48,0.00,0.00
38252.95,1142,6830476,0,0,178.56,164,30876.48,0.00,0.00
38313.13,1142,6841058,0,0,178.56,164,30876.48,0.00,0.00
38373.25,1142,6851788,0,0,178.56,164,30876.48,0.00,0.00
38433.29,1142,6862629,0,0,178.56,164,30876.48,0.00,0.00
38493.44,1142,6872174,0,0,178.53,164,30876.48,0.00,0.00
38553.44,1142,6882719,0,0,178.52,164,30876.48,0.00,0.00
38613.48,1142,6893338,0,0,178.52,164,30876.48,0.00,0.00
38673.67,1142,6903901,0,0,178.52,164,30876.48,0.00,0.00
38733.75,1142,6914668,0,0,178.52,164,30876.48,0.00,0.00
38793.91,1142,6925379,0,0,178.52,164,30876.48,0.00,0.00
38853.96,1142,6936109,0,0,178.52,164,30876.48,0.00,0.00
38914.08,1142,6946765,0,0,178.52,164,30876.48,0.00,0.00
38974.31,1142,6957384,0,0,178.51,164,30876.48,0.00,0.00
39034.33,1142,6968188,0,0,178.51,164,30876.48,0.00,0.00
39094.48,1142,6978807,0,0,178.51,164,30876.48,0.00,0.00
39154.62,1142,6988871,0,0,178.49,164,30876.48,0.00,0.00
39214.81,1142,6999675,0,0,178.50,164,30876.48,0.00,0.00
39274.82,1142,7010146,0,0,178.49,164,30876.48,0.00,0.00
39334.96,1142,7020284,0,0,178.47,164,30876.48,0.00,0.00
39395.12,1142,7031051,0,0,178.48,164,30876.48,0.00,0.00
39455.30,1142,7041744,0,0,178.47,164,30876.48,0.00,0.00
39515.35,1142,7052178,0,0,178.47,164,30876.48,0.00,0.00
39575.48,1142,7062871,0,0,178.47,164,30876.48,0.00,0.00
39635.67,1142,7073490,0,0,178.46,164,30876.48,0.00,0.00
39695.69,1142,7084220,0,0,178.46,164,30876.48,0.00,0.00
39755.79,1142,7094894,0,0,178.46,164,30876.48,0.00,0.00
39815.96,1142,7105624,0,0,178.46,164,30876.48,0.00,0.00
39875.96,1142,7116206,0,0,178.46,164,30876.48,0.00,0.00
39936.14,1142,7127010,0,0,178.46,164,30876.48,0.00,0.00
39996.16,1142,7137666,0,0,178.46,164,30876.48,0.00,0.00
40056.24,1142,7148451,0,0,178.46,164,30876.48,0.00,0.00
40116.29,1142,7159144,0,0,178.46,164,30876.48,0.00,0.00
40176.32,1142,7169689,0,0,178.46,164,30876.48,0.00,0.00
40236.43,1142,7180382,0,0,178.45,164,30876.48,0.00,0.00
40296.54,1142,7191038,0,0,178.45,164,30876.48,0.00,0.00
40356.61,1142,7201768,0,0,178.45,164,30876.48,0.00,0.00
40416.67,1142,7212535,0,0,178.45,164,30876.48,0.00,0.00
40476.70,1142,7223043,0,0,178.45,164,30876.48,0.00,0.00
40536.87,1142,7233736,0,0,178.45,164,30876.48,0.00,0.00
40597.02,1142,7244410,0,0,178.45,164,30876.48,0.00,0.00
40657.04,1142,7255084,0,0,178.45,164,30876.48,0.00,0.00
40717.20,1142,7265814,0,0,178.45,164,30876.48,0.00,0.00
40777.34,1142,7276581,0,0,178.45,164,30876.48,0.00,0.00
40837.54,1142,7287163,0,0,178.44,164,30876.48,0.00,0.00
40897.74,1142,7297634,0,0,178.44,164,30876.48,0.00,0.00
40957.91,1142,7307587,0,0,178.42,164,30876.48,0.00,0.00
41017.95,1142,7318317,0,0,178.42,164,30876.48,0.00,0.00
41078.02,1142,7328566,0,0,178.41,164,30876.48,0.00,0.00
41138.02,1142,7338408,0,0,178.39,164,30876.48,0.00,0.00
41198.19,1142,7348324,0,0,178.37,164,30876.48,0.00,0.00
41258.20,1142,7358203,0,0,178.35,164,30876.48,0.00,0.00
41318.30,1142,7367934,0,0,178.32,164,30876.48,0.00,0.00
41378.47,1142,7378256,0,0,178.31,164,30876.48,0.00,0.00
41438.53,1142,7388431,0,0,178.30,164,30876.48,0.00,0.00
41498.57,1142,7399161,0,0,178.30,164,30876.48,0.00,0.00
41558.60,1142,7409632,0,0,178.29,164,30876.48,0.00,0.00
41618.66,1142,7420214,0,0,178.29,164,30876.48,0.00,0.00
41678.75,1142,7430759,0,0,178.29,164,30876.48,0.00,0.00
41738.86,1142,7441415,0,0,178.29,164,30876.48,0.00,0.00
41798.99,1142,7451886,0,0,178.28,164,30876.48,0.00,0.00
41859.12,1142,7462505,0,0,178.28,164,30876.48,0.00,0.00
41919.29,1142,7473161,0,0,178.28,164,30876.48,0.00,0.00
41979.36,1142,7483743,0,0,178.27,164,30876.48,0.00,0.00
42039.40,1142,7494306,0,0,178.27,164,30876.48,0.00,0.00
42099.57,1142,7504629,0,0,178.26,164,30876.48,0.00,0.00
42159.61,1142,7515285,0,0,178.26,164,30876.48,0.00,0.00
42219.65,1142,7525941,0,0,178.26,164,30876.48,0.00,0.00
42279.83,1142,7536412,0,0,178.25,164,30876.48,0.00,0.00
42339.95,1142,7546957,0,0,178.25,164,30876.48,0.00,0.00
42400.19,1142,7556836,0,0,178.23,164,30876.48,0.00,0.00
42460.31,1142,7566807,0,0,178.21,164,30876.48,0.00,0.00
42520.50,1142,7577500,0,0,178.21,164,30876.48,0.00,0.00
42580.58,1142,7588156,0,0,178.21,164,30876.48,0.00,0.00
42640.66,1142,7598701,0,0,178.20,164,30876.48,0.00,0.00
42700.81,1142,7609283,0,0,178.20,164,30876.48,0.00,0.00
42760.92,1142,7619809,0,0,178.20,164,30876.48,0.00,0.00
42821.11,1142,7629836,0,0,178.18,164,30876.48,0.00,0.00
42881.25,1142,7640566,0,0,178.18,164,30876.48,0.00,0.00
42941.35,1142,7651407,0,0,178.18,164,30876.48,0.00,0.00
43001.50,1142,7662063,0,0,178.18,164,30876.48,0.00,0.00
43061.60,1142,7672978,0,0,178.19,164,30876.48,0.00,0.00
43121.79,1142,7683745,0,0,178.19,164,30876.48,0.00,0.00
43181.92,1142,7694364,0,0,178.18,164,30876.48,0.00,0.00
43242.11,1142,7704872,0,0,178.18,164,30876.48,0.00,0.00
43302.25,1142,7715232,0,0,178.17,164,30876.48,0.00,0.00
43362.27,1142,7725018,0,0,178.15,164,30876.48,0.00,0.00
43422.28,1142,7735008,0,0,178.13,164,30876.48,0.00,0.00
43482.41,1142,7745405,0,0,178.13,164,30876.48,0.00,0.00
43542.44,1142,7756098,0,0,178.13,164,30876.48,0.00,0.00
43602.45,1143,7766828,0,0,178.13,165,43543.57,0.00,0.00
43662.60,1143,7777484,0,0,178.13,165,43543.57,0.00,0.00
43722.60,1143,7788140,0,0,178.13,165,43543.57,0.00,0.00
43782.64,1143,7798759,0,0,178.12,165,43543.57,0.00,0.00
43842.78,1143,7809378,0,0,178.12,165,43543.57,0.00,0.00
43902.82,1143,7819849,0,0,178.12,165,43543.57,0.00,0.00
43962.84,1143,7830505,0,0,178.12,165,43543.57,0.00,0.00
44022.93,1143,7841086,0,0,178.11,165,43543.57,0.00,0.00
44083.04,1143,7851779,0,0,178.11,165,43543.57,0.00,0.00
44143.05,1143,7862065,0,0,178.10,165,43543.57,0.00,0.00
44203.11,1143,7872684,0,0,178.10,165,43543.57,0.00,0.00
44263.27,1143,7883229,0,0,178.10,165,43543.57,0.00,0.00
44323.28,1143,7893959,0,0,178.10,165,43543.57,0.00,0.00
44383.42,1143,7904393,0,0,178.09,165,43543.57,0.00,0.00
44443.56,1143,7915049,0,0,178.09,165,43543.57,0.00,0.00
44503.72,1143,7925668,0,0,178.09,165,43543.57,0.00,0.00
44563.87,1143,7936398,0,0,178.09,165,43543.57,0.00,0.00
44624.03,1143,7946869,0,0,178.08,165,43543.57,0.00,0.00
44684.04,1143,7957525,0,0,178.08,165,43543.57,0.00,0.00
44744.04,1143,7967515,0,0,178.07,165,43543.57,0.00,0.00
44804.18,1143,7977357,0,0,178.05,165,43543.57,0.00,0.00
44864.26,1143,7988013,0,0,178.05,165,43543.57,0.00,0.00
44924.27,1143,7998780,0,0,178.05,165,43543.57,0.00,0.00
44984.28,1143,8009436,0,0,178.05,165,43543.57,0.00,0.00
45044.35,1143,8020129,0,0,178.05,165,43543.57,0.00,0.00
45104.42,1143,8030896,0,0,178.05,165,43543.57,0.00,0.00
45164.63,1143,8041700,0,0,178.05,165,43543.57,0.00,0.00
45224.79,1143,8052837,0,0,178.06,165,43543.57,0.00,0.00
45284.79,1143,8063937,0,0,178.07,165,43543.57,0.00,0.00
45344.92,1143,8075259,0,0,178.09,165,43543.57,0.00,0.00
45404.93,1143,8086100,0,0,178.09,165,43543.57,0.00,0.00
45465.14,1143,8097089,0,0,178.09,165,43543.57,0.00,0.00
45525.29,1143,8108041,0,0,178.10,165,43543.57,0.00,0.00
45585.32,1143,8118845,0,0,178.10,165,43543.57,0.00,0.00
45645.39,1143,8129612,0,0,178.10,165,43543.57,0.00,0.00
45705.47,1143,8140305,0,0,178.10,165,43543.57,0.00,0.00
45765.68,1143,8150887,0,0,178.10,165,43543.57,0.00,0.00
45825.77,1143,8161432,0,0,178.10,165,43543.57,0.00,0.00
45885.93,1143,8171903,0,0,178.09,165,43543.57,0.00,0.00
45945.98,1143,8182411,0,0,178.09,165,43543.57,0.00,0.00
46006.00,1143,8193141,0,0,178.09,165,43543.57,0.00,0.00
46066.05,1143,8203649,0,0,178.08,165,43543.57,0.00,0.00
46126.20,1143,8214194,0,0,178.08,165,43543.57,0.00,0.00
46186.24,1143,8224702,0,0,178.08,165,43543.57,0.00,0.00
46246.38,1143,8234988,0,0,178.07,165,43543.57,0.00,0.00
46306.55,1143,8245163,0,0,178.06,165,43543.57,0.00,0.00
46366.65,1143,8255856,0,0,178.06,165,43543.57,0.00,0.00
46426.77,1143,8266364,0,0,178.05,165,43543.57,0.00,0.00
46486.97,1143,8276761,0,0,178.04,165,43543.57,0.00,0.00
46547.02,1143,8286825,0,0,178.03,165,43543.57,0.00,0.00
46607.15,1143,8297481,0,0,178.03,165,43543.57,0.00,0.00
46667.33,1143,8308026,0,0,178.03,165,43543.57,0.00,0.00
46727.40,1143,8318700,0,0,178.03,165,43543.57,0.00,0.00
46787.47,1143,8329282,0,0,178.02,165,43543.57,0.00,0.00
46847.58,1143,8339938,0,0,178.02,165,43543.57,0.00,0.00
46907.80,1143,8350464,0,0,178.02,165,43543.57,0.00,0.00
46967.84,1143,8361194,0,0,178.02,165,43543.57,0.00,0.00
47028.06,1143,8371850,0,0,178.02,165,43543.57,0.00,0.00
47088.12,1143,8382580,0,0,178.02,165,43543.57,0.00,0.00
47148.22,1143,8393162,0,0,178.02,165,43543.57,0.00,0.00
47208.28,1143,8403929,0,0,178.02,165,43543.57,0.00,0.00
47268.37,1143,8414326,0,0,178.01,165,43543.57,0.00,0.00
47328.57,1143,8423983,0,0,177.99,165,43543.57,0.00,0.00
47388.62,1143,8434361,0,0,177.98,165,43543.57,0.00,0.00
47448.70,1143,8444943,0,0,177.98,165,43543.57,0.00,0.00
47508.85,1143,8455747,0,0,177.98,165,43543.57,0.00,0.00
47569.04,1143,8466218,0,0,177.98,165,43543.57,0.00,0.00
47629.24,1143,8477022,0,0,177.98,165,43543.57,0.00,0.00
47689.31,1143,8487752,0,0,177.98,165,43543.57,0.00,0.00
47749.44,1143,8498556,0,0,177.98,165,43543.57,0.00,0.00
47809.51,1143,8509471,0,0,177.99,165,43543.57,0.00,0.00
47869.61,1143,8520275,0,0,177.99,165,43543.57,0.00,0.00
47929.74,1143,8531079,0,0,177.99,165,43543.57,0.00,0.00
47989.87,1143,8541920,0,0,177.99,165,43543.57,0.00,0.00
48050.02,1143,8552687,0,0,178.00,165,43543.57,0.00,0.00
48110.09,1143,8563454,0,0,178.00,165,43543.57,0.00,0.00
48170.25,1143,8574258,0,0,178.00,165,43543.57,0.00,0.00
48230.43,1143,8585173,0,0,178.00,165,43543.57,0.00,0.00
48290.49,1143,8595940,0,0,178.00,165,43543.57,0.00,0.00
48350.70,1143,8606670,0,0,178.01,165,43543.57,0.00,0.00
48410.88,1143,8617437,0,0,178.01,165,43543.57,0.00,0.00
48470.98,1143,8628241,0,0,178.01,165,43543.57,0.00,0.00
48531.17,1143,8639045,0,0,178.01,165,43543.57,0.00,0.00
48591.40,1143,8650015,0,0,178.02,165,43543.57,0.00,0.00
48651.58,1143,8660967,0,0,178.02,165,43543.57,0.00,0.00
48711.73,1143,8671845,0,0,178.02,165,43543.57,0.00,0.00
48771.78,1143,8682427,0,0,178.02,165,43543.57,0.00,0.00
48831.81,1143,8692787,0,0,178.01,165,43543.57,0.00,0.00
48891.88,1143,8703073,0,0,178.01,165,43543.57,0.00,0.00
48952.05,1143,8713655,0,0,178.00,165,43543.57,0.00,0.00
49012.17,1143,8724459,0,0,178.01,165,43543.57,0.00,0.00
49072.17,1143,8735189,0,0,178.01,165,43543.57,0.00,0.00
49132.23,1143,8745845,0,0,178.01,165,43543.57,0.00,0.00
49192.40,1143,8756464,0,0,178.00,165,43543.57,0.00,0.00
49252.59,1145,8767342,0,0,178.01,166,49246.20,0.00,0.00
49312.72,1145,8778220,0,0,178.01,166,49246.20,0.00,0.00
49372.89,1145,8789098,0,0,178.01,166,49246.20,0.00,0.00
49433.08,1145,8799976,0,0,178.02,166,49246.20,0.00,0.00
49493.17,1145,8810780,0,0,178.02,166,49246.20,0.00,0.00
49553.34,1145,8821695,0,0,178.02,166,49246.20,0.00,0.00
49613.50,1145,8832573,0,0,178.03,166,49246.20,0.00,0.00
49673.70,1145,8843451,0,0,178.03,166,49246.20,0.00,0.00
49733.76,1145,8854181,0,0,178.03,166,49246.20,0.00,0.00
49793.83,1145,8864985,0,0,178.03,166,49246.20,0.00,0.00
49853.88,1145,8875900,0,0,178.04,166,49246.20,0.00,0.00
49914.04,1145,8886778,0,0,178.04,166,49246.20,0.00,0.00
49974.07,1145,8897619,0,0,178.04,166,49246.20,0.00,0.00
50034.19,1145,8908386,0,0,178.05,166,49246.20,0.00,0.00
50094.22,1145,8918653,0,0,178.04,166,49246.20,0.00,0.00
50154.27,1145,8929457,0,0,178.04,166,49246.20,0.00,0.00
50214.38,1145,8940187,0,0,178.04,166,49246.20,0.00,0.00
50274.51,1145,8950954,0,0,178.04,166,49246.20,0.00,0.00
50334.55,1145,8961721,0,0,178.04,166,49246.20,0.00,0.00
50394.64,1145,8972044,0,0,178.04,166,49246.20,0.00,0.00
50454.79,1145,8982589,0,0,178.03,166,49246.20,0.00,0.00
50514.82,1145,8992838,0,0,178.02,166,49246.20,0.00,0.00
50574.96,1145,9003642,0,0,178.03,166,49246.20,0.00,0.00
50635.02,1145,9014557,0,0,178.03,166,49246.20,0.00,0.00
50695.18,1145,9025435,0,0,178.03,166,49246.20,0.00,0.00
50755.23,1147,9036128,0,0,178.03,167,50749.08,0.00,0.00
50815.42,1147,9046969,0,0,178.04,167,50749.08,0.00,0.00
50875.62,1147,9057884,0,0,178.04,167,50749.08,0.00,0.00
50935.84,1147,9068762,0,0,178.04,167,50749.08,0.00,0.00
50996.05,1147,9079788,0,0,178.05,167,50749.08,0.00,0.00
51056.21,1147,9090444,0,0,178.05,167,50749.08,0.00,0.00
51116.24,1147,9101100,0,0,178.05,167,50749.08,0.00,0.00
51176.44,1147,9111830,0,0,178.05,167,50749.08,0.00,0.00
51236.45,1147,9122523,0,0,178.05,167,50749.08,0.00,0.00
51296.57,1147,9132920,0,0,178.04,167,50749.08,0.00,0.00
51356.67,1147,9143502,0,0,178.04,167,50749.08,0.00,0.00
51416.77,1147,9154047,0,0,178.04,167,50749.08,0.00,0.00
51476.77,1147,9164518,0,0,178.03,167,50749.08,0.00,0.00
51536.81,1147,9174878,0,0,178.03,167,50749.08,0.00,0.00
51596.96,1147,9185164,0,0,178.02,167,50749.08,0.00,0.00
51657.15,1147,9195450,0,0,178.01,167,50749.08,0.00,0.00
51717.25,1147,9205810,0,0,178.00,167,50749.08,0.00,0.00
51777.38,1147,9216466,0,0,178.00,167,50749.08,0.00,0.00
51837.45,1147,9227233,0,0,178.00,167,50749.08,0.00,0.00
51897.55,1147,9237963,0,0,178.00,167,50749.08,0.00,0.00
51957.63,1147,9248693,0,0,178.00,167,50749.08,0.00,0.00
52017.78,1147,9259127,0,0,178.00,167,50749.08,0.00,0.00
52077.81,1147,9269968,0,0,178.00,167,50749.08,0.00,0.00
52137.95,1147,9280920,0,0,178.01,167,50749.08,0.00,0.00
52198.05,1147,9291724,0,0,178.01,167,50749.08,0.00,0.00
52258.18,1147,9302306,0,0,178.01,167,50749.08,0.00,0.00
52318.44,1147,9312185,0,0,177.99,167,50749.08,0.00,0.00
52378.56,1147,9322582,0,0,177.98,167,50749.08,0.00,0.00
52438.70,1147,9333201,0,0,177.98,167,50749.08,0.00,0.00
52498.79,1147,9343709,0,0,177.98,167,50749.08,0.00,0.00
52558.99,1147,9354513,0,0,177.98,167,50749.08,0.00,0.00
52619.14,1147,9365317,0,0,177.98,167,50749.08,0.00,0.00
52679.15,1147,9376121,0,0,177.99,167,50749.08,0.00,0.00
52739.33,1147,9386888,0,0,177.99,167,50749.08,0.00,0.00
52799.53,1147,9397655,0,0,177.99,167,50749.08,0.00,0.00
52859.72,1147,9408348,0,0,177.99,167,50749.08,0.00,0.00
52919.80,1147,9419115,0,0,177.99,167,50749.08,0.00,0.00
52979.99,1147,9429845,0,0,177.99,167,50749.08,0.00,0.00
53040.01,1147,9440593,0,0,177.99,167,50749.08,0.00,0.00
53100.14,1147,9451286,0,0,177.99,167,50749.08,0.00,0.00
53160.14,1147,9462016,0,0,177.99,167,50749.08,0.00,0.00
53220.36,1147,9472487,0,0,177.99,167,50749.08,0.00,0.00
53280.42,1147,9483217,0,0,177.99,167,50749.08,0.00,0.00
53340.50,1147,9493873,0,0,177.99,167,50749.08,0.00,0.00
53400.50,1147,9504714,0,0,177.99,167,50749.08,0.00,0.00
53460.65,1147,9515555,0,0,177.99,167,50749.08,0.00,0.00
53520.81,1147,9526174,0,0,177.99,167,50749.08,0.00,0.00
53580.81,1147,9537015,0,0,177.99,167,50749.08,0.00,0.00
53640.93,1147,9547449,0,0,177.99,167,50749.08,0.00,0.00
53701.02,1147,9558253,0,0,177.99,167,50749.08,0.00,0.00
53761.18,1147,9568983,0,0,177.99,167,50749.08,0.00,0.00
53821.27,1147,9579306,0,0,177.98,167,50749.08,0.00,0.00
53881.39,1147,9590221,0,0,177.99,167,50749.08,0.00,0.00
53941.51,1147,9600914,0,0,177.99,167,50749.08,0.00,0.00
54001.61,1147,9611588,0,0,177.99,167,50749.08,0.00,0.00
54061.62,1147,9622355,0,0,177.99,167,50749.08,0.00,0.00
54121.67,1147,9632733,0,0,177.98,167,50749.08,0.00,0.00
54181.69,1147,9643463,0,0,177.98,167,50749.08,0.00,0.00
54241.73,1147,9654378,0,0,177.99,167,50749.08,0.00,0.00
54301.83,1147,9665071,0,0,177.99,167,50749.08,0.00,0.00
54361.93,1147,9675801,0,0,177.99,167,50749.08,0.00,0.00
54422.00,1147,9686642,0,0,177.99,167,50749.08,0.00,0.00
54482.05,1147,9697631,0,0,178.00,167,50749.08,0.00,0.00
54542.08,1147,9708472,0,0,178.00,167,50749.08,0.00,0.00
54602.14,1147,9718850,0,0,177.99,167,50749.08,0.00,0.00
54662.32,1147,9729617,0,0,177.99,167,50749.08,0.00,0.00
54722.32,1147,9740347,0,0,178.00,167,50749.08,0.00,0.00
54782.43,1147,9750707,0,0,177.99,167,50749.08,0.00,0.00
54842.60,1147,9761363,0,0,177.99,167,50749.08,0.00,0.00
54902.72,1147,9772130,0,0,177.99,167,50749.08,0.00,0.00
54962.73,1147,9783008,0,0,177.99,167,50749.08,0.00,0.00
55022.77,1147,9793812,0,0,178.00,167,50749.08,0.00,0.00
55082.81,1147,9804542,0,0,178.00,167,50749.08,0.00,0.00
55142.91,1147,9815309,0,0,178.00,167,50749.08,0.00,0.00
55202.95,1147,9825928,0,0,178.00,167,50749.08,0.00,0.00
55263.08,1147,9836362,0,0,177.99,167,50749.08,0.00,0.00
55323.17,1147,9847092,0,0,177.99,167,50749.08,0.00,0.00
55383.24,1147,9857785,0,0,177.99,167,50749.08,0.00,0.00
55443.27,1147,9868589,0,0,177.99,167,50749.08,0.00,0.00
55503.39,1147,9879282,0,0,177.99,167,50749.08,0.00,0.00
55563.62,1147,9889975,0,0,177.99,167,50749.08,0.00,0.00
55623.73,1147,9899798,0,0,177.98,167,50749.08,0.00,0.00
55683.92,1147,9909214,0,0,177.95,167,50749.08,0.00,0.00
55743.99,1147,9919463,0,0,177.95,167,50749.08,0.00,0.00
55804.19,1147,9929897,0,0,177.94,167,50749.08,0.00,0.00
55864.22,1147,9940627,0,0,177.94,167,50749.08,0.00,0.00
55924.30,1147,9951264,0,0,177.94,167,50749.08,0.00,0.00
55984.40,1147,9961846,0,0,177.94,167,50749.08,0.00,0.00
56044.54,1147,9972169,0,0,177.93,167,50749.08,0.00,0.00
56104.67,1147,9982270,0,0,177.92,167,50749.08,0.00,0.00
56164.83,1147,9992759,0,0,177.92,167,50749.08,0.00,0.00
56225.02,1147,10003526,0,0,177.92,167,50749.08,0.00,0.00
56285.12,1147,10014108,0,0,177.92,167,50749.08,0.00,0.00
56345.13,1147,10024653,0,0,177.92,167,50749.08,0.00,0.00
56405.26,1147,10035457,0,0,177.92,167,50749.08,0.00,0.00
56465.41,1147,10046187,0,0,177.92,167,50749.08,0.00,0.00
56525.46,1147,10056343,0,0,177.91,167,50749.08,0.00,0.00
56585.64,1147,10066296,0,0,177.89,167,50749.08,0.00,0.00
56645.65,1147,10076989,0,0,177.90,167,50749.08,0.00,0.00
56705.78,1147,10087608,0,0,177.89,167,50749.08,0.00,0.00
56765.88,1147,10098375,0,0,177.90,167,50749.08,0.00,0.00
56825.97,1147,10108994,0,0,177.89,167,50749.08,0.00,0.00
56886.14,1147,10119502,0,0,177.89,167,50749.08,0.00,0.00
56946.15,1147,10130232,0,0,177.89,167,50749.08,0.00,0.00
57006.29,1147,10140851,0,0,177.89,167,50749.08,0.00,0.00
57066.40,1147,10151655,0,0,177.89,167,50749.08,0.00,0.00
57126.55,1147,10162237,0,0,177.89,167,50749.08,0.00,0.00
57186.76,1147,10172745,0,0,177.89,167,50749.08,0.00,0.00
57246.82,1147,10183549,0,0,177.89,167,50749.08,0.00,0.00
57306.97,1147,10194297,0,0,177.89,167,50749.08,0.00,0.00
57366.98,1147,10204768,0,0,177.89,167,50749.08,0.00,0.00
57427.13,1147,10215442,0,0,177.89,167,50749.08,0.00,0.00
57487.14,1147,10226172,0,0,177.89,167,50749.08,0.00,0.00
57547.26,1147,10236976,0,0,177.89,167,50749.08,0.00,0.00
57607.27,1147,10247780,0,0,177.89,167,50749.08,0.00,0.00
57667.43,1147,10258621,0,0,177.89,167,50749.08,0.00,0.00
57727.48,1147,10269388,0,0,177.89,167,50749.08,0.00,0.00
57787.62,1147,10280192,0,0,177.90,167,50749.08,0.00,0.00
57847.65,1147,10290663,0,0,177.89,167,50749.08,0.00,0.00
57907.76,1147,10301060,0,0,177.89,167,50749.08,0.00,0.00
57967.82,1147,10311864,0,0,177.89,167,50749.08,0.00,0.00
58028.05,1147,10322335,0,0,177.89,167,50749.08,0.00,0.00
58088.06,1147,10332473,0,0,177.88,167,50749.08,0.00,0.00
58148.24,1147,10343277,0,0,177.88,167,50749.08,0.00,0.00
58208.38,1147,10354007,0,0,177.88,167,50749.08,0.00,0.00
58268.42,1147,10364626,0,0,177.88,167,50749.08,0.00,0.00
58328.59,1147,10375356,0,0,177.88,167,50749.08,0.00,0.00
58388.62,1147,10385531,0,0,177.87,167,50749.08,0.00,0.00
58448.76,1147,10396187,0,0,177.87,167,50749.08,0.00,0.00
58508.96,1147,10406843,0,0,177.87,167,50749.08,0.00,0.00
58569.09,1147,10417462,0,0,177.87,167,50749.08,0.00,0.00
58629.25,1147,10428081,0,0,177.86,167,50749.08,0.00,0.00
58689.37,1147,10438755,0,0,177.86,167,50749.08,0.00,0.00
58749.54,1147,10449374,0,0,177.86,167,50749.08,0.00,0.00
58809.69,1147,10459956,0,0,177.86,167,50749.08,0.00,0.00
58869.77,1147,10470649,0,0,177.86,167,50749.08,0.00,0.00
58929.84,1147,10481268,0,0,177.86,167,50749.08,0.00,0.00
58989.97,1147,10491961,0,0,177.86,167,50749.08,0.00,0.00
59050.04,1147,10502173,0,0,177.85,167,50749.08,0.00,0.00
59110.18,1147,10512311,0,0,177.84,167,50749.08,0.00,0.00
59170.19,1147,10522930,0,0,177.84,167,50749.08,0.00,0.00
59230.33,1147,10533401,0,0,177.84,167,50749.08,0.00,0.00
59290.39,1147,10543872,0,0,177.83,167,50749.08,0.00,0.00
59350.50,1147,10554065,0,0,177.83,167,50749.08,0.00,0.00
59410.57,1147,10564240,0,0,177.82,167,50749.08,0.00,0.00
59470.60,1147,10574489,0,0,177.81,167,50749.08,0.00,0.00
59530.85,1147,10584442,0,0,177.80,167,50749.08,0.00,0.00
59590.91,1147,10594728,0,0,177.79,167,50749.08,0.00,0.00
59650.99,1147,10605310,0,0,177.79,167,50749.08,0.00,0.00
59711.09,1147,10616040,0,0,177.79,167,50749.08,0.00,0.00
59771.09,1147,10626659,0,0,177.79,167,50749.08,0.00,0.00
59831.24,1147,10637463,0,0,177.79,167,50749.08,0.00,0.00
59891.28,1147,10648193,0,0,177.79,167,50749.08,0.00,0.00
59951.42,1147,10658849,0,0,177.79,167,50749.08,0.00,0.00
60011.53,1147,10669579,0,0,177.79,167,50749.08,0.00,0.00
60071.54,1147,10680235,0,0,177.79,167,50749.08,0.00,0.00
60131.67,1147,10690854,0,0,177.79,167,50749.08,0.00,0.00
60191.80,1147,10701584,0,0,177.79,167,50749.08,0.00,0.00
60251.87,1147,10712314,0,0,177.79,167,50749.08,0.00,0.00
60311.98,1147,10722970,0,0,177.79,167,50749.08,0.00,0.00
60372.06,1147,10733663,0,0,177.79,167,50749.08,0.00,0.00
60432.12,1147,10744097,0,0,177.79,167,50749.08,0.00,0.00
60492.19,1147,10754605,0,0,177.79,167,50749.08,0.00,0.00
60552.30,1147,10764854,0,0,177.78,167,50749.08,0.00,0.00
60612.51,1147,10775547,0,0,177.78,167,50749.08,0.00,0.00
60672.60,1147,10786351,0,0,177.78,167,50749.08,0.00,0.00
60732.68,1147,10797155,0,0,177.78,167,50749.08,0.00,0.00
60792.74,1147,10807774,0,0,177.78,167,50749.08,0.00,0.00
60852.96,1147,10818504,0,0,177.78,167,50749.08,0.00,0.00
60913.07,1147,10828790,0,0,177.77,167,50749.08,0.00,0.00
60973.21,1147,10839242,0,0,177.77,167,50749.08,0.00,0.00
61033.22,1147,10849454,0,0,177.76,167,50749.08,0.00,0.00
61093.23,1147,10859629,0,0,177.76,167,50749.08,0.00,0.00
61153.23,1147,10869636,0,0,177.74,167,50749.08,0.00,0.00
61213.28,1147,10879885,0,0,177.74,167,50749.08,0.00,0.00
61273.45,1147,10890689,0,0,177.74,167,50749.08,0.00,0.00
61333.63,1147,10901382,0,0,177.74,167,50749.08,0.00,0.00
61393.65,1147,10912001,0,0,177.74,167,50749.08,0.00,0.00
61453.78,1147,10922583,0,0,177.74,167,50749.08,0.00,0.00
61513.99,1147,10933646,0,0,177.74,167,50749.08,0.00,0.00
61574.08,1147,10944746,0,0,177.75,167,50749.08,0.00,0.00
61634.23,1147,10956327,0,0,177.76,167,50749.08,0.00,0.00
61694.25,1147,10967279,0,0,177.77,167,50749.08,0.00,0.00
61754.44,1147,10978342,0,0,177.77,167,50749.08,0.00,0.00
61814.47,1147,10989405,0,0,177.78,167,50749.08,0.00,0.00
61874.67,1147,11000042,0,0,177.78,167,50749.08,0.00,0.00
61934.69,1147,11010328,0,0,177.77,167,50749.08,0.00,0.00
61994.81,1147,11020947,0,0,177.77,167,50749.08,0.00,0.00
62054.90,1147,11031492,0,0,177.77,167,50749.08,0.00,0.00
62114.94,1147,11041963,0,0,177.77,167,50749.08,0.00,0.00
62175.12,1147,11052563,0,0,177.77,167,50749.08,0.00,0.00
62235.21,1147,11063219,0,0,177.76,167,50749.08,0.00,0.00
62295.39,1147,11073912,0,0,177.76,167,50749.08,0.00,0.00
62355.50,1147,11083569,0,0,177.75,167,50749.08,0.00,0.00
62415.64,1147,11093226,0,0,177.73,167,50749.08,0.00,0.00
62475.70,1147,11103438,0,0,177.72,167,50749.08,0.00,0.00
62535.76,1147,11114057,0,0,177.72,167,50749.08,0.00,0.00
62595.88,1147,11124824,0,0,177.72,167,50749.08,0.00,0.00
62655.89,1147,11134684,0,0,177.71,167,50749.08,0.00,0.00
62716.01,1147,11144600,0,0,177.70,167,50749.08,0.00,0.00
62776.02,1147,11154479,0,0,177.69,167,50749.08,0.00,0.00
62836.21,1147,11165394,0,0,177.69,167,50749.08,0.00,0.00
62896.38,1147,11176161,0,0,177.69,167,50749.08,0.00,0.00
62956.44,1147,11186743,0,0,177.69,167,50749.08,0.00,0.00
63016.44,1148,11197288,0,0,177.69,168,63001.60,0.00,0.00
63076.63,1148,11208018,0,0,177.69,168,63001.60,0.00,0.00
63136.73,1148,11218600,0,0,177.69,168,63001.60,0.00,0.00
63196.94,1148,11229367,0,0,177.69,168,63001.60,0.00,0.00
63257.06,1148,11240208,0,0,177.69,168,63001.60,0.00,0.00
63317.07,1148,11250438,0,0,177.68,168,63001.60,0.00,0.00
63377.14,1148,11260724,0,0,177.68,168,63001.60,0.00,0.00
63437.25,1148,11271454,0,0,177.68,168,63001.60,0.00,0.00
63497.40,1148,11282147,0,0,177.68,168,63001.60,0.00,0.00
63557.54,1148,11292951,0,0,177.68,168,63001.60,0.00,0.00
63617.63,1148,11303718,0,0,177.68,168,63001.60,0.00,0.00
63677.78,1148,11314374,0,0,177.68,168,63001.60,0.00,0.00
63737.78,1148,11325104,0,0,177.68,168,63001.60,0.00,0.00
63797.85,1148,11335390,0,0,177.68,168,63001.60,0.00,0.00
63857.97,1148,11345380,0,0,177.67,168,63001.60,0.00,0.00
63918.19,1148,11355925,0,0,177.66,168,63001.60,0.00,0.00
63978.37,1148,11366618,0,0,177.66,168,63001.60,0.00,0.00
64038.42,1148,11376682,0,0,177.65,168,63001.60,0.00,0.00
64098.63,1148,11387301,0,0,177.65,168,63001.60,0.00,0.00
64158.78,1148,11397809,0,0,177.65,168,63001.60,0.00,0.00
64219.02,1148,11408428,0,0,177.65,168,63001.60,0.00,0.00
64279.03,1148,11418991,0,0,177.65,168,63001.60,0.00,0.00
64339.19,1148,11429758,0,0,177.65,168,63001.60,0.00,0.00
64399.26,1148,11440414,0,0,177.65,168,63001.60,0.00,0.00
64459.28,1148,11451070,0,0,177.65,168,63001.60,0.00,0.00
64519.43,1148,11461578,0,0,177.65,168,63001.60,0.00,0.00
64579.54,1148,11472160,0,0,177.64,168,63001.60,0.00,0.00
64639.64,1148,11482668,0,0,177.64,168,63001.60,0.00,0.00
64699.68,1148,11492695,0,0,177.63,168,63001.60,0.00,0.00
64759.70,1148,11502944,0,0,177.63,168,63001.60,0.00,0.00
64819.82,1148,11512675,0,0,177.61,168,63001.60,0.00,0.00
64879.83,1148,11523109,0,0,177.61,168,63001.60,0.00,0.00
64939.96,1148,11533580,0,0,177.60,168,63001.60,0.00,0.00
65000.10,1148,11543681,0,0,177.59,168,63001.60,0.00,0.00
65060.25,1148,11554152,0,0,177.59,168,63001.60,0.00,0.00
65120.34,1148,11564808,0,0,177.59,168,63001.60,0.00,0.00
65180.51,1148,11575556,0,0,177.59,168,63001.60,0.00,0.00
65240.59,1148,11586027,0,0,177.59,168,63001.60,0.00,0.00
65300.73,1148,11596609,0,0,177.59,168,63001.60,0.00,0.00
65360.84,1148,11607228,0,0,177.59,168,63001.60,0.00,0.00
65420.95,1148,11617588,0,0,177.58,168,63001.60,0.00,0.00
65481.13,1148,11627763,0,0,177.57,168,63001.60,0.00,0.00
65541.27,1148,11638197,0,0,177.57,168,63001.60,0.00,0.00
65601.36,1148,11648853,0,0,177.57,168,63001.60,0.00,0.00
65661.49,1148,11659435,0,0,177.57,168,63001.60,0.00,0.00
65721.56,1148,11669980,0,0,177.57,168,63001.60,0.00,0.00
65781.63,1148,11680488,0,0,177.56,168,63001.60,0.00,0.00
65841.71,1148,11691033,0,0,177.56,168,63001.60,0.00,0.00
65901.80,1148,11701800,0,0,177.56,168,63001.60,0.00,0.00
65961.98,1148,11712456,0,0,177.56,168,63001.60,0.00,0.00
66022.01,1148,11723112,0,0,177.56,168,63001.60,0.00,0.00
66082.16,1148,11733805,0,0,177.56,168,63001.60,0.00,0.00
66142.32,1148,11744091,0,0,177.56,168,63001.60,0.00,0.00
66202.33,1148,11754339,0,0,177.55,168,63001.60,0.00,0.00
66262.52,1148,11764958,0,0,177.55,168,63001.60,0.00,0.00
66322.56,1148,11775503,0,0,177.55,168,63001.60,0.00,0.00
66382.62,1148,11786159,0,0,177.55,168,63001.60,0.00,0.00
66442.76,1148,11796889,0,0,177.55,168,63001.60,0.00,0.00
66502.82,1148,11807508,0,0,177.55,168,63001.60,0.00,0.00
66562.92,1148,11817609,0,0,177.54,168,63001.60,0.00,0.00
66623.04,1148,11828079,0,0,177.54,168,63001.60,0.00,0.00
66683.12,1148,11838920,0,0,177.54,168,63001.60,0.00,0.00
66743.17,1148,11849576,0,0,177.54,168,63001.60,0.00,0.00
66803.25,1148,11860158,0,0,177.54,168,63001.60,0.00,0.00
66863.33,1148,11870666,0,0,177.54,168,63001.60,0.00,0.00
66923.48,1148,11881211,0,0,177.53,168,63001.60,0.00,0.00
66983.72,1148,11890942,0,0,177.52,168,63001.60,0.00,0.00
67043.89,1148,11901598,0,0,177.52,168,63001.60,0.00,0.00
67103.95,1148,11911255,0,0,177.50,168,63001.60,0.00,0.00
67163.96,1148,11921189,0,0,177.49,168,63001.60,0.00,0.00
67224.15,1148,11931068,0,0,177.48,168,63001.60,0.00,0.00
67284.28,1148,11940836,0,0,177.47,168,63001.60,0.00,0.00
67344.46,1148,11951196,0,0,177.46,168,63001.60,0.00,0.00
67404.69,1148,11961741,0,0,177.46,168,63001.60,0.00,0.00
67464.81,1148,11972286,0,0,177.46,168,63001.60,0.00,0.00
67524.85,1148,11982609,0,0,177.45,168,63001.60,0.00,0.00
67585.05,1148,11993265,0,0,177.45,168,63001.60,0.00,0.00
67645.08,1148,12003884,0,0,177.45,168,63001.60,0.00,0.00
67705.12,1148,12013985,0,0,177.45,168,63001.60,0.00,0.00
67765.14,1148,12024419,0,0,177.44,168,63001.60,0.00,0.00
67825.19,1148,12035001,0,0,177.44,168,63001.60,0.00,0.00
67885.25,1148,12045583,0,0,177.44,168,63001.60,0.00,0.00
67945.32,1148,12056276,0,0,177.44,168,63001.60,0.00,0.00
68005.37,1148,12066858,0,0,177.44,168,63001.60,0.00,0.00
68065.47,1148,12077477,0,0,177.44,168,63001.60,0.00,0.00
68125.49,1148,12087504,0,0,177.43,168,63001.60,0.00,0.00
68185.60,1148,12097494,0,0,177.42,168,63001.60,0.00,0.00
68245.73,1148,12107595,0,0,177.41,168,63001.60,0.00,0.00
68305.96,1148,12117807,0,0,177.40,168,63001.60,0.00,0.00
68365.98,1148,12127686,0,0,177.39,168,63001.60,0.00,0.00
68426.16,1148,12138268,0,0,177.39,168,63001.60,0.00,0.00
68486.36,1148,12148776,0,0,177.39,168,63001.60,0.00,0.00
68546.56,1148,12159376,0,0,177.39,168,63001.60,0.00,0.00
68606.75,1148,12169329,0,0,177.38,168,63001.60,0.00,0.00
68666.85,1148,12179800,0,0,177.38,168,63001.60,0.00,0.00
68726.98,1148,12190604,0,0,177.38,168,63001.60,0.00,0.00
68787.18,1148,12201371,0,0,177.38,168,63001.60,0.00,0.00
68847.39,1148,12212064,0,0,177.38,168,63001.60,0.00,0.00
68907.43,1148,12222868,0,0,177.38,168,63001.60,0.00,0.00
68967.65,1148,12233154,0,0,177.38,168,63001.60,0.00,0.00
69027.85,1148,12243699,0,0,177.37,168,63001.60,0.00,0.00
69087.87,1148,12254207,0,0,177.37,168,63001.60,0.00,0.00
69147.93,1148,12264974,0,0,177.37,168,63001.60,0.00,0.00
69208.11,1148,12275556,0,0,177.37,168,63001.60,0.00,0.00
69268.28,1148,12286101,0,0,177.37,168,63001.60,0.00,0.00
69328.49,1148,12296720,0,0,177.37,168,63001.60,0.00,0.00
69388.53,1148,12307302,0,0,177.37,168,63001.60,0.00,0.00
69448.54,1148,12317958,0,0,177.37,168,63001.60,0.00,0.00
69508.62,1148,12328614,0,0,177.37,168,63001.60,0.00,0.00
69568.84,1148,12339048,0,0,177.36,168,63001.60,0.00,0.00
69628.86,1148,12349445,0,0,177.36,168,63001.60,0.00,0.00
69689.02,1148,12359083,0,0,177.35,168,63001.60,0.00,0.00
69749.03,1148,12369424,0,0,177.34,168,63001.60,0.00,0.00
69809.04,1148,12380154,0,0,177.34,168,63001.60,0.00,0.00
69869.18,1148,12390625,0,0,177.34,168,63001.60,0.00,0.00
69929.35,1148,12401318,0,0,177.34,168,63001.60,0.00,0.00
69989.50,1148,12412048,0,0,177.34,168,63001.60,0.00,0.00
70049.54,1148,12422667,0,0,177.34,168,63001.60,0.00,0.00
70109.62,1148,12433286,0,0,177.34,168,63001.60,0.00,0.00
70169.72,1148,12442980,0,0,177.33,168,63001.60,0.00,0.00
70229.78,1148,12453525,0,0,177.33,168,63001.60,0.00,0.00
70289.84,1148,12463811,0,0,177.32,168,63001.60,0.00,0.00
70350.02,1148,12474467,0,0,177.32,168,63001.60,0.00,0.00
70410.11,1148,12485049,0,0,177.32,168,63001.60,0.00,0.00
70470.21,1148,12495779,0,0,177.32,168,63001.60,0.00,0.00
70530.30,1148,12506324,0,0,177.32,168,63001.60,0.00,0.00
70590.36,1148,12516906,0,0,177.32,168,63001.60,0.00,0.00
70650.52,1148,12527562,0,0,177.32,168,63001.60,0.00,0.00
70710.70,1148,12538255,0,0,177.32,168,63001.60,0.00,0.00
70770.79,1148,12548430,0,0,177.31,168,63001.60,0.00,0.00
70830.95,1148,12558363,0,0,177.30,168,63001.60,0.00,0.00
70890.98,1148,12568464,0,0,177.29,168,63001.60,0.00,0.00
70951.15,1148,12578824,0,0,177.29,168,63001.60,0.00,0.00
71011.33,1148,12589591,0,0,177.29,168,63001.60,0.00,0.00
71071.51,1148,12599766,0,0,177.28,168,63001.60,0.00,0.00
71131.67,1148,12610422,0,0,177.28,168,63001.60,0.00,0.00
71191.75,1148,12620578,0,0,177.28,168,63001.60,0.00,0.00
71251.87,1148,12630716,0,0,177.27,168,63001.60,0.00,0.00
71312.07,1148,12641372,0,0,177.27,168,63001.60,0.00,0.00
71372.13,1148,12652102,0,0,177.27,168,63001.60,0.00,0.00
71432.29,1148,12662684,0,0,177.27,168,63001.60,0.00,0.00
71492.47,1148,12673377,0,0,177.27,168,63001.60,0.00,0.00
71552.49,1148,12684255,0,0,177.27,168,63001.60,0.00,0.00
71612.64,1148,12695207,0,0,177.28,168,63001.60,0.00,0.00
71672.76,1148,12706048,0,0,177.28,168,63001.60,0.00,0.00
71732.77,1148,12716537,0,0,177.28,168,63001.60,0.00,0.00
71792.85,1148,12727378,0,0,177.28,168,63001.60,0.00,0.00
71852.92,1148,12738071,0,0,177.28,168,63001.60,0.00,0.00
71912.99,1148,12748209,0,0,177.27,168,63001.60,0.00,0.00
71973.18,1148,12758458,0,0,177.27,168,63001.60,0.00,0.00
72033.24,1148,12768448,0,0,177.26,168,63001.60,0.00,0.00
72093.36,1148,12778623,0,0,177.25,168,63001.60,0.00,0.00
72153.46,1148,12788835,0,0,177.24,168,63001.60,0.00,0.00
72213.59,1148,12799565,0,0,177.25,168,63001.60,0.00,0.00
72273.76,1148,12809481,0,0,177.24,168,63001.60,0.00,0.00
72333.87,1148,12819471,0,0,177.23,168,63001.60,0.00,0.00
72394.06,1148,12830201,0,0,177.23,168,63001.60,0.00,0.00
72454.11,1149,12840820,0,0,177.23,169,72431.30,0.00,0.00
72514.27,1149,12851624,0,0,177.23,169,72431.30,0.00,0.00
72574.46,1149,12862576,0,0,177.23,169,72431.30,0.00,0.00
72634.56,1149,12873454,0,0,177.24,169,72431.30,0.00,0.00
72694.71,1149,12884258,0,0,177.24,169,72431.30,0.00,0.00
72754.84,1149,12894951,0,0,177.24,169,72431.30,0.00,0.00
72815.02,1149,12905792,0,0,177.24,169,72431.30,0.00,0.00
72875.19,1149,12916818,0,0,177.25,169,72431.30,0.00,0.00
72935.38,1149,12927696,0,0,177.25,169,72431.30,0.00,0.00
72995.43,1149,12938426,0,0,177.25,169,72431.30,0.00,0.00
73055.54,1149,12949415,0,0,177.25,169,72431.30,0.00,0.00
73115.69,1149,12960182,0,0,177.26,169,72431.30,0.00,0.00
73175.87,1149,12970949,0,0,177.26,169,72431.30,0.00,0.00
73236.03,1149,12981753,0,0,177.26,169,72431.30,0.00,0.00
73296.03,1149,12992594,0,0,177.26,169,72431.30,0.00,0.00
73356.07,1149,13003250,0,0,177.26,169,72431.30,0.00,0.00
73416.26,1149,13014017,0,0,177.26,169,72431.30,0.00,0.00
73476.37,1149,13024895,0,0,177.27,169,72431.30,0.00,0.00
73536.41,1149,13035773,0,0,177.27,169,72431.30,0.00,0.00
73596.52,1149,13046688,0,0,177.27,169,72431.30,0.00,0.00
73656.57,1149,13057566,0,0,177.28,169,72431.30,0.00,0.00
73716.62,1149,13068407,0,0,177.28,169,72431.30,0.00,0.00
73776.63,1149,13078952,0,0,177.28,169,72431.30,0.00,0.00
73836.65,1149,13089515,0,0,177.28,169,72431.30,0.00,0.00
73896.73,1149,13099505,0,0,177.27,169,72431.30,0.00,0.00
73956.91,1149,13109495,0,0,177.26,169,72431.30,0.00,0.00
74017.02,1149,13119577,0,0,177.25,169,72431.30,0.00,0.00
74077.24,1149,13130307,0,0,177.25,169,72431.30,0.00,0.00
74137.42,1149,13141074,0,0,177.25,169,72431.30,0.00,0.00
74197.49,1149,13151804,0,0,177.25,169,72431.30,0.00,0.00
74257.70,1149,13162719,0,0,177.26,169,72431.30,0.00,0.00
74317.82,1149,13173597,0,0,177.26,169,72431.30,0.00,0.00
74378.02,1149,13184438,0,0,177.26,169,72431.30,0.00,0.00
74438.15,1149,13195168,0,0,177.26,169,72431.30,0.00,0.00
74498.22,1149,13205898,0,0,177.26,169,72431.30,0.00,0.00
74558.24,1149,13216591,0,0,177.27,169,72431.30,0.00,0.00
74618.42,1149,13227062,0,0,177.26,169,72431.30,0.00,0.00
74678.57,1149,13237718,0,0,177.26,169,72431.30,0.00,0.00
74738.65,1149,13248059,0,0,177.26,169,72431.30,0.00,0.00
74798.75,1149,13258678,0,0,177.26,169,72431.30,0.00,0.00
74858.83,1149,13269482,0,0,177.26,169,72431.30,0.00,0.00
74919.02,1149,13280286,0,0,177.26,169,72431.30,0.00,0.00
74979.16,1149,13291238,0,0,177.27,169,72431.30,0.00,0.00
75039.16,1149,13302208,0,0,177.27,169,72431.30,0.00,0.00
75099.41,1149,13312345,0,0,177.26,169,72431.30,0.00,0.00
75159.45,1149,13322538,0,0,177.26,169,72431.30,0.00,0.00
75219.62,1149,13332787,0,0,177.25,169,72431.30,0.00,0.00
75279.79,1149,13343406,0,0,177.25,169,72431.30,0.00,0.00
75339.95,1149,13354284,0,0,177.25,169,72431.30,0.00,0.00
75399.95,1149,13364810,0,0,177.25,169,72431.30,0.00,0.00
75459.98,1149,13374689,0,0,177.24,169,72431.30,0.00,0.00
75520.05,1149,13385419,0,0,177.24,169,72431.30,0.00,0.00
75580.25,1149,13396149,0,0,177.24,169,72431.30,0.00,0.00
75640.27,1149,13406398,0,0,177.24,169,72431.30,0.00,0.00
75700.36,1149,13417128,0,0,177.24,169,72431.30,0.00,0.00
75760.40,1149,13427525,0,0,177.24,169,72431.30,0.00,0.00
75820.57,1149,13437589,0,0,177.23,169,72431.30,0.00,0.00
75880.73,1149,13448134,0,0,177.23,169,72431.30,0.00,0.00
75940.84,1149,13458864,0,0,177.23,169,72431.30,0.00,0.00
76000.88,1149,13469187,0,0,177.22,169,72431.30,0.00,0.00
76061.02,1149,13479954,0,0,177.23,169,72431.30,0.00,0.00
76121.21,1149,13490573,0,0,177.22,169,72431.30,0.00,0.00
76181.26,1149,13501525,0,0,177.23,169,72431.30,0.00,0.00
76241.43,1149,13512292,0,0,177.23,169,72431.30,0.00,0.00
76301.56,1149,13523244,0,0,177.23,169,72431.30,0.00,0.00
76361.59,1149,13533678,0,0,177.23,169,72431.30,0.00,0.00
76421.78,1149,13544667,0,0,177.24,169,72431.30,0.00,0.00
76481.79,1149,13555471,0,0,177.24,169,72431.30,0.00,0.00
76541.95,1149,13566238,0,0,177.24,169,72431.30,0.00,0.00
76602.00,1149,13577005,0,0,177.24,169,72431.30,0.00,0.00
76662.12,1149,13587605,0,0,177.24,169,72431.30,0.00,0.00
76722.25,1149,13598483,0,0,177.24,169,72431.30,0.00,0.00
76782.43,1149,13609398,0,0,177.25,169,72431.30,0.00,0.00
76842.57,1149,13620017,0,0,177.25,169,72431.30,0.00,0.00
76902.66,1149,13630673,0,0,177.25,169,72431.30,0.00,0.00
76962.69,1149,13641329,0,0,177.25,169,72431.30,0.00,0.00
77022.71,1149,13652281,0,0,177.25,169,72431.30,0.00,0.00
77082.76,1149,13662863,0,0,177.25,169,72431.30,0.00,0.00
77142.89,1149,13673408,0,0,177.25,169,72431.30,0.00,0.00
77202.91,1149,13684323,0,0,177.25,169,72431.30,0.00,0.00
77263.06,1149,13695312,0,0,177.26,169,72431.30,0.00,0.00
77323.21,1149,13706042,0,0,177.26,169,72431.30,0.00,0.00
77383.23,1149,13715884,0,0,177.25,169,72431.30,0.00,0.00
77443.27,1149,13726540,0,0,177.25,169,72431.30,0.00,0.00
77503.31,1149,13737233,0,0,177.25,169,72431.30,0.00,0.00
77563.47,1149,13747907,0,0,177.25,169,72431.30,0.00,0.00
77623.62,1149,13758748,0,0,177.25,169,72431.30,0.00,0.00
77683.72,1149,13769552,0,0,177.25,169,72431.30,0.00,0.00
77743.86,1149,13780319,0,0,177.25,169,72431.30,0.00,0.00
77803.93,1149,13791049,0,0,177.25,169,72431.30,0.00,0.00
77864.05,1149,13802056,0,0,177.26,169,72431.30,0.00,0.00
77924.14,1149,13812934,0,0,177.26,169,72431.30,0.00,0.00
77984.31,1149,13823960,0,0,177.27,169,72431.30,0.00,0.00
78044.46,1149,13834986,0,0,177.27,169,72431.30,0.00,0.00
78104.63,1149,13845753,0,0,177.27,169,72431.30,0.00,0.00
78164.83,1149,13856631,0,0,177.27,169,72431.30,0.00,0.00
78224.87,1149,13867583,0,0,177.28,169,72431.30,0.00,0.00
78285.03,1149,13878424,0,0,177.28,169,72431.30,0.00,0.00
78345.15,1149,13889339,0,0,177.28,169,72431.30,0.00,0.00
78405.23,1149,13900180,0,0,177.29,169,72431.30,0.00,0.00
78465.31,1149,13910910,0,0,177.29,169,72431.30,0.00,0.00
78525.38,1149,13921418,0,0,177.29,169,72431.30,0.00,0.00
78585.42,1149,13932185,0,0,177.29,169,72431.30,0.00,0.00
78645.46,1149,13942989,0,0,177.29,169,72431.30,0.00,0.00
78705.46,1149,13952997,0,0,177.28,169,72431.30,0.00,0.00
78765.60,1149,13963246,0,0,177.28,169,72431.30,0.00,0.00
78825.71,1149,13973976,0,0,177.28,169,72431.30,0.00,0.00
78885.73,1149,13984817,0,0,177.28,169,72431.30,0.00,0.00
78945.87,1149,13995732,0,0,177.28,169,72431.30,0.00,0.00
79006.02,1149,14006462,0,0,177.28,169,72431.30,0.00,0.00
79066.14,1149,14017377,0,0,177.29,169,72431.30,0.00,0.00
79126.21,1149,14028255,0,0,177.29,169,72431.30,0.00,0.00
79186.37,1149,14039022,0,0,177.29,169,72431.30,0.00,0.00
79246.45,1149,14049900,0,0,177.29,169,72431.30,0.00,0.00
79306.50,1149,14060778,0,0,177.30,169,72431.30,0.00,0.00
79366.55,1149,14071582,0,0,177.30,169,72431.30,0.00,0.00
79426.70,1149,14082571,0,0,177.30,169,72431.30,0.00,0.00
79486.88,1149,14093560,0,0,177.31,169,72431.30,0.00,0.00
79546.89,1149,14104290,0,0,177.31,169,72431.30,0.00,0.00
79607.05,1149,14115131,0,0,177.31,169,72431.30,0.00,0.00
79667.12,1149,14125713,0,0,177.31,169,72431.30,0.00,0.00
79727.21,1149,14136369,0,0,177.31,169,72431.30,0.00,0.00
79787.38,1149,14147247,0,0,177.31,169,72431.30,0.00,0.00
79847.48,1149,14158125,0,0,177.31,169,72431.30,0.00,0.00
79907.57,1149,14168910,0,0,177.32,169,72431.30,0.00,0.00
79967.75,1149,14179362,0,0,177.31,169,72431.30,0.00,0.00
80027.88,1149,14190277,0,0,177.32,169,72431.30,0.00,0.00
80088.04,1149,14201229,0,0,177.32,169,72431.30,0.00,0.00
80148.24,1149,14212181,0,0,177.32,169,72431.30,0.00,0.00
80208.45,1149,14223096,0,0,177.33,169,72431.30,0.00,0.00
80268.56,1149,14233604,0,0,177.32,169,72431.30,0.00,0.00
80328.67,1149,14244371,0,0,177.33,169,72431.30,0.00,0.00
80388.69,1149,14255360,0,0,177.33,169,72431.30,0.00,0.00
80448.73,1149,14266293,0,0,177.33,169,72431.30,0.00,0.00
80508.88,1149,14276875,0,0,177.33,169,72431.30,0.00,0.00
80568.91,1149,14287642,0,0,177.33,169,72431.30,0.00,0.00
80628.92,1149,14298520,0,0,177.34,169,72431.30,0.00,0.00
80688.95,1149,14309435,0,0,177.34,169,72431.30,0.00,0.00
80749.15,1149,14320276,0,0,177.34,169,72431.30,0.00,0.00
80809.34,1149,14331117,0,0,177.34,169,72431.30,0.00,0.00
80869.50,1149,14341958,0,0,177.35,169,72431.30,0.00,0.00
80929.64,1149,14352836,0,0,177.35,169,72431.30,0.00,0.00
80989.73,1149,14363714,0,0,177.35,169,72431.30,0.00,0.00
81049.75,1149,14374629,0,0,177.36,169,72431.30,0.00,0.00
81109.85,1149,14385433,0,0,177.36,169,72431.30,0.00,0.00
81170.03,1149,14396366,0,0,177.36,169,72431.30,0.00,0.00
81230.21,1149,14407318,0,0,177.36,169,72431.30,0.00,0.00
81290.39,1149,14418270,0,0,177.37,169,72431.30,0.00,0.00
81350.50,1149,14429222,0,0,177.37,169,72431.30,0.00,0.00
81410.61,1149,14440248,0,0,177.38,169,72431.30,0.00,0.00
81470.68,1149,14451163,0,0,177.38,169,72431.30,0.00,0.00
81530.92,1149,14461634,0,0,177.38,169,72431.30,0.00,0.00
81590.99,1149,14471809,0,0,177.37,169,72431.30,0.00,0.00
81651.01,1149,14482372,0,0,177.37,169,72431.30,0.00,0.00
81711.08,1149,14493324,0,0,177.37,169,72431.30,0.00,0.00
81771.24,1149,14504257,0,0,177.38,169,72431.30,0.00,0.00
81831.24,1149,14515098,0,0,177.38,169,72431.30,0.00,0.00
81891.43,1149,14526087,0,0,177.38,169,72431.30,0.00,0.00
81951.54,1149,14536891,0,0,177.38,169,72431.30,0.00,0.00
82011.54,1149,14547843,0,0,177.39,169,72431.30,0.00,0.00
82071.61,1149,14558702,0,0,177.39,169,72431.30,0.00,0.00
82131.81,1149,14569654,0,0,177.39,169,72431.30,0.00,0.00
82191.84,1149,14580569,0,0,177.40,169,72431.30,0.00,0.00
82251.98,1149,14591521,0,0,177.40,169,72431.30,0.00,0.00
82312.03,1149,14602399,0,0,177.40,169,72431.30,0.00,0.00
82372.28,1149,14613129,0,0,177.40,169,72431.30,0.00,0.00
82432.32,1149,14623526,0,0,177.40,169,72431.30,0.00,0.00
82492.47,1149,14634441,0,0,177.40,169,72431.30,0.00,0.00
82552.61,1149,14645319,0,0,177.41,169,72431.30,0.00,0.00
82612.71,1149,14656197,0,0,177.41,169,72431.30,0.00,0.00
82672.88,1149,14667260,0,0,177.41,169,72431.30,0.00,0.00
82732.92,1149,14678027,0,0,177.41,169,72431.30,0.00,0.00
82793.09,1149,14688905,0,0,177.42,169,72431.30,0.00,0.00
82853.24,1149,14699690,0,0,177.42,169,72431.30,0.00,0.00
82913.29,1149,14710457,0,0,177.42,169,72431.30,0.00,0.00
82973.41,1149,14721335,0,0,177.42,169,72431.30,0.00,0.00
83033.57,1149,14731806,0,0,177.42,169,72431.30,0.00,0.00
83093.59,1149,14742647,0,0,177.42,169,72431.30,0.00,0.00
83153.70,1149,14753599,0,0,177.43,169,72431.30,0.00,0.00
83213.75,1149,14764551,0,0,177.43,169,72431.30,0.00,0.00
83273.88,1149,14775540,0,0,177.43,169,72431.30,0.00,0.00
83333.88,1149,14786344,0,0,177.43,169,72431.30,0.00,0.00
83393.92,1149,14796852,0,0,177.43,169,72431.30,0.00,0.00
83454.00,1149,14806879,0,0,177.43,169,72431.30,0.00,0.00
83514.05,1149,14817498,0,0,177.43,169,72431.30,0.00,0.00
83574.18,1149,14828302,0,0,177.43,169,72431.30,0.00,0.00
83634.35,1149,14838477,0,0,177.42,169,72431.30,0.00,0.00
83694.53,1149,14849281,0,0,177.42,169,72431.30,0.00,0.00
83754.62,1149,14860159,0,0,177.42,169,72431.30,0.00,0.00
83814.63,1149,14870685,0,0,177.42,169,72431.30,0.00,0.00
83874.75,1149,14881156,0,0,177.42,169,72431.30,0.00,0.00
83934.91,1149,14892145,0,0,177.42,169,72431.30,0.00,0.00
83995.03,1149,14903023,0,0,177.43,169,72431.30,0.00,0.00
84055.24,1149,14913827,0,0,177.43,169,72431.30,0.00,0.00
84115.39,1149,14924742,0,0,177.43,169,72431.30,0.00,0.00
84175.50,1149,14935805,0,0,177.44,169,72431.30,0.00,0.00
84235.57,1149,14946831,0,0,177.44,169,72431.30,0.00,0.00
84295.79,1149,14957561,0,0,177.44,169,72431.30,0.00,0.00
84355.86,1149,14968365,0,0,177.44,169,72431.30,0.00,0.00
84415.91,1149,14979317,0,0,177.45,169,72431.30,0.00,0.00
84475.96,1149,14990269,0,0,177.45,169,72431.30,0.00,0.00
84536.17,1149,15000185,0,0,177.44,169,72431.30,0.00,0.00
84596.28,1149,15010841,0,0,177.44,169,72431.30,0.00,0.00
84656.33,1149,15021737,0,0,177.44,169,72431.30,0.00,0.00
84716.48,1149,15032578,0,0,177.45,169,72431.30,0.00,0.00
84776.68,1149,15043326,0,0,177.45,169,72431.30,0.00,0.00
84836.78,1149,15054167,0,0,177.45,169,72431.30,0.00,0.00
84896.81,1149,15064934,0,0,177.45,169,72431.30,0.00,0.00
84956.84,1149,15075886,0,0,177.45,169,72431.30,0.00,0.00
85016.85,1149,15086727,0,0,177.46,169,72431.30,0.00,0.00
85076.95,1149,15097494,0,0,177.46,169,72431.30,0.00,0.00
85137.06,1149,15108520,0,0,177.46,169,72431.30,0.00,0.00
85197.26,1149,15119324,0,0,177.46,169,72431.30,0.00,0.00
85257.42,1149,15130239,0,0,177.47,169,72431.30,0.00,0.00
85317.57,1149,15141080,0,0,177.47,169,72431.30,0.00,0.00
85377.61,1149,15151218,0,0,177.46,169,72431.30,0.00,0.00
85437.62,1149,15162133,0,0,177.46,169,72431.30,0.00,0.00
85497.76,1149,15173011,0,0,177.47,169,72431.30,0.00,0.00
85557.81,1149,15183667,0,0,177.47,169,72431.30,0.00,0.00
85617.90,1149,15193731,0,0,177.46,169,72431.30,0.00,0.00
85677.95,1149,15203684,0,0,177.45,169,72431.30,0.00,0.00
85737.96,1149,15213452,0,0,177.44,169,72431.30,0.00,0.00
85797.99,1149,15224034,0,0,177.44,169,72431.30,0.00,0.00
85858.19,1149,15234912,0,0,177.44,169,72431.30,0.00,0.00
85918.20,1149,15245642,0,0,177.44,169,72431.30,0.00,0.00
85978.38,1149,15256372,0,0,177.44,169,72431.30,0.00,0.00
86038.42,1149,15267065,0,0,177.44,169,72431.30,0.00,0.00
86098.60,1149,15278017,0,0,177.45,169,72431.30,0.00,0.00
86158.62,1149,15288969,0,0,177.45,169,72431.30,0.00,0.00
86218.66,1149,15299699,0,0,177.45,169,72431.30,0.00,0.00
86278.74,1149,15310577,0,0,177.45,169,72431.30,0.00,0.00
86338.93,1149,15321529,0,0,177.46,169,72431.30,0.00,0.00
86398.98,1149,15333406,0,0,177.47,169,72431.30,0.00,0.00
