elapsed_time,unique_edges,total_execs,crash_count,hang_count,exec_speed,queue_size,last_new_find,last_crash,last_hang
0.00,0,0,0,0,0.00,0,0.00,0.00,0.00
10.12,155,1167,0,0,115.29,676,2.21,0.00,0.00
20.17,181,2319,0,0,114.99,678,19.12,0.00,0.00
30.29,191,3487,0,0,115.13,680,30.23,0.00,0.00
40.42,208,4671,0,0,115.57,683,38.88,0.00,0.00
50.54,210,5759,0,0,113.94,685,48.53,0.00,0.00
60.67,222,6895,0,0,113.65,688,56.82,0.00,0.00
70.72,242,7939,0,0,112.26,694,70.56,0.00,0.00
80.74,284,9011,0,0,111.61,703,80.70,0.00,0.00
90.84,293,10179,0,0,112.06,706,88.37,0.00,0.00
100.84,295,11283,0,0,111.89,708,97.83,0.00,0.00
110.92,295,12323,0,0,111.10,708,97.83,0.00,0.00
121.06,303,13395,0,0,110.65,713,117.81,0.00,0.00
131.12,323,14419,0,0,109.97,719,131.05,0.00,0.00
141.45,391,15621,0,0,110.43,722,138.39,0.00,0.00
151.65,421,16761,0,0,110.53,726,149.38,0.00,0.00
161.67,424,17888,0,0,110.65,728,154.82,0.00,0.00
171.68,424,18976,0,0,110.53,728,154.82,0.00,0.00
181.78,424,20112,0,0,110.64,728,154.82,0.00,0.00
191.81,424,21216,0,0,110.61,728,154.82,0.00,0.00
201.83,424,22352,0,0,110.75,728,154.82,0.00,0.00
211.88,424,23392,0,0,110.40,728,154.82,0.00,0.00
221.99,424,24512,0,0,110.42,728,154.82,0.00,0.00
232.03,424,25664,0,0,110.61,728,154.82,0.00,0.00
242.03,424,26800,0,0,110.73,728,154.82,0.00,0.00
252.11,434,28000,0,0,111.06,729,247.03,0.00,0.00
262.23,434,29200,0,0,111.35,729,247.03,0.00,0.00
272.34,434,30400,0,0,111.63,729,247.03,0.00,0.00
282.45,434,31584,0,0,111.82,729,247.03,0.00,0.00
292.52,434,32640,0,0,111.58,729,247.03,0.00,0.00
302.66,434,33712,0,0,111.39,729,247.03,0.00,0.00
312.79,437,34816,0,0,111.31,730,305.19,0.00,0.00
322.89,437,35984,0,0,111.44,730,305.19,0.00,0.00
333.05,437,37136,0,0,111.50,730,305.19,0.00,0.00
343.17,437,38224,0,0,111.39,730,305.19,0.00,0.00
353.26,437,39280,0,0,111.19,730,305.19,0.00,0.00
363.31,437,40384,0,0,111.16,730,305.19,0.00,0.00
373.37,442,41552,0,0,111.29,731,364.01,0.00,0.00
383.38,442,42640,0,0,111.22,731,364.01,0.00,0.00
393.50,444,43760,0,0,111.21,732,385.53,0.00,0.00
403.65,444,44880,0,0,111.19,732,385.53,0.00,0.00
413.76,444,46016,0,0,111.21,732,385.53,0.00,0.00
423.77,444,47136,0,0,111.23,732,385.53,0.00,0.00
433.90,444,48304,0,0,111.32,732,385.53,0.00,0.00
443.97,444,49408,0,0,111.29,732,385.53,0.00,0.00
454.06,447,50608,0,0,111.46,733,445.43,0.00,0.00
464.15,447,51792,0,0,111.58,733,445.43,0.00,0.00
474.16,447,52992,0,0,111.76,733,445.43,0.00,0.00
484.22,484,54160,0,0,111.85,734,474.93,0.00,0.00
494.32,484,55264,0,0,111.80,734,474.93,0.00,0.00
504.44,484,56432,0,0,111.87,734,474.93,0.00,0.00
514.49,484,57568,0,0,111.89,734,474.93,0.00,0.00
524.59,484,58640,0,0,111.78,734,474.93,0.00,0.00
534.64,484,59776,0,0,111.81,734,474.93,0.00,0.00
544.77,484,60976,0,0,111.93,734,474.93,0.00,0.00
554.87,484,62176,0,0,112.06,734,474.93,0.00,0.00
564.95,484,63264,0,0,111.98,734,474.93,0.00,0.00
575.07,484,64400,0,0,111.99,734,474.93,0.00,0.00
585.14,484,65440,0,0,111.84,734,474.93,0.00,0.00
595.21,484,66608,0,0,111.91,734,474.93,0.00,0.00
625.28,484,69872,0,0,111.75,734,474.93,0.00,0.00
655.29,484,73152,0,0,111.63,734,474.93,0.00,0.00
685.41,484,76688,0,0,111.89,734,474.93,0.00,0.00
715.45,484,80176,0,0,112.06,734,474.93,0.00,0.00
745.48,484,83680,0,0,112.25,734,474.93,0.00,0.00
775.54,484,87056,0,0,112.25,734,474.93,0.00,0.00
805.60,484,90320,0,0,112.12,734,474.93,0.00,0.00
835.72,484,93792,0,0,112.23,734,474.93,0.00,0.00
865.85,484,97120,0,0,112.17,734,474.93,0.00,0.00
895.94,489,100544,0,0,112.22,735,879.81,0.00,0.00
926.03,489,104032,0,0,112.34,735,879.81,0.00,0.00
956.03,490,107552,0,0,112.50,736,948.06,0.00,0.00
986.06,494,111008,0,0,112.58,737,980.10,0.00,0.00
1016.15,494,114384,0,0,112.57,737,980.10,0.00,0.00
1046.19,494,117664,0,0,112.47,737,980.10,0.00,0.00
1076.28,494,121024,0,0,112.45,737,980.10,0.00,0.00
1106.36,494,124496,0,0,112.53,737,980.10,0.00,0.00
1136.42,494,127952,0,0,112.59,737,980.10,0.00,0.00
1166.47,494,131184,0,0,112.46,737,980.10,0.00,0.00
1196.57,494,134528,0,0,112.43,737,980.10,0.00,0.00
1226.68,494,137696,0,0,112.25,737,980.10,0.00,0.00
1256.72,494,141168,0,0,112.33,737,980.10,0.00,0.00
1286.85,494,144624,0,0,112.39,737,980.10,0.00,0.00
1316.92,494,148016,0,0,112.40,737,980.10,0.00,0.00
1347.04,494,151552,0,0,112.51,737,980.10,0.00,0.00
1377.11,494,154816,0,0,112.42,737,980.10,0.00,0.00
1407.21,495,158240,0,0,112.45,738,1401.78,0.00,0.00
1437.37,495,161664,0,0,112.47,738,1401.78,0.00,0.00
1467.41,495,164880,0,0,112.36,738,1401.78,0.00,0.00
1497.54,497,168272,0,0,112.37,739,1492.14,0.00,0.00
1527.61,497,171568,0,0,112.31,739,1492.14,0.00,0.00
1557.75,497,174832,0,0,112.23,739,1492.14,0.00,0.00
1587.83,497,178128,0,0,112.18,739,1492.14,0.00,0.00
1617.85,497,181472,0,0,112.17,739,1492.14,0.00,0.00
1647.90,497,184832,0,0,112.16,739,1492.14,0.00,0.00
1677.97,497,188336,0,0,112.24,739,1492.14,0.00,0.00
1708.10,497,191808,0,0,112.29,739,1492.14,0.00,0.00
1738.22,497,195104,0,0,112.24,739,1492.14,0.00,0.00
1768.26,497,198528,0,0,112.27,739,1492.14,0.00,0.00
1798.33,497,201984,0,0,112.32,739,1492.14,0.00,0.00
1828.35,497,205264,0,0,112.27,739,1492.14,0.00,0.00
1858.43,497,208656,0,0,112.28,739,1492.14,0.00,0.00
1888.47,497,211920,0,0,112.22,739,1492.14,0.00,0.00
1918.63,497,215296,0,0,112.21,739,1492.14,0.00,0.00
1948.71,497,218560,0,0,112.16,739,1492.14,0.00,0.00
1978.74,497,221856,0,0,112.12,739,1492.14,0.00,0.00
2008.81,497,225152,0,0,112.08,739,1492.14,0.00,0.00
2038.92,497,228544,0,0,112.09,739,1492.14,0.00,0.00
2068.92,497,231744,0,0,112.01,739,1492.14,0.00,0.00
2099.05,497,235200,0,0,112.05,739,1492.14,0.00,0.00
2129.15,505,238544,0,0,112.04,740,2108.74,0.00,0.00
2159.18,505,241872,0,0,112.02,740,2108.74,0.00,0.00
2189.32,505,245120,0,0,111.96,740,2108.74,0.00,0.00
2219.37,505,248384,0,0,111.92,740,2108.74,0.00,0.00
2249.51,505,251600,0,0,111.85,740,2108.74,0.00,0.00
2279.54,505,254912,0,0,111.83,740,2108.74,0.00,0.00
2309.60,505,258128,0,0,111.76,740,2108.74,0.00,0.00
2339.63,505,261552,0,0,111.79,740,2108.74,0.00,0.00
2369.64,505,265024,0,0,111.84,740,2108.74,0.00,0.00
2399.72,505,268384,0,0,111.84,740,2108.74,0.00,0.00
2429.76,505,271728,0,0,111.83,740,2108.74,0.00,0.00
2459.76,508,275104,0,0,111.84,741,2431.31,0.00,0.00
2489.86,508,278576,0,0,111.88,741,2431.31,0.00,0.00
2519.95,508,282048,0,0,111.93,741,2431.31,0.00,0.00
2550.06,508,285584,0,0,111.99,741,2431.31,0.00,0.00
2580.16,508,288816,0,0,111.94,741,2431.31,0.00,0.00
2610.20,508,292224,0,0,111.95,741,2431.31,0.00,0.00
2640.28,508,295600,0,0,111.96,741,2431.31,0.00,0.00
2670.42,508,299024,0,0,111.98,741,2431.31,0.00,0.00
2700.43,508,302288,0,0,111.94,741,2431.31,0.00,0.00
2730.52,508,305584,0,0,111.91,741,2431.31,0.00,0.00
2760.60,508,308832,0,0,111.87,741,2431.31,0.00,0.00
2790.70,508,312176,0,0,111.86,741,2431.31,0.00,0.00
2820.78,508,315648,0,0,111.90,741,2431.31,0.00,0.00
2850.89,508,318912,0,0,111.86,741,2431.31,0.00,0.00
2880.93,508,322144,0,0,111.82,741,2431.31,0.00,0.00
2910.94,508,325408,0,0,111.79,741,2431.31,0.00,0.00
2940.98,508,328656,0,0,111.75,741,2431.31,0.00,0.00
2971.09,508,331984,0,0,111.74,741,2431.31,0.00,0.00
3001.24,508,335408,0,0,111.76,741,2431.31,0.00,0.00
3031.28,508,338848,0,0,111.78,741,2431.31,0.00,0.00
3061.36,508,342320,0,0,111.82,741,2431.31,0.00,0.00
3091.40,508,345728,0,0,111.84,741,2431.31,0.00,0.00
3121.52,508,349104,0,0,111.84,741,2431.31,0.00,0.00
3151.61,508,352512,0,0,111.85,741,2431.31,0.00,0.00
3181.62,508,355792,0,0,111.83,741,2431.31,0.00,0.00
3211.63,508,359152,0,0,111.83,741,2431.31,0.00,0.00
3241.70,508,362368,0,0,111.78,741,2431.31,0.00,0.00
3271.80,508,365824,0,0,111.81,741,2431.31,0.00,0.00
3301.81,508,369264,0,0,111.84,741,2431.31,0.00,0.00
3331.82,508,372592,0,0,111.83,741,2431.31,0.00,0.00
3361.95,508,375968,0,0,111.83,741,2431.31,0.00,0.00
3392.03,508,379328,0,0,111.83,741,2431.31,0.00,0.00
3422.17,508,382608,0,0,111.80,741,2431.31,0.00,0.00
3452.29,508,385888,0,0,111.78,741,2431.31,0.00,0.00
3482.41,508,389104,0,0,111.73,741,2431.31,0.00,0.00
3512.47,508,392448,0,0,111.73,741,2431.31,0.00,0.00
3542.49,508,396000,0,0,111.79,741,2431.31,0.00,0.00
3572.57,508,399408,0,0,111.80,741,2431.31,0.00,0.00
3632.60,508,406416,0,0,111.88,741,2431.31,0.00,0.00
3692.64,508,413296,0,0,111.92,741,2431.31,0.00,0.00
3752.71,508,419936,0,0,111.90,741,2431.31,0.00,0.00
3812.72,509,426672,0,0,111.91,742,3769.79,0.00,0.00
3872.72,509,433312,0,0,111.89,742,3769.79,0.00,0.00
3932.79,509,439936,0,0,111.86,742,3769.79,0.00,0.00
3992.80,511,446560,0,0,111.84,743,3938.87,0.00,0.00
4052.93,511,453216,0,0,111.82,743,3938.87,0.00,0.00
4113.06,511,459984,0,0,111.84,743,3938.87,0.00,0.00
4173.18,511,466656,0,0,111.82,743,3938.87,0.00,0.00
4233.24,511,473488,0,0,111.85,743,3938.87,0.00,0.00
4293.29,511,480192,0,0,111.85,743,3938.87,0.00,0.00
4353.31,514,486880,0,0,111.84,745,4324.63,0.00,0.00
4413.36,514,493712,0,0,111.87,745,4324.63,0.00,0.00
4473.37,514,500288,0,0,111.84,745,4324.63,0.00,0.00
4533.50,514,507072,0,0,111.85,745,4324.63,0.00,0.00
4593.63,514,513664,0,0,111.82,745,4324.63,0.00,0.00
4653.73,514,520544,0,0,111.86,745,4324.63,0.00,0.00
4713.78,514,527008,0,0,111.80,745,4324.63,0.00,0.00
4773.84,516,533536,0,0,111.76,746,4718.25,0.00,0.00
4833.85,516,540656,0,0,111.85,746,4718.25,0.00,0.00
4893.97,519,547424,0,0,111.86,747,4870.79,0.00,0.00
4954.03,519,554384,0,0,111.91,747,4870.79,0.00,0.00
5014.04,519,560880,0,0,111.86,747,4870.79,0.00,0.00
5074.11,519,567712,0,0,111.88,747,4870.79,0.00,0.00
5134.17,519,574352,0,0,111.87,747,4870.79,0.00,0.00
5194.20,519,581328,0,0,111.92,747,4870.79,0.00,0.00
5254.21,523,588048,0,0,111.92,747,5196.49,0.00,0.00
5314.25,523,594816,0,0,111.93,747,5196.49,0.00,0.00
5374.31,523,601424,0,0,111.91,747,5196.49,0.00,0.00
5434.38,523,608144,0,0,111.91,747,5196.49,0.00,0.00
5494.47,523,614832,0,0,111.90,747,5196.49,0.00,0.00
5554.55,523,621568,0,0,111.90,747,5196.49,0.00,0.00
5614.72,716,628422,0,0,111.92,823,5612.26,0.00,0.00
5674.85,864,635093,0,0,111.91,857,5674.66,0.00,0.00
5735.05,1027,641731,0,0,111.90,879,5730.16,0.00,0.00
5795.08,1072,648302,0,0,111.87,898,5787.71,0.00,0.00
5855.17,1082,654958,0,0,111.86,901,5853.14,0.00,0.00
5915.22,1098,661574,0,0,111.84,905,5910.13,0.00,0.00
5975.34,1104,668286,0,0,111.84,909,5975.21,0.00,0.00
6035.49,1225,674876,0,0,111.82,918,6029.47,0.00,0.00
6095.53,1257,681532,0,0,111.81,920,6094.51,0.00,0.00
6155.55,1277,688318,0,0,111.82,929,6150.88,0.00,0.00
6215.71,1288,695143,0,0,111.84,936,6211.98,0.00,0.00
6275.74,1297,701896,0,0,111.84,940,6272.14,0.00,0.00
6335.85,1338,708585,0,0,111.84,945,6335.26,0.00,0.00
6396.02,1342,715290,0,0,111.83,947,6373.23,0.00,0.00
6456.06,1342,721901,0,0,111.82,947,6373.23,0.00,0.00
6516.08,1346,728491,0,0,111.80,950,6503.98,0.00,0.00
6576.26,1349,735211,0,0,111.80,953,6556.79,0.00,0.00
6636.33,1349,741665,0,0,111.76,953,6556.79,0.00,0.00
6696.49,1351,748559,0,0,111.78,955,6664.89,0.00,0.00
6756.60,1365,755244,0,0,111.78,956,6715.91,0.00,0.00
6816.80,1377,761798,0,0,111.75,960,6794.55,0.00,0.00
6876.97,1509,768684,0,0,111.78,979,6867.34,0.00,0.00
6937.05,1533,775294,0,0,111.76,993,6924.00,0.00,0.00
6997.24,1548,782180,0,0,111.78,999,6975.49,0.00,0.00
7057.40,1566,788833,0,0,111.77,1004,7057.22,0.00,0.00
7117.58,1575,795841,0,0,111.81,1009,7110.91,0.00,0.00
7177.61,1581,802388,0,0,111.79,1011,7166.23,0.00,0.00
7237.73,1602,809052,0,0,111.78,1019,7234.32,0.00,0.00
7297.88,1637,815506,0,0,111.75,1024,7288.53,0.00,0.00
7358.30,1709,822325,0,0,111.75,1032,7357.77,0.00,0.00
7418.32,1769,829044,0,0,111.76,1044,7417.32,0.00,0.00
7478.51,1796,835723,0,0,111.75,1060,7473.54,0.00,0.00
7538.57,1856,842321,0,0,111.73,1066,7527.64,0.00,0.00
7598.72,1860,849151,0,0,111.75,1068,7571.68,0.00,0.00
7658.91,1862,855991,0,0,111.76,1070,7627.10,0.00,0.00
7722.40,1890,863050,0,0,111.76,1077,7717.26,0.00,0.00
7782.57,1905,869757,0,0,111.76,1087,7779.38,0.00,0.00
7842.67,1907,876377,0,0,111.74,1088,7805.72,0.00,0.00
7902.72,1908,883263,0,0,111.77,1089,7847.41,0.00,0.00
7962.78,1909,890031,0,0,111.77,1090,7904.07,0.00,0.00
8022.84,2027,896742,0,0,111.77,1096,8021.22,0.00,0.00
8082.99,2028,903333,0,0,111.76,1097,8047.19,0.00,0.00
8143.07,2047,910243,0,0,111.78,1100,8142.53,0.00,0.00
8203.11,2163,917071,0,0,111.80,1101,8197.48,0.00,0.00
8263.20,2202,923905,0,0,111.81,1103,8220.70,0.00,0.00
8323.29,2244,930643,0,0,111.81,1116,8319.56,0.00,0.00
8383.41,2279,937347,0,0,111.81,1119,8379.05,0.00,0.00
8443.45,2282,943875,0,0,111.79,1122,8419.38,0.00,0.00
8503.56,2283,950355,0,0,111.76,1123,8492.78,0.00,0.00
8563.69,2311,957027,0,0,111.75,1126,8556.45,0.00,0.00
8623.76,2311,963507,0,0,111.73,1126,8556.45,0.00,0.00
8683.84,2317,970291,0,0,111.74,1127,8653.09,0.00,0.00
8743.96,2317,977091,0,0,111.74,1127,8653.09,0.00,0.00
8804.04,2321,983891,0,0,111.75,1128,8764.79,0.00,0.00
8864.06,2338,990288,0,0,111.72,1134,8863.14,0.00,0.00
8924.08,2351,996986,0,0,111.72,1137,8906.10,0.00,0.00
8984.16,2373,1003798,0,0,111.73,1140,8980.79,0.00,0.00
9044.22,2388,1010361,0,0,111.71,1142,9016.50,0.00,0.00
9104.24,2394,1017208,0,0,111.73,1144,9102.58,0.00,0.00
9164.36,2396,1023903,0,0,111.73,1145,9157.61,0.00,0.00
9224.45,2404,1030478,0,0,111.71,1148,9205.81,0.00,0.00
9284.60,2411,1037236,0,0,111.72,1150,9270.19,0.00,0.00
9344.70,2418,1044146,0,0,111.74,1151,9336.97,0.00,0.00
9404.80,2418,1050872,0,0,111.74,1151,9336.97,0.00,0.00
9465.33,2424,1057739,0,0,111.75,1152,9460.01,0.00,0.00
9525.45,2432,1064700,0,0,111.77,1158,9514.50,0.00,0.00
9585.50,2432,1071464,0,0,111.78,1158,9514.50,0.00,0.00
9645.51,2440,1078200,0,0,111.78,1161,9630.04,0.00,0.00
9705.52,2459,1085000,0,0,111.79,1164,9682.34,0.00,0.00
9765.56,2465,1091486,0,0,111.77,1165,9748.46,0.00,0.00
9825.67,2469,1098190,0,0,111.77,1168,9804.59,0.00,0.00
9885.71,2474,1104946,0,0,111.77,1169,9859.82,0.00,0.00
9945.77,2474,1111386,0,0,111.74,1169,9859.82,0.00,0.00
10005.89,2474,1118184,0,0,111.75,1169,9859.82,0.00,0.00
10065.94,2474,1124740,0,0,111.74,1169,9859.82,0.00,0.00
10125.96,2483,1131428,0,0,111.74,1169,10067.69,0.00,0.00
10185.99,2483,1138318,0,0,111.75,1169,10067.69,0.00,0.00
10246.12,2483,1145156,0,0,111.76,1169,10067.69,0.00,0.00
10306.26,2489,1151998,0,0,111.78,1169,10275.64,0.00,0.00
10366.34,2490,1158376,0,0,111.74,1170,10342.88,0.00,0.00
10426.38,2521,1165142,0,0,111.75,1170,10385.84,0.00,0.00
10486.45,2521,1171458,0,0,111.71,1170,10385.84,0.00,0.00
10546.50,2521,1178400,0,0,111.73,1170,10385.84,0.00,0.00
10606.66,2521,1185126,0,0,111.73,1170,10385.84,0.00,0.00
10666.86,2542,1191670,0,0,111.72,1175,10633.24,0.00,0.00
10727.02,2550,1198501,0,0,111.73,1177,10681.63,0.00,0.00
10787.11,2556,1205285,0,0,111.73,1179,10780.19,0.00,0.00
10847.15,2556,1211746,0,0,111.71,1179,10780.19,0.00,0.00
10907.23,2556,1218273,0,0,111.69,1179,10780.19,0.00,0.00
10967.37,2556,1225148,0,0,111.71,1179,10780.19,0.00,0.00
11027.47,2556,1231833,0,0,111.71,1179,10780.19,0.00,0.00
11087.49,2556,1238313,0,0,111.69,1179,10780.19,0.00,0.00
11147.63,2556,1245153,0,0,111.70,1179,10780.19,0.00,0.00
11207.73,2556,1251873,0,0,111.70,1179,10780.19,0.00,0.00
11267.85,2556,1258802,0,0,111.72,1179,10780.19,0.00,0.00
11327.91,2558,1265196,0,0,111.69,1181,11297.35,0.00,0.00
11388.07,2558,1271619,0,0,111.66,1181,11297.35,0.00,0.00
11448.23,2559,1278178,0,0,111.65,1182,11422.29,0.00,0.00
11508.36,2559,1284636,0,0,111.63,1182,11422.29,0.00,0.00
11568.52,2559,1291524,0,0,111.64,1182,11422.29,0.00,0.00
11628.56,2559,1298004,0,0,111.62,1182,11422.29,0.00,0.00
11688.72,2560,1304756,0,0,111.63,1183,11655.42,0.00,0.00
11748.81,2560,1311268,0,0,111.61,1183,11655.42,0.00,0.00
11808.91,2560,1317865,0,0,111.60,1183,11655.42,0.00,0.00
11868.95,2560,1324500,0,0,111.59,1183,11655.42,0.00,0.00
11929.21,2560,1331158,0,0,111.59,1183,11655.42,0.00,0.00
11989.32,2560,1337458,0,0,111.55,1183,11655.42,0.00,0.00
12049.34,2560,1344087,0,0,111.55,1183,11655.42,0.00,0.00
12109.47,2560,1350817,0,0,111.55,1183,11655.42,0.00,0.00
12169.56,2561,1357320,0,0,111.53,1184,12146.46,0.00,0.00
12229.67,2561,1364088,0,0,111.54,1184,12146.46,0.00,0.00
12289.71,2561,1370808,0,0,111.54,1184,12146.46,0.00,0.00
12349.88,2561,1377291,0,0,111.52,1184,12146.46,0.00,0.00
12410.01,2561,1383647,0,0,111.49,1184,12146.46,0.00,0.00
12470.02,2561,1390386,0,0,111.50,1184,12146.46,0.00,0.00
12530.16,2561,1397021,0,0,111.49,1184,12146.46,0.00,0.00
12590.23,2561,1404146,0,0,111.53,1184,12146.46,0.00,0.00
12650.28,2561,1410696,0,0,111.51,1184,12146.46,0.00,0.00
12710.30,2562,1417568,0,0,111.53,1185,12706.08,0.00,0.00
12770.49,2562,1424089,0,0,111.51,1185,12706.08,0.00,0.00
12830.59,2562,1430560,0,0,111.50,1185,12706.08,0.00,0.00
12890.70,2562,1437401,0,0,111.51,1185,12706.08,0.00,0.00
12950.75,2575,1444330,0,0,111.52,1185,12895.65,0.00,0.00
13010.83,2575,1451111,0,0,111.53,1185,12895.65,0.00,0.00
13070.83,2576,1457951,0,0,111.54,1186,13050.48,0.00,0.00
13130.91,2576,1464652,0,0,111.54,1186,13050.48,0.00,0.00
13190.97,2576,1471318,0,0,111.54,1186,13050.48,0.00,0.00
13251.01,2576,1477735,0,0,111.52,1186,13050.48,0.00,0.00
13311.17,2592,1484364,0,0,111.51,1188,13278.55,0.00,0.00
13371.28,2592,1490937,0,0,111.50,1188,13278.55,0.00,0.00
13431.44,2593,1497224,0,0,111.47,1189,13430.96,0.00,0.00
13491.47,2593,1503413,0,0,111.43,1189,13430.96,0.00,0.00
13551.62,2593,1510146,0,0,111.44,1189,13430.96,0.00,0.00
13611.78,2596,1516971,0,0,111.45,1189,13582.51,0.00,0.00
13671.96,2599,1523310,0,0,111.42,1189,13644.00,0.00,0.00
13732.10,2599,1530091,0,0,111.42,1189,13644.00,0.00,0.00
13792.15,2599,1536764,0,0,111.42,1189,13644.00,0.00,0.00
13852.24,2601,1543576,0,0,111.43,1190,13814.37,0.00,0.00
13912.28,2605,1550483,0,0,111.45,1190,13865.16,0.00,0.00
13972.35,2605,1556998,0,0,111.43,1190,13865.16,0.00,0.00
14032.37,2605,1563823,0,0,111.44,1190,13865.16,0.00,0.00
14092.53,2606,1570221,0,0,111.42,1191,14061.26,0.00,0.00
14152.59,2606,1577213,0,0,111.44,1191,14061.26,0.00,0.00
14212.70,2608,1583747,0,0,111.43,1191,14161.94,0.00,0.00
14272.80,2610,1590439,0,0,111.43,1192,14245.18,0.00,0.00
14332.86,2610,1597153,0,0,111.43,1192,14245.18,0.00,0.00
14392.95,2610,1603412,0,0,111.40,1192,14245.18,0.00,0.00
14453.07,2613,1609846,0,0,111.38,1193,14441.35,0.00,0.00
14513.17,2613,1615944,0,0,111.34,1193,14441.35,0.00,0.00
14573.31,2613,1622437,0,0,111.33,1193,14441.35,0.00,0.00
14633.41,2613,1629417,0,0,111.35,1193,14441.35,0.00,0.00
14693.51,2613,1636207,0,0,111.36,1193,14441.35,0.00,0.00
14753.53,2613,1642710,0,0,111.34,1193,14441.35,0.00,0.00
14813.58,2613,1649516,0,0,111.35,1193,14441.35,0.00,0.00
14873.69,2613,1656066,0,0,111.34,1193,14441.35,0.00,0.00
14933.73,2613,1663188,0,0,111.37,1193,14441.35,0.00,0.00
14993.80,2613,1669728,0,0,111.36,1193,14441.35,0.00,0.00
15053.82,2613,1676537,0,0,111.37,1193,14441.35,0.00,0.00
15113.99,2614,1682982,0,0,111.35,1194,15097.42,0.00,0.00
15174.01,2617,1689535,0,0,111.34,1195,15130.44,0.00,0.00
15234.11,2617,1696445,0,0,111.36,1195,15130.44,0.00,0.00
15294.14,2617,1703083,0,0,111.36,1195,15130.44,0.00,0.00
15354.24,2618,1709238,0,0,111.32,1196,15304.87,0.00,0.00
15414.36,2618,1715542,0,0,111.30,1196,15304.87,0.00,0.00
15474.50,2618,1722193,0,0,111.29,1196,15304.87,0.00,0.00
15534.59,2644,1729020,0,0,111.30,1197,15529.41,0.00,0.00
15594.72,2700,1735938,0,0,111.32,1201,15581.22,0.00,0.00
15654.81,2739,1742750,0,0,111.32,1203,15624.49,0.00,0.00
15714.97,2747,1749496,0,0,111.33,1207,15678.20,0.00,0.00
15775.00,2751,1756264,0,0,111.33,1210,15774.08,0.00,0.00
15835.18,2794,1762732,0,0,111.32,1211,15832.42,0.00,0.00
15895.23,2797,1769084,0,0,111.30,1214,15880.62,0.00,0.00
15955.27,2798,1775520,0,0,111.28,1215,15942.96,0.00,0.00
16015.31,2800,1782228,0,0,111.28,1216,15996.68,0.00,0.00
16075.40,2807,1788684,0,0,111.27,1218,16065.35,0.00,0.00
16135.47,2822,1795552,0,0,111.28,1221,16124.16,0.00,0.00
16195.70,2822,1801880,0,0,111.26,1221,16124.16,0.00,0.00
16255.81,2828,1808656,0,0,111.26,1223,16220.09,0.00,0.00
16315.87,2831,1815456,0,0,111.27,1224,16285.04,0.00,0.00
16375.90,2838,1822284,0,0,111.28,1225,16349.08,0.00,0.00
16436.03,2908,1828095,0,0,111.22,1247,16433.07,0.00,0.00
16496.04,2949,1834134,0,0,111.19,1264,16484.88,0.00,0.00
16556.14,2957,1840454,0,0,111.16,1267,16515.26,0.00,0.00
16616.25,2965,1846970,0,0,111.15,1269,16575.37,0.00,0.00
16676.39,2965,1853762,0,0,111.16,1269,16575.37,0.00,0.00
16736.41,2966,1860250,0,0,111.15,1270,16735.70,0.00,0.00
16796.53,2967,1866922,0,0,111.15,1271,16743.69,0.00,0.00
16856.59,2967,1873442,0,0,111.14,1271,16743.69,0.00,0.00
16916.62,2989,1879738,0,0,111.12,1272,16880.22,0.00,0.00
16976.78,3002,1886178,0,0,111.10,1275,16941.31,0.00,0.00
17036.92,3002,1892322,0,0,111.07,1275,16941.31,0.00,0.00
17097.00,3010,1898598,0,0,111.05,1278,17091.51,0.00,0.00
17157.05,3010,1905166,0,0,111.04,1278,17091.51,0.00,0.00
17217.22,3010,1911546,0,0,111.03,1278,17091.51,0.00,0.00
17277.43,3010,1918278,0,0,111.03,1278,17091.51,0.00,0.00
17337.48,3010,1925178,0,0,111.04,1278,17091.51,0.00,0.00
17397.54,3011,1931638,0,0,111.03,1279,17344.12,0.00,0.00
17457.68,3020,1938634,0,0,111.05,1280,17414.51,0.00,0.00
17517.88,3020,1945294,0,0,111.05,1280,17414.51,0.00,0.00
17577.92,3020,1951998,0,0,111.05,1280,17414.51,0.00,0.00
17638.05,3021,1958566,0,0,111.04,1281,17614.16,0.00,0.00
17698.09,3021,1965170,0,0,111.04,1281,17614.16,0.00,0.00
17758.27,3029,1971482,0,0,111.02,1282,17699.27,0.00,0.00
17818.29,3034,1977862,0,0,111.00,1283,17793.96,0.00,0.00
17878.41,3036,1984534,0,0,111.00,1284,17873.52,0.00,0.00
17938.49,3039,1991054,0,0,110.99,1285,17932.44,0.00,0.00
17998.59,3039,1997674,0,0,110.99,1285,17932.44,0.00,0.00
18058.71,3039,2004162,0,0,110.98,1285,17932.44,0.00,0.00
18118.78,3039,2010438,0,0,110.96,1285,17932.44,0.00,0.00
18178.87,3049,2016834,0,0,110.94,1286,18172.77,0.00,0.00
18239.01,3050,2023712,0,0,110.96,1287,18202.90,0.00,0.00
18299.12,3050,2030091,0,0,110.94,1287,18202.90,0.00,0.00
18359.22,3051,2036325,0,0,110.92,1288,18302.16,0.00,0.00
18419.29,3051,2042477,0,0,110.89,1288,18302.16,0.00,0.00
18479.45,3051,2048995,0,0,110.88,1288,18302.16,0.00,0.00
18539.51,3058,2055377,0,0,110.86,1289,18513.03,0.00,0.00
18599.69,3059,2061535,0,0,110.84,1290,18568.16,0.00,0.00
18659.81,3072,2068199,0,0,110.84,1290,18635.92,0.00,0.00
18719.92,3072,2074951,0,0,110.84,1290,18635.92,0.00,0.00
18779.94,3072,2081732,0,0,110.85,1290,18635.92,0.00,0.00
18839.98,3072,2088411,0,0,110.85,1290,18635.92,0.00,0.00
18900.00,3072,2095441,0,0,110.87,1290,18635.92,0.00,0.00
18960.10,3075,2102000,0,0,110.86,1291,18926.62,0.00,0.00
19020.18,3081,2108711,0,0,110.87,1293,19011.87,0.00,0.00
19080.35,3082,2115564,0,0,110.88,1294,19022.46,0.00,0.00
19140.45,3082,2121978,0,0,110.86,1294,19022.46,0.00,0.00
19200.48,3082,2128411,0,0,110.85,1294,19022.46,0.00,0.00
19260.61,3082,2134715,0,0,110.83,1294,19022.46,0.00,0.00
19320.70,3082,2141173,0,0,110.82,1294,19022.46,0.00,0.00
19380.75,3082,2147581,0,0,110.81,1294,19022.46,0.00,0.00
19440.80,3082,2154203,0,0,110.81,1294,19022.46,0.00,0.00
19500.82,3082,2160838,0,0,110.81,1294,19022.46,0.00,0.00
19560.88,3092,2167410,0,0,110.80,1294,19554.06,0.00,0.00
19620.90,3092,2173893,0,0,110.79,1294,19554.06,0.00,0.00
19681.00,3097,2180411,0,0,110.79,1295,19622.21,0.00,0.00
19741.15,3100,2187185,0,0,110.79,1296,19738.16,0.00,0.00
19801.30,3100,2193820,0,0,110.79,1296,19738.16,0.00,0.00
19861.36,3100,2199877,0,0,110.76,1296,19738.16,0.00,0.00
19921.48,3100,2205823,0,0,110.73,1296,19738.16,0.00,0.00
19981.55,3100,2211764,0,0,110.69,1296,19738.16,0.00,0.00
20041.78,3100,2218260,0,0,110.68,1296,19738.16,0.00,0.00
20101.94,3100,2224800,0,0,110.68,1296,19738.16,0.00,0.00
20161.98,3100,2231315,0,0,110.67,1296,19738.16,0.00,0.00
20221.99,3100,2237938,0,0,110.67,1296,19738.16,0.00,0.00
20282.11,3100,2244185,0,0,110.65,1296,19738.16,0.00,0.00
20342.12,3135,2251193,0,0,110.67,1296,20337.28,0.00,0.00
20402.27,3135,2257869,0,0,110.67,1296,20337.28,0.00,0.00
20462.55,3167,2264595,0,0,110.67,1299,20441.48,0.00,0.00
20522.60,3167,2271281,0,0,110.67,1299,20441.48,0.00,0.00
20582.71,3170,2278308,0,0,110.69,1300,20537.58,0.00,0.00
20642.84,3171,2285186,0,0,110.70,1301,20623.41,0.00,0.00
20702.90,3173,2292194,0,0,110.72,1303,20693.79,0.00,0.00
20762.91,3173,2299091,0,0,110.73,1303,20693.79,0.00,0.00
20822.97,3196,2306007,0,0,110.74,1305,20800.70,0.00,0.00
20883.11,3201,2312942,0,0,110.76,1306,20845.41,0.00,0.00
20943.20,3201,2319893,0,0,110.77,1306,20845.41,0.00,0.00
21003.29,3201,2326695,0,0,110.78,1306,20845.41,0.00,0.00
21063.39,3215,2333497,0,0,110.78,1307,21012.61,0.00,0.00
21123.44,3231,2340182,0,0,110.79,1308,21068.11,0.00,0.00
21183.48,3231,2346927,0,0,110.79,1308,21068.11,0.00,0.00
21243.62,3231,2353669,0,0,110.79,1308,21068.11,0.00,0.00
21303.69,3231,2360433,0,0,110.80,1308,21068.11,0.00,0.00
21363.75,3235,2367254,0,0,110.81,1310,21361.07,0.00,0.00
21423.77,3235,2374167,0,0,110.82,1310,21361.07,0.00,0.00
21483.82,3235,2381064,0,0,110.83,1310,21361.07,0.00,0.00
21543.98,3235,2388072,0,0,110.85,1310,21361.07,0.00,0.00
21604.04,3235,2394893,0,0,110.85,1310,21361.07,0.00,0.00
21664.16,3235,2401752,0,0,110.86,1310,21361.07,0.00,0.00
21724.29,3235,2408611,0,0,110.87,1310,21361.07,0.00,0.00
21784.39,3284,2414990,0,0,110.86,1311,21742.29,0.00,0.00
21844.44,3284,2421232,0,0,110.84,1311,21742.29,0.00,0.00
21904.46,3313,2427940,0,0,110.84,1312,21869.42,0.00,0.00
21964.57,3314,2434424,0,0,110.83,1313,21960.37,0.00,0.00
22024.68,3323,2440754,0,0,110.82,1315,22016.32,0.00,0.00
22084.79,3324,2446956,0,0,110.80,1316,22076.23,0.00,0.00
22144.86,3326,2453792,0,0,110.81,1318,22144.11,0.00,0.00
22204.92,3326,2460702,0,0,110.82,1318,22144.11,0.00,0.00
22265.03,3337,2467264,0,0,110.81,1319,22264.49,0.00,0.00
22325.05,3359,2473840,0,0,110.81,1320,22305.18,0.00,0.00
22385.17,3360,2480382,0,0,110.80,1321,22375.49,0.00,0.00
22445.22,3360,2486880,0,0,110.80,1321,22375.49,0.00,0.00
22505.35,3360,2493696,0,0,110.80,1321,22375.49,0.00,0.00
22565.43,3378,2500128,0,0,110.79,1322,22562.03,0.00,0.00
22625.55,3378,2506760,0,0,110.79,1322,22562.03,0.00,0.00
22685.61,3378,2513524,0,0,110.80,1322,22562.03,0.00,0.00
22745.62,3378,2520146,0,0,110.80,1322,22562.03,0.00,0.00
22805.75,3378,2526346,0,0,110.78,1322,22562.03,0.00,0.00
22865.86,3378,2532826,0,0,110.77,1322,22562.03,0.00,0.00
22925.90,3378,2538694,0,0,110.73,1322,22562.03,0.00,0.00
22986.00,3394,2545065,0,0,110.72,1324,22975.63,0.00,0.00
23046.15,3404,2552048,0,0,110.74,1325,22986.35,0.00,0.00
23106.24,3404,2558544,0,0,110.73,1325,22986.35,0.00,0.00
23166.35,3405,2564951,0,0,110.72,1326,23146.19,0.00,0.00
23226.50,3405,2571782,0,0,110.73,1326,23146.19,0.00,0.00
23286.58,3405,2578641,0,0,110.74,1326,23146.19,0.00,0.00
23346.62,3406,2585383,0,0,110.74,1327,23303.38,0.00,0.00
23406.76,3423,2592030,0,0,110.74,1328,23351.77,0.00,0.00
23466.88,3423,2598709,0,0,110.74,1328,23351.77,0.00,0.00
23527.08,3429,2604781,0,0,110.71,1329,23491.57,0.00,0.00
23587.14,3435,2611185,0,0,110.70,1329,23573.14,0.00,0.00
23647.26,3435,2617732,0,0,110.70,1329,23573.14,0.00,0.00
23707.36,3435,2623935,0,0,110.68,1329,23573.14,0.00,0.00
23767.54,3435,2630362,0,0,110.67,1329,23573.14,0.00,0.00
23827.63,3435,2636718,0,0,110.66,1329,23573.14,0.00,0.00
23887.89,3435,2643037,0,0,110.64,1329,23573.14,0.00,0.00
23947.91,3435,2648712,0,0,110.60,1329,23573.14,0.00,0.00
24007.99,3435,2655470,0,0,110.61,1329,23573.14,0.00,0.00
24068.15,3435,2661906,0,0,110.60,1329,23573.14,0.00,0.00
24128.25,3435,2668269,0,0,110.59,1329,23573.14,0.00,0.00
24188.26,3435,2674889,0,0,110.59,1329,23573.14,0.00,0.00
24248.40,3435,2681527,0,0,110.59,1329,23573.14,0.00,0.00
24308.46,3435,2688225,0,0,110.59,1329,23573.14,0.00,0.00
24368.61,3436,2694879,0,0,110.59,1330,24336.72,0.00,0.00
24428.68,3436,2701420,0,0,110.58,1330,24336.72,0.00,0.00
24488.84,3436,2707939,0,0,110.58,1330,24336.72,0.00,0.00
24548.94,3436,2714097,0,0,110.56,1330,24336.72,0.00,0.00
24609.09,3438,2720774,0,0,110.56,1331,24592.05,0.00,0.00
24669.15,3441,2727501,0,0,110.56,1332,24616.15,0.00,0.00
24729.27,3441,2733745,0,0,110.55,1332,24616.15,0.00,0.00
24789.54,3441,2740074,0,0,110.53,1332,24616.15,0.00,0.00
24849.76,3441,2746669,0,0,110.53,1332,24616.15,0.00,0.00
24909.79,3442,2752934,0,0,110.52,1333,24863.23,0.00,0.00
24969.80,3490,2759327,0,0,110.51,1334,24947.51,0.00,0.00
25029.89,3490,2765469,0,0,110.49,1334,24947.51,0.00,0.00
25090.04,3493,2771565,0,0,110.46,1335,25074.38,0.00,0.00
25150.18,3505,2778055,0,0,110.46,1337,25137.95,0.00,0.00
25210.29,3531,2784381,0,0,110.45,1337,25154.45,0.00,0.00
25270.34,3531,2790807,0,0,110.44,1337,25154.45,0.00,0.00
25330.37,3532,2797451,0,0,110.44,1338,25306.10,0.00,0.00
25390.43,3532,2803863,0,0,110.43,1338,25306.10,0.00,0.00
25450.49,3532,2810529,0,0,110.43,1338,25306.10,0.00,0.00
25510.54,3532,2816699,0,0,110.41,1338,25306.10,0.00,0.00
25570.57,3532,2822881,0,0,110.40,1338,25306.10,0.00,0.00
25630.67,3532,2829441,0,0,110.39,1338,25306.10,0.00,0.00
25690.82,3532,2835791,0,0,110.38,1338,25306.10,0.00,0.00
25750.94,3532,2842545,0,0,110.39,1338,25306.10,0.00,0.00
25810.99,3533,2849181,0,0,110.39,1339,25764.13,0.00,0.00
25871.08,3534,2855865,0,0,110.39,1340,25816.73,0.00,0.00
25931.10,3534,2862339,0,0,110.38,1340,25816.73,0.00,0.00
25991.16,3534,2868987,0,0,110.38,1340,25816.73,0.00,0.00
26051.17,3535,2875553,0,0,110.38,1341,26029.78,0.00,0.00
26111.31,3541,2882271,0,0,110.38,1342,26096.07,0.00,0.00
26171.43,3542,2888517,0,0,110.37,1342,26146.62,0.00,0.00
26231.45,3546,2894803,0,0,110.36,1343,26191.95,0.00,0.00
26291.56,3546,2901099,0,0,110.34,1343,26191.95,0.00,0.00
26351.66,3557,2907443,0,0,110.33,1344,26328.66,0.00,0.00
26411.73,3557,2914021,0,0,110.33,1344,26328.66,0.00,0.00
26471.87,3557,2920839,0,0,110.34,1344,26328.66,0.00,0.00
26531.89,3558,2927279,0,0,110.33,1345,26489.40,0.00,0.00
26591.92,3558,2933681,0,0,110.32,1345,26489.40,0.00,0.00
26651.95,3558,2940279,0,0,110.32,1345,26489.40,0.00,0.00
26711.98,3565,2946813,0,0,110.32,1346,26696.05,0.00,0.00
26772.17,3574,2953137,0,0,110.31,1347,26760.56,0.00,0.00
26832.27,3575,2959619,0,0,110.30,1348,26799.05,0.00,0.00
26892.33,3575,2966301,0,0,110.30,1348,26799.05,0.00,0.00
26952.45,3575,2972937,0,0,110.30,1348,26799.05,0.00,0.00
27012.65,3575,2979105,0,0,110.29,1348,26799.05,0.00,0.00
27072.80,3575,2985539,0,0,110.28,1348,26799.05,0.00,0.00
27132.92,3577,2992243,0,0,110.28,1349,27115.32,0.00,0.00
27192.95,3578,2998647,0,0,110.27,1350,27186.30,0.00,0.00
27253.17,3590,3005291,0,0,110.27,1350,27214.96,0.00,0.00
27313.33,3590,3011543,0,0,110.26,1350,27214.96,0.00,0.00
27373.41,3599,3018213,0,0,110.26,1352,27332.08,0.00,0.00
27433.49,3599,3024755,0,0,110.26,1352,27332.08,0.00,0.00
27493.51,3599,3031581,0,0,110.27,1352,27332.08,0.00,0.00
27553.64,3600,3037821,0,0,110.25,1353,27522.93,0.00,0.00
27613.68,3632,3044415,0,0,110.25,1354,27600.38,0.00,0.00
27673.76,3632,3050843,0,0,110.24,1354,27600.38,0.00,0.00
27733.92,3632,3057401,0,0,110.24,1354,27600.38,0.00,0.00
27794.02,3632,3063673,0,0,110.23,1354,27600.38,0.00,0.00
27854.10,3645,3070225,0,0,110.23,1355,27844.49,0.00,0.00
27914.14,3645,3076609,0,0,110.22,1355,27844.49,0.00,0.00
27974.24,3645,3083151,0,0,110.21,1355,27844.49,0.00,0.00
28034.28,3645,3089537,0,0,110.21,1355,27844.49,0.00,0.00
28094.30,3645,3095937,0,0,110.20,1355,27844.49,0.00,0.00
28154.32,3645,3102687,0,0,110.20,1355,27844.49,0.00,0.00
28214.36,3645,3109453,0,0,110.21,1355,27844.49,0.00,0.00
28274.45,3645,3115771,0,0,110.20,1355,27844.49,0.00,0.00
28334.56,3645,3122451,0,0,110.20,1355,27844.49,0.00,0.00
28394.58,3645,3129139,0,0,110.20,1355,27844.49,0.00,0.00
28454.62,3645,3135227,0,0,110.18,1355,27844.49,0.00,0.00
28514.68,3654,3141691,0,0,110.18,1356,28490.15,0.00,0.00
28574.77,3654,3148355,0,0,110.18,1356,28490.15,0.00,0.00
28634.90,3654,3154853,0,0,110.18,1356,28490.15,0.00,0.00
28695.02,3667,3161795,0,0,110.19,1357,28641.72,0.00,0.00
28755.22,3667,3168251,0,0,110.18,1357,28641.72,0.00,0.00
28815.43,3667,3174721,0,0,110.17,1357,28641.72,0.00,0.00
28875.55,3667,3181427,0,0,110.18,1357,28641.72,0.00,0.00
28935.68,3668,3188149,0,0,110.18,1358,28934.03,0.00,0.00
28995.70,3668,3194829,0,0,110.18,1358,28934.03,0.00,0.00
29055.78,3672,3201365,0,0,110.18,1358,29035.02,0.00,0.00
29115.79,3672,3208135,0,0,110.19,1358,29035.02,0.00,0.00
29175.91,3672,3214611,0,0,110.18,1358,29035.02,0.00,0.00
29235.96,3672,3221501,0,0,110.19,1358,29035.02,0.00,0.00
29296.03,3672,3227981,0,0,110.18,1358,29035.02,0.00,0.00
29356.07,3672,3234611,0,0,110.19,1358,29035.02,0.00,0.00
29416.14,3672,3241573,0,0,110.20,1358,29035.02,0.00,0.00
29476.32,3672,3247633,0,0,110.18,1358,29035.02,0.00,0.00
29536.43,3672,3254285,0,0,110.18,1358,29035.02,0.00,0.00
29596.57,3674,3261005,0,0,110.18,1358,29584.79,0.00,0.00
29656.70,3674,3267001,0,0,110.16,1358,29584.79,0.00,0.00
29716.75,3674,3273525,0,0,110.16,1358,29584.79,0.00,0.00
29776.83,3674,3280563,0,0,110.17,1358,29584.79,0.00,0.00
29836.95,3675,3287271,0,0,110.17,1359,29822.31,0.00,0.00
29896.98,3675,3293791,0,0,110.17,1359,29822.31,0.00,0.00
29957.03,3675,3300605,0,0,110.18,1359,29822.31,0.00,0.00
30017.07,3675,3307177,0,0,110.18,1359,29822.31,0.00,0.00
30077.19,3675,3313559,0,0,110.17,1359,29822.31,0.00,0.00
30137.19,3675,3320371,0,0,110.18,1359,29822.31,0.00,0.00
30197.33,3675,3326811,0,0,110.17,1359,29822.31,0.00,0.00
30257.42,3675,3333607,0,0,110.17,1359,29822.31,0.00,0.00
30317.49,3744,3339997,0,0,110.17,1363,30314.89,0.00,0.00
30377.60,3767,3346673,0,0,110.17,1369,30361.31,0.00,0.00
30442.73,3832,3353323,0,0,110.15,1379,30428.10,0.00,0.00
30502.76,3833,3359731,0,0,110.15,1380,30442.74,0.00,0.00
30562.92,3833,3366307,0,0,110.14,1380,30442.74,0.00,0.00
30623.00,3835,3372547,0,0,110.13,1380,30576.15,0.00,0.00
30683.28,3835,3379435,0,0,110.14,1380,30576.15,0.00,0.00
30743.53,3840,3385891,0,0,110.13,1381,30733.22,0.00,0.00
30803.55,3841,3392347,0,0,110.13,1382,30746.33,0.00,0.00
30863.86,3845,3398563,0,0,110.11,1384,30845.96,0.00,0.00
30923.97,3845,3404827,0,0,110.10,1384,30845.96,0.00,0.00
30984.22,3845,3411475,0,0,110.10,1384,30845.96,0.00,0.00
31044.58,3870,3417979,0,0,110.10,1386,31032.54,0.00,0.00
31105.12,3873,3425011,0,0,110.11,1387,31086.65,0.00,0.00
31165.17,3874,3431635,0,0,110.11,1388,31118.54,0.00,0.00
31225.41,3874,3437731,0,0,110.09,1388,31118.54,0.00,0.00
31285.42,3874,3444331,0,0,110.09,1388,31118.54,0.00,0.00
31345.81,3874,3450787,0,0,110.09,1388,31118.54,0.00,0.00
31406.02,3874,3457387,0,0,110.09,1388,31118.54,0.00,0.00
31466.03,3874,3463651,0,0,110.08,1388,31118.54,0.00,0.00
31526.20,3874,3470323,0,0,110.08,1388,31118.54,0.00,0.00
31586.48,3874,3477067,0,0,110.08,1388,31118.54,0.00,0.00
31646.71,3874,3483955,0,0,110.09,1388,31118.54,0.00,0.00
31706.81,3874,3490651,0,0,110.09,1388,31118.54,0.00,0.00
31766.98,3876,3497251,0,0,110.09,1389,31722.11,0.00,0.00
31827.18,3876,3503611,0,0,110.08,1389,31722.11,0.00,0.00
31887.60,3876,3509875,0,0,110.07,1389,31722.11,0.00,0.00
31947.72,3876,3516643,0,0,110.07,1389,31722.11,0.00,0.00
32007.99,3876,3523099,0,0,110.07,1389,31722.11,0.00,0.00
32068.02,3876,3529651,0,0,110.07,1389,31722.11,0.00,0.00
32128.28,3877,3536755,0,0,110.08,1390,32083.61,0.00,0.00
32188.37,3878,3543403,0,0,110.08,1391,32144.29,0.00,0.00
32248.49,3878,3550147,0,0,110.09,1391,32144.29,0.00,0.00
32308.86,3878,3556435,0,0,110.08,1391,32144.29,0.00,0.00
32369.26,3889,3562963,0,0,110.07,1391,32328.64,0.00,0.00
32429.39,3889,3569395,0,0,110.07,1391,32328.64,0.00,0.00
32489.39,3889,3576091,0,0,110.07,1391,32328.64,0.00,0.00
32549.57,3892,3582499,0,0,110.06,1391,32541.88,0.00,0.00
32609.69,3892,3588427,0,0,110.04,1391,32541.88,0.00,0.00
32670.04,3892,3595579,0,0,110.06,1391,32541.88,0.00,0.00
32730.18,3892,3601915,0,0,110.05,1391,32541.88,0.00,0.00
32790.19,3892,3608419,0,0,110.05,1391,32541.88,0.00,0.00
32850.33,3892,3614587,0,0,110.03,1391,32541.88,0.00,0.00
32910.60,3892,3621139,0,0,110.03,1391,32541.88,0.00,0.00
32970.69,3892,3627571,0,0,110.02,1391,32541.88,0.00,0.00
33030.95,3892,3634387,0,0,110.03,1391,32541.88,0.00,0.00
33090.96,3892,3639907,0,0,110.00,1391,32541.88,0.00,0.00
33150.97,3892,3646459,0,0,110.00,1391,32541.88,0.00,0.00
33211.29,3892,3652939,0,0,109.99,1391,32541.88,0.00,0.00
33271.73,3892,3659491,0,0,109.99,1391,32541.88,0.00,0.00
33332.06,3897,3665899,0,0,109.98,1392,33320.95,0.00,0.00
33392.27,3897,3672187,0,0,109.97,1392,33320.95,0.00,0.00
33452.46,3897,3678451,0,0,109.96,1392,33320.95,0.00,0.00
33512.96,3897,3685075,0,0,109.96,1392,33320.95,0.00,0.00
33573.05,3897,3691387,0,0,109.95,1392,33320.95,0.00,0.00
33633.16,3897,3697819,0,0,109.95,1392,33320.95,0.00,0.00
33693.44,3906,3704275,0,0,109.94,1393,33655.81,0.00,0.00
33753.47,3906,3710491,0,0,109.93,1393,33655.81,0.00,0.00
33813.56,3906,3716923,0,0,109.92,1393,33655.81,0.00,0.00
33873.65,3906,3723355,0,0,109.92,1393,33655.81,0.00,0.00
33933.96,3906,3730363,0,0,109.93,1393,33655.81,0.00,0.00
33994.34,3906,3737059,0,0,109.93,1393,33655.81,0.00,0.00
34054.66,3906,3743683,0,0,109.93,1393,33655.81,0.00,0.00
34114.95,3906,3750091,0,0,109.93,1393,33655.81,0.00,0.00
34175.16,3906,3756763,0,0,109.93,1393,33655.81,0.00,0.00
34235.22,3906,3763195,0,0,109.92,1393,33655.81,0.00,0.00
34295.42,3906,3769531,0,0,109.91,1393,33655.81,0.00,0.00
34355.72,3906,3776059,0,0,109.91,1393,33655.81,0.00,0.00
34416.05,3906,3782323,0,0,109.90,1393,33655.81,0.00,0.00
34476.35,3906,3789043,0,0,109.90,1393,33655.81,0.00,0.00
34536.40,3910,3795667,0,0,109.90,1394,34494.08,0.00,0.00
34596.73,3910,3801715,0,0,109.89,1394,34494.08,0.00,0.00
34657.10,3910,3808387,0,0,109.89,1394,34494.08,0.00,0.00
34717.64,3910,3814459,0,0,109.87,1394,34494.08,0.00,0.00
34777.96,3910,3820987,0,0,109.87,1394,34494.08,0.00,0.00
34838.19,3910,3828043,0,0,109.88,1394,34494.08,0.00,0.00
34898.28,3914,3834835,0,0,109.89,1394,34872.58,0.00,0.00
34958.37,3914,3841795,0,0,109.90,1394,34872.58,0.00,0.00
35018.39,3921,3848707,0,0,109.91,1395,34989.19,0.00,0.00
35078.78,3922,3855067,0,0,109.90,1396,35034.67,0.00,0.00
35139.06,3922,3861907,0,0,109.90,1396,35034.67,0.00,0.00
35199.36,3922,3868003,0,0,109.89,1396,35034.67,0.00,0.00
35259.78,3922,3874243,0,0,109.88,1396,35034.67,0.00,0.00
35319.86,3922,3880699,0,0,109.87,1396,35034.67,0.00,0.00
35380.13,3922,3887683,0,0,109.88,1396,35034.67,0.00,0.00
35440.41,3940,3893997,0,0,109.87,1397,35413.81,0.00,0.00
35500.68,3940,3900514,0,0,109.87,1397,35413.81,0.00,0.00
35560.91,3940,3907044,0,0,109.87,1397,35413.81,0.00,0.00
35621.11,3942,3913556,0,0,109.87,1398,35572.01,0.00,0.00
35681.27,3942,3919904,0,0,109.86,1398,35572.01,0.00,0.00
35741.38,3942,3926568,0,0,109.86,1398,35572.01,0.00,0.00
35801.42,3942,3932521,0,0,109.84,1398,35572.01,0.00,0.00
35861.60,3942,3938625,0,0,109.83,1398,35572.01,0.00,0.00
35921.88,3942,3945091,0,0,109.82,1398,35572.01,0.00,0.00
35981.90,3942,3951341,0,0,109.81,1398,35572.01,0.00,0.00
36042.04,3942,3957657,0,0,109.81,1398,35572.01,0.00,0.00
36102.24,3943,3964140,0,0,109.80,1399,36081.53,0.00,0.00
36162.25,3943,3970788,0,0,109.80,1399,36081.53,0.00,0.00
36222.35,3943,3977569,0,0,109.81,1399,36081.53,0.00,0.00
36282.46,3943,3984183,0,0,109.81,1399,36081.53,0.00,0.00
36342.62,3943,3990681,0,0,109.81,1399,36081.53,0.00,0.00
36402.85,3943,3997196,0,0,109.80,1399,36081.53,0.00,0.00
36463.08,3944,4003794,0,0,109.80,1400,36438.98,0.00,0.00
36523.33,3945,4010061,0,0,109.79,1401,36491.20,0.00,0.00
36583.43,3945,4016378,0,0,109.79,1401,36491.20,0.00,0.00
36643.69,3945,4022974,0,0,109.79,1401,36491.20,0.00,0.00
36703.77,3945,4028977,0,0,109.77,1401,36491.20,0.00,0.00
36763.83,3945,4035211,0,0,109.76,1401,36491.20,0.00,0.00
36823.85,3945,4041461,0,0,109.75,1401,36491.20,0.00,0.00
36884.07,3945,4048191,0,0,109.75,1401,36491.20,0.00,0.00
36944.21,3945,4054790,0,0,109.75,1401,36491.20,0.00,0.00
37004.57,3948,4061056,0,0,109.74,1403,36949.71,0.00,0.00
37064.87,3948,4067191,0,0,109.73,1403,36949.71,0.00,0.00
37124.95,3949,4074136,0,0,109.74,1404,37086.36,0.00,0.00
37184.97,3949,4080982,0,0,109.75,1404,37086.36,0.00,0.00
37245.40,3949,4087679,0,0,109.75,1404,37086.36,0.00,0.00
37305.57,3949,4094227,0,0,109.75,1404,37086.36,0.00,0.00
37365.74,3951,4100808,0,0,109.75,1405,37337.21,0.00,0.00
37425.82,3951,4107042,0,0,109.74,1405,37337.21,0.00,0.00
37486.02,3953,4113572,0,0,109.74,1406,37469.07,0.00,0.00
37546.10,3953,4120152,0,0,109.74,1406,37469.07,0.00,0.00
37606.12,3953,4126733,0,0,109.74,1406,37469.07,0.00,0.00
37666.24,3953,4133778,0,0,109.75,1406,37469.07,0.00,0.00
37726.25,3953,4140361,0,0,109.75,1406,37469.07,0.00,0.00
37786.49,3953,4147008,0,0,109.75,1406,37469.07,0.00,0.00
37846.69,3953,4154036,0,0,109.76,1406,37469.07,0.00,0.00
37906.72,3953,4161031,0,0,109.77,1406,37469.07,0.00,0.00
37966.83,3953,4167693,0,0,109.77,1406,37469.07,0.00,0.00
38026.83,3953,4174622,0,0,109.78,1406,37469.07,0.00,0.00
38086.95,3953,4181403,0,0,109.79,1406,37469.07,0.00,0.00
38147.09,3953,4188168,0,0,109.79,1406,37469.07,0.00,0.00
38207.23,3953,4194816,0,0,109.79,1406,37469.07,0.00,0.00
38267.49,3953,4201414,0,0,109.79,1406,37469.07,0.00,0.00
38327.60,3971,4207897,0,0,109.79,1406,38325.36,0.00,0.00
38387.72,3971,4214827,0,0,109.80,1406,38325.36,0.00,0.00
38447.77,3971,4221261,0,0,109.79,1406,38325.36,0.00,0.00
38507.98,3971,4227809,0,0,109.79,1406,38325.36,0.00,0.00
38568.07,3971,4234425,0,0,109.79,1406,38325.36,0.00,0.00
38628.25,3971,4241040,0,0,109.79,1406,38325.36,0.00,0.00
38688.37,3971,4247687,0,0,109.79,1406,38325.36,0.00,0.00
38748.44,3975,4254054,0,0,109.79,1407,38725.20,0.00,0.00
38808.54,3975,4260617,0,0,109.79,1407,38725.20,0.00,0.00
38868.71,3975,4267381,0,0,109.79,1407,38725.20,0.00,0.00
38928.76,3975,4273829,0,0,109.79,1407,38725.20,0.00,0.00
38989.00,3975,4280692,0,0,109.79,1407,38725.20,0.00,0.00
39049.04,3975,4287125,0,0,109.79,1407,38725.20,0.00,0.00
39109.30,3975,4293857,0,0,109.79,1407,38725.20,0.00,0.00
39169.35,3977,4300769,0,0,109.80,1408,39134.14,0.00,0.00
39229.38,3977,4307682,0,0,109.81,1408,39134.14,0.00,0.00
39289.59,3983,4314129,0,0,109.80,1409,39242.93,0.00,0.00
39349.81,3984,4320528,0,0,109.80,1410,39344.05,0.00,0.00
39409.89,3984,4327027,0,0,109.80,1410,39344.05,0.00,0.00
39470.04,3984,4332880,0,0,109.78,1410,39344.05,0.00,0.00
39530.32,3984,4339015,0,0,109.76,1410,39344.05,0.00,0.00
39590.46,3984,4345597,0,0,109.76,1410,39344.05,0.00,0.00
39650.57,3984,4352328,0,0,109.77,1410,39344.05,0.00,0.00
39710.65,3984,4359258,0,0,109.78,1410,39344.05,0.00,0.00
39770.88,3984,4365574,0,0,109.77,1410,39344.05,0.00,0.00
39831.09,3984,4372255,0,0,109.77,1410,39344.05,0.00,0.00
39891.23,3984,4378871,0,0,109.77,1410,39344.05,0.00,0.00
39951.30,3984,4385586,0,0,109.77,1410,39344.05,0.00,0.00
40011.51,3984,4392266,0,0,109.78,1410,39344.05,0.00,0.00
40071.61,3984,4398766,0,0,109.77,1410,39344.05,0.00,0.00
40131.73,3984,4405447,0,0,109.77,1410,39344.05,0.00,0.00
40191.88,3984,4411731,0,0,109.77,1410,39344.05,0.00,0.00
40252.16,3984,4418328,0,0,109.77,1410,39344.05,0.00,0.00
40312.27,4015,4425092,0,0,109.77,1411,40274.70,0.00,0.00
40372.53,4016,4431722,0,0,109.77,1411,40337.62,0.00,0.00
40432.73,4016,4438568,0,0,109.78,1411,40337.62,0.00,0.00
40493.01,4019,4445149,0,0,109.78,1412,40438.20,0.00,0.00
40553.16,4019,4451864,0,0,109.78,1412,40438.20,0.00,0.00
40613.44,4019,4458261,0,0,109.77,1412,40438.20,0.00,0.00
40673.49,4020,4464843,0,0,109.77,1412,40624.99,0.00,0.00
40733.78,4020,4471325,0,0,109.77,1412,40624.99,0.00,0.00
40793.79,4025,4478070,0,0,109.77,1413,40739.25,0.00,0.00
40854.16,4025,4484635,0,0,109.77,1413,40739.25,0.00,0.00
40914.32,4025,4490952,0,0,109.76,1413,40739.25,0.00,0.00
40974.37,4025,4497334,0,0,109.76,1413,40739.25,0.00,0.00
41034.51,4025,4503835,0,0,109.76,1413,40739.25,0.00,0.00
41094.62,4025,4510037,0,0,109.75,1413,40739.25,0.00,0.00
41154.64,4025,4516649,0,0,109.75,1413,40739.25,0.00,0.00
41214.72,4025,4523496,0,0,109.75,1413,40739.25,0.00,0.00
41274.79,4026,4530294,0,0,109.76,1414,41225.21,0.00,0.00
41334.87,4026,4537257,0,0,109.77,1414,41225.21,0.00,0.00
41394.98,4026,4543540,0,0,109.76,1414,41225.21,0.00,0.00
41455.06,4026,4550154,0,0,109.76,1414,41225.21,0.00,0.00
41515.13,4026,4556704,0,0,109.76,1414,41225.21,0.00,0.00
41575.38,4026,4563535,0,0,109.77,1414,41225.21,0.00,0.00
41635.54,4026,4569802,0,0,109.76,1414,41225.21,0.00,0.00
41695.62,4026,4576434,0,0,109.76,1414,41225.21,0.00,0.00
41755.76,4032,4582884,0,0,109.75,1414,41722.22,0.00,0.00
41815.90,4032,4589318,0,0,109.75,1414,41722.22,0.00,0.00
41875.92,4032,4595735,0,0,109.75,1414,41722.22,0.00,0.00
41936.07,4032,4602582,0,0,109.75,1414,41722.22,0.00,0.00
41996.11,4032,4609132,0,0,109.75,1414,41722.22,0.00,0.00
42056.27,4032,4615366,0,0,109.74,1414,41722.22,0.00,0.00
42116.38,4038,4621716,0,0,109.74,1415,42101.75,0.00,0.00
42181.47,4150,4628864,0,0,109.74,1424,42180.14,0.00,0.00
42241.62,4212,4635413,0,0,109.74,1436,42240.79,0.00,0.00
42301.68,4258,4642156,0,0,109.74,1443,42287.70,0.00,0.00
42361.93,4274,4648599,0,0,109.74,1449,42355.30,0.00,0.00
42422.06,4282,4655348,0,0,109.74,1455,42400.89,0.00,0.00
42482.36,4290,4661825,0,0,109.74,1457,42479.44,0.00,0.00
42542.48,4310,4668574,0,0,109.74,1462,42535.35,0.00,0.00
42602.76,4314,4675136,0,0,109.74,1465,42596.97,0.00,0.00
42662.98,4323,4681596,0,0,109.73,1468,42636.08,0.00,0.00
42723.05,4350,4688081,0,0,109.73,1479,42719.18,0.00,0.00
42783.20,4369,4694389,0,0,109.73,1487,42770.41,0.00,0.00
42843.25,4380,4700852,0,0,109.72,1491,42836.64,0.00,0.00
42903.59,4382,4707167,0,0,109.71,1492,42855.72,0.00,0.00
42963.79,4392,4714085,0,0,109.72,1497,42957.22,0.00,0.00
43024.03,4392,4720722,0,0,109.72,1497,42957.22,0.00,0.00
43084.17,4409,4727343,0,0,109.72,1501,43063.14,0.00,0.00
43144.30,4419,4733967,0,0,109.72,1502,43132.35,0.00,0.00
43204.33,4419,4740521,0,0,109.72,1502,43132.35,0.00,0.00
43264.60,4420,4746797,0,0,109.72,1503,43236.03,0.00,0.00
43324.68,4454,4753439,0,0,109.72,1512,43323.05,0.00,0.00
43384.73,4463,4760418,0,0,109.73,1516,43364.03,0.00,0.00
43444.95,4467,4766762,0,0,109.72,1519,43424.91,0.00,0.00
43505.12,4480,4773751,0,0,109.73,1522,43492.81,0.00,0.00
43565.33,4484,4780527,0,0,109.73,1524,43524.15,0.00,0.00
43625.44,4484,4786958,0,0,109.73,1524,43524.15,0.00,0.00
43685.57,4485,4793831,0,0,109.73,1525,43675.36,0.00,0.00
43745.62,4485,4800220,0,0,109.73,1525,43675.36,0.00,0.00
43805.79,4485,4806970,0,0,109.73,1525,43675.36,0.00,0.00
43865.86,4486,4813501,0,0,109.73,1526,43809.81,0.00,0.00
43925.97,4486,4819790,0,0,109.73,1526,43809.81,0.00,0.00
43986.06,4495,4826118,0,0,109.72,1526,43948.76,0.00,0.00
44046.24,4503,4832794,0,0,109.72,1527,44008.22,0.00,0.00
44106.25,4503,4839383,0,0,109.72,1527,44008.22,0.00,0.00
44166.39,4504,4846169,0,0,109.73,1528,44163.21,0.00,0.00
44226.44,4510,4852784,0,0,109.73,1529,44169.02,0.00,0.00
44286.59,4517,4859428,0,0,109.73,1532,44269.78,0.00,0.00
44346.60,4534,4865822,0,0,109.72,1534,44341.43,0.00,0.00
44406.64,4538,4872442,0,0,109.72,1535,44350.88,0.00,0.00
44466.76,4538,4878986,0,0,109.72,1535,44350.88,0.00,0.00
44526.94,4543,4885320,0,0,109.72,1537,44512.29,0.00,0.00
44587.05,4544,4891672,0,0,109.71,1538,44586.95,0.00,0.00
44647.10,4547,4898052,0,0,109.71,1539,44610.42,0.00,0.00
44707.17,4559,4904536,0,0,109.70,1539,44680.61,0.00,0.00
44767.21,4563,4911172,0,0,109.70,1540,44737.23,0.00,0.00
44827.48,4566,4917242,0,0,109.69,1542,44823.49,0.00,0.00
44887.62,4566,4923272,0,0,109.68,1542,44823.49,0.00,0.00
44947.85,4569,4929862,0,0,109.68,1543,44905.85,0.00,0.00
45007.94,4580,4936008,0,0,109.67,1544,44994.07,0.00,0.00
45068.09,4580,4942166,0,0,109.66,1544,44994.07,0.00,0.00
45128.23,4583,4948918,0,0,109.66,1545,45075.72,0.00,0.00
45188.49,4586,4955908,0,0,109.67,1546,45136.06,0.00,0.00
45248.65,4588,4962690,0,0,109.68,1548,45225.29,0.00,0.00
45308.92,4588,4969204,0,0,109.67,1548,45225.29,0.00,0.00
45369.15,4594,4975882,0,0,109.68,1550,45339.85,0.00,0.00
45429.18,4594,4982666,0,0,109.68,1550,45339.85,0.00,0.00
45489.26,4594,4989002,0,0,109.67,1550,45339.85,0.00,0.00
45549.42,4596,4995604,0,0,109.67,1551,45503.21,0.00,0.00
45609.43,4597,5002180,0,0,109.67,1552,45598.34,0.00,0.00
45669.57,4603,5008904,0,0,109.68,1555,45666.15,0.00,0.00
45729.61,4606,5015462,0,0,109.68,1556,45703.89,0.00,0.00
45789.69,4606,5021752,0,0,109.67,1556,45703.89,0.00,0.00
45849.74,4611,5028460,0,0,109.67,1558,45838.58,0.00,0.00
45909.75,4612,5034858,0,0,109.67,1559,45854.89,0.00,0.00
45969.76,4612,5041344,0,0,109.67,1559,45854.89,0.00,0.00
46029.83,4612,5048006,0,0,109.67,1559,45854.89,0.00,0.00
46089.86,4629,5054566,0,0,109.67,1561,46060.14,0.00,0.00
46150.10,4630,5060758,0,0,109.66,1561,46123.33,0.00,0.00
46210.24,4630,5067170,0,0,109.65,1561,46123.33,0.00,0.00
46270.24,4630,5073518,0,0,109.65,1561,46123.33,0.00,0.00
46330.42,4660,5079943,0,0,109.65,1565,46329.01,0.00,0.00
46390.62,4666,5086791,0,0,109.65,1568,46385.46,0.00,0.00
46450.74,4669,5093023,0,0,109.64,1569,46396.64,0.00,0.00
46510.81,4674,5099607,0,0,109.64,1571,46495.55,0.00,0.00
46570.99,4674,5105711,0,0,109.63,1571,46495.55,0.00,0.00
46631.16,4679,5112563,0,0,109.64,1572,46617.50,0.00,0.00
46691.39,4681,5118823,0,0,109.63,1574,46687.41,0.00,0.00
46751.61,4683,5125715,0,0,109.64,1575,46714.39,0.00,0.00
46811.68,4683,5132095,0,0,109.63,1575,46714.39,0.00,0.00
46871.77,4683,5138483,0,0,109.63,1575,46714.39,0.00,0.00
46931.94,4684,5145227,0,0,109.63,1576,46918.96,0.00,0.00
46992.17,4747,5151659,0,0,109.63,1579,46942.57,0.00,0.00
47052.32,4751,5158191,0,0,109.63,1579,47028.15,0.00,0.00
47112.89,4760,5164379,0,0,109.62,1580,47111.83,0.00,0.00
47172.95,4769,5171081,0,0,109.62,1586,47166.65,0.00,0.00
47233.07,4770,5177417,0,0,109.61,1587,47215.69,0.00,0.00
47293.11,4774,5183857,0,0,109.61,1590,47269.08,0.00,0.00
47353.25,4774,5190489,0,0,109.61,1590,47269.08,0.00,0.00
47413.46,4780,5196989,0,0,109.61,1592,47363.09,0.00,0.00
47473.56,4784,5203209,0,0,109.60,1593,47461.80,0.00,0.00
47533.67,4791,5209663,0,0,109.60,1595,47529.26,0.00,0.00
47593.84,4793,5216431,0,0,109.60,1597,47541.75,0.00,0.00
47653.88,4793,5223049,0,0,109.60,1597,47541.75,0.00,0.00
47714.12,4793,5229269,0,0,109.60,1597,47541.75,0.00,0.00
47774.17,4794,5235977,0,0,109.60,1598,47737.57,0.00,0.00
47834.37,4794,5242535,0,0,109.60,1598,47737.57,0.00,0.00
47894.37,4794,5249257,0,0,109.60,1598,47737.57,0.00,0.00
47954.57,4795,5255771,0,0,109.60,1599,47912.58,0.00,0.00
48014.73,4795,5262405,0,0,109.60,1599,47912.58,0.00,0.00
48075.10,4795,5268671,0,0,109.59,1599,47912.58,0.00,0.00
48135.21,4796,5274797,0,0,109.58,1600,48076.01,0.00,0.00
48195.46,4805,5281461,0,0,109.58,1601,48146.13,0.00,0.00
48255.48,4819,5287823,0,0,109.58,1602,48239.72,0.00,0.00
48315.62,4819,5294367,0,0,109.58,1602,48239.72,0.00,0.00
48375.67,4820,5300567,0,0,109.57,1603,48343.92,0.00,0.00
48435.79,4821,5306741,0,0,109.56,1604,48393.29,0.00,0.00
48496.04,4824,5313701,0,0,109.57,1605,48451.52,0.00,0.00
48556.25,4824,5320293,0,0,109.57,1605,48451.52,0.00,0.00
48616.41,4824,5326425,0,0,109.56,1605,48451.52,0.00,0.00
48676.53,4824,5332897,0,0,109.56,1605,48451.52,0.00,0.00
48736.55,4824,5339175,0,0,109.55,1605,48451.52,0.00,0.00
48796.64,4824,5345375,0,0,109.54,1605,48451.52,0.00,0.00
48856.82,4831,5351685,0,0,109.54,1606,48831.47,0.00,0.00
48917.00,4831,5358095,0,0,109.53,1606,48831.47,0.00,0.00
48977.07,4831,5364383,0,0,109.53,1606,48831.47,0.00,0.00
49037.07,4831,5370539,0,0,109.52,1606,48831.47,0.00,0.00
49097.21,4831,5377207,0,0,109.52,1606,48831.47,0.00,0.00
49157.45,4831,5383737,0,0,109.52,1606,48831.47,0.00,0.00
49217.69,4832,5390431,0,0,109.52,1607,49170.56,0.00,0.00
49277.75,4832,5397063,0,0,109.52,1607,49170.56,0.00,0.00
49337.90,4832,5403327,0,0,109.52,1607,49170.56,0.00,0.00
49397.92,4832,5409919,0,0,109.52,1607,49170.56,0.00,0.00
49457.99,4832,5416729,0,0,109.52,1607,49170.56,0.00,0.00
49518.22,4832,5423333,0,0,109.52,1607,49170.56,0.00,0.00
49578.38,4833,5430145,0,0,109.53,1608,49578.04,0.00,0.00
49638.55,4833,5436665,0,0,109.53,1608,49578.04,0.00,0.00
49698.64,4833,5443239,0,0,109.52,1608,49578.04,0.00,0.00
49758.70,4838,5449739,0,0,109.52,1610,49752.45,0.00,0.00
49818.76,4838,5455985,0,0,109.52,1610,49752.45,0.00,0.00
49878.94,4838,5462663,0,0,109.52,1610,49752.45,0.00,0.00
49939.16,4838,5468925,0,0,109.51,1610,49752.45,0.00,0.00
49999.32,4838,5475185,0,0,109.51,1610,49752.45,0.00,0.00
50059.45,4839,5481623,0,0,109.50,1611,50001.95,0.00,0.00
50119.49,4853,5488093,0,0,109.50,1612,50109.31,0.00,0.00
50179.74,4853,5494889,0,0,109.50,1612,50109.31,0.00,0.00
50239.96,4853,5501537,0,0,109.51,1612,50109.31,0.00,0.00
50300.19,4854,5508365,0,0,109.51,1613,50265.64,0.00,0.00
50360.40,4855,5514849,0,0,109.51,1614,50331.72,0.00,0.00
50420.41,4855,5521661,0,0,109.51,1614,50331.72,0.00,0.00
50480.58,4855,5528607,0,0,109.52,1614,50331.72,0.00,0.00
50540.73,4855,5535257,0,0,109.52,1614,50331.72,0.00,0.00
50600.88,4855,5541739,0,0,109.52,1614,50331.72,0.00,0.00
50660.95,4855,5548133,0,0,109.51,1614,50331.72,0.00,0.00
50721.18,4855,5554705,0,0,109.51,1614,50331.72,0.00,0.00
50781.19,4855,5561561,0,0,109.52,1614,50331.72,0.00,0.00
50841.37,4855,5568135,0,0,109.52,1614,50331.72,0.00,0.00
50901.55,4859,5574723,0,0,109.52,1615,50878.11,0.00,0.00
50961.73,4920,5581088,0,0,109.52,1629,50957.35,0.00,0.00
51021.91,4920,5587284,0,0,109.51,1629,50957.35,0.00,0.00
51082.05,4922,5593988,0,0,109.51,1629,51061.02,0.00,0.00
51142.16,4922,5600454,0,0,109.51,1629,51061.02,0.00,0.00
51202.34,4922,5606894,0,0,109.50,1629,51061.02,0.00,0.00
51262.40,4927,5613546,0,0,109.51,1630,51221.42,0.00,0.00
51322.60,4927,5620380,0,0,109.51,1630,51221.42,0.00,0.00
51382.99,4933,5626938,0,0,109.51,1631,51374.06,0.00,0.00
51443.14,4934,5633502,0,0,109.51,1632,51397.75,0.00,0.00
51503.22,4935,5640000,0,0,109.51,1633,51459.78,0.00,0.00
51563.32,4936,5646202,0,0,109.50,1634,51509.64,0.00,0.00
51623.33,4938,5652610,0,0,109.50,1636,51602.38,0.00,0.00
51683.38,4938,5658780,0,0,109.49,1636,51602.38,0.00,0.00
51743.43,4939,5665282,0,0,109.49,1636,51724.63,0.00,0.00
51803.53,4939,5671784,0,0,109.49,1636,51724.63,0.00,0.00
51863.63,4939,5678154,0,0,109.48,1636,51724.63,0.00,0.00
51923.74,4939,5684750,0,0,109.48,1636,51724.63,0.00,0.00
51983.88,4940,5691558,0,0,109.49,1637,51970.14,0.00,0.00
52044.02,4940,5698226,0,0,109.49,1637,51970.14,0.00,0.00
52104.04,4940,5704868,0,0,109.49,1637,51970.14,0.00,0.00
52164.15,4940,5711422,0,0,109.49,1637,51970.14,0.00,0.00
52224.34,4940,5718224,0,0,109.49,1637,51970.14,0.00,0.00
52284.54,4940,5724378,0,0,109.49,1637,51970.14,0.00,0.00
52344.69,4940,5731222,0,0,109.49,1637,51970.14,0.00,0.00
52405.04,4942,5737656,0,0,109.49,1638,52350.18,0.00,0.00
52465.21,4943,5744210,0,0,109.49,1639,52437.76,0.00,0.00
52525.22,4943,5750452,0,0,109.48,1639,52437.76,0.00,0.00
52585.31,4943,5756928,0,0,109.48,1639,52437.76,0.00,0.00
52645.41,4943,5763564,0,0,109.48,1639,52437.76,0.00,0.00
52705.53,4943,5770242,0,0,109.48,1639,52437.76,0.00,0.00
52765.61,4943,5777034,0,0,109.48,1639,52437.76,0.00,0.00
52825.63,4943,5783780,0,0,109.49,1639,52437.76,0.00,0.00
52885.76,4943,5790608,0,0,109.49,1639,52437.76,0.00,0.00
52945.85,4943,5797090,0,0,109.49,1639,52437.76,0.00,0.00
53005.88,4946,5803612,0,0,109.49,1641,52963.49,0.00,0.00
53065.96,4946,5810368,0,0,109.49,1641,52963.49,0.00,0.00
53125.98,4947,5816886,0,0,109.49,1642,53072.29,0.00,0.00
53186.07,4947,5823290,0,0,109.49,1642,53072.29,0.00,0.00
53246.29,4948,5829626,0,0,109.48,1643,53208.40,0.00,0.00
53306.32,4948,5836124,0,0,109.48,1643,53208.40,0.00,0.00
53366.48,4949,5842512,0,0,109.48,1644,53327.69,0.00,0.00
53426.60,4949,5849434,0,0,109.49,1644,53327.69,0.00,0.00
53486.61,4954,5856304,0,0,109.49,1646,53455.79,0.00,0.00
53546.62,4954,5863190,0,0,109.50,1646,53455.79,0.00,0.00
53606.74,4954,5869756,0,0,109.50,1646,53455.79,0.00,0.00
53666.86,4955,5876138,0,0,109.49,1647,53610.06,0.00,0.00
53727.05,4955,5882780,0,0,109.49,1647,53610.06,0.00,0.00
53787.11,4955,5889520,0,0,109.50,1647,53610.06,0.00,0.00
53847.41,4955,5895950,0,0,109.49,1647,53610.06,0.00,0.00
53907.51,4955,5902520,0,0,109.49,1647,53610.06,0.00,0.00
53967.72,4958,5909380,0,0,109.50,1647,53944.67,0.00,0.00
54027.74,4958,5916146,0,0,109.50,1647,53944.67,0.00,0.00
54087.80,4958,5922856,0,0,109.50,1647,53944.67,0.00,0.00
54147.87,4958,5929264,0,0,109.50,1647,53944.67,0.00,0.00
54207.95,4958,5936066,0,0,109.51,1647,53944.67,0.00,0.00
54268.03,4958,5943102,0,0,109.51,1647,53944.67,0.00,0.00
54328.18,4958,5949474,0,0,109.51,1647,53944.67,0.00,0.00
54388.34,4961,5956094,0,0,109.51,1648,54383.54,0.00,0.00
54448.39,4961,5962426,0,0,109.51,1648,54383.54,0.00,0.00
54508.60,4961,5969046,0,0,109.51,1648,54383.54,0.00,0.00
54568.67,4961,5975552,0,0,109.51,1648,54383.54,0.00,0.00
54628.87,4961,5981956,0,0,109.50,1648,54383.54,0.00,0.00
54688.90,4961,5988630,0,0,109.50,1648,54383.54,0.00,0.00
54749.19,4961,5995526,0,0,109.51,1648,54383.54,0.00,0.00
54809.35,4961,6002224,0,0,109.51,1648,54383.54,0.00,0.00
54869.43,4961,6008778,0,0,109.51,1648,54383.54,0.00,0.00
54929.55,4962,6015186,0,0,109.51,1649,54891.46,0.00,0.00
54989.55,4966,6021646,0,0,109.51,1650,54932.77,0.00,0.00
55049.76,4966,6028206,0,0,109.50,1650,54932.77,0.00,0.00
55109.84,4966,6035020,0,0,109.51,1650,54932.77,0.00,0.00
55169.98,4967,6041832,0,0,109.51,1651,55155.25,0.00,0.00
55230.10,4967,6048174,0,0,109.51,1651,55155.25,0.00,0.00
55290.31,4967,6054774,0,0,109.51,1651,55155.25,0.00,0.00
55350.59,4971,6061526,0,0,109.51,1652,55337.12,0.00,0.00
55410.62,4972,6068256,0,0,109.51,1653,55399.00,0.00,0.00
55470.80,4972,6074592,0,0,109.51,1653,55399.00,0.00,0.00
55530.93,4972,6081374,0,0,109.51,1653,55399.00,0.00,0.00
55591.12,4972,6088062,0,0,109.52,1653,55399.00,0.00,0.00
55651.27,4972,6094512,0,0,109.51,1653,55399.00,0.00,0.00
55711.30,4972,6101004,0,0,109.51,1653,55399.00,0.00,0.00
55771.33,5063,6107144,0,0,109.50,1655,55753.03,0.00,0.00
55831.53,5071,6113224,0,0,109.49,1657,55775.83,0.00,0.00
55891.66,5078,6119776,0,0,109.49,1661,55872.15,0.00,0.00
55951.72,5085,6126368,0,0,109.49,1662,55945.36,0.00,0.00
56011.74,5093,6132688,0,0,109.49,1664,56002.30,0.00,0.00
56071.99,5093,6139104,0,0,109.49,1664,56002.30,0.00,0.00
56132.05,5094,6145432,0,0,109.48,1665,56095.49,0.00,0.00
56192.28,5094,6152120,0,0,109.48,1665,56095.49,0.00,0.00
56252.46,5094,6158576,0,0,109.48,1665,56095.49,0.00,0.00
56312.56,5103,6165104,0,0,109.48,1666,56275.28,0.00,0.00
56372.72,5105,6171680,0,0,109.48,1668,56345.91,0.00,0.00
56432.85,5105,6178496,0,0,109.48,1668,56345.91,0.00,0.00
56492.94,5105,6184736,0,0,109.48,1668,56345.91,0.00,0.00
56553.11,5106,6191200,0,0,109.48,1669,56523.89,0.00,0.00
56613.28,5106,6197808,0,0,109.48,1669,56523.89,0.00,0.00
56673.29,5106,6204368,0,0,109.48,1669,56523.89,0.00,0.00
56733.50,5106,6210944,0,0,109.48,1669,56523.89,0.00,0.00
56793.54,5110,6217560,0,0,109.48,1669,56734.82,0.00,0.00
56853.64,5110,6224232,0,0,109.48,1669,56734.82,0.00,0.00
56913.72,5110,6230848,0,0,109.48,1669,56734.82,0.00,0.00
56973.89,5123,6237528,0,0,109.48,1669,56972.85,0.00,0.00
57033.99,5123,6243800,0,0,109.48,1669,56972.85,0.00,0.00
57094.04,5124,6250080,0,0,109.47,1670,57087.14,0.00,0.00
57154.15,5125,6256552,0,0,109.47,1671,57150.81,0.00,0.00
57214.26,5129,6263104,0,0,109.47,1673,57161.35,0.00,0.00
57274.29,5129,6269592,0,0,109.47,1673,57161.35,0.00,0.00
57334.38,5129,6275936,0,0,109.46,1673,57161.35,0.00,0.00
57394.44,5130,6282400,0,0,109.46,1674,57361.22,0.00,0.00
57454.45,5130,6288856,0,0,109.46,1674,57361.22,0.00,0.00
57514.55,5132,6295288,0,0,109.46,1675,57511.33,0.00,0.00
57574.56,5132,6301616,0,0,109.45,1675,57511.33,0.00,0.00
57634.62,5132,6307848,0,0,109.45,1675,57511.33,0.00,0.00
57694.80,5132,6314400,0,0,109.44,1675,57511.33,0.00,0.00
57754.84,5132,6320904,0,0,109.44,1675,57511.33,0.00,0.00
57814.88,5132,6327352,0,0,109.44,1675,57511.33,0.00,0.00
57874.92,5132,6334168,0,0,109.45,1675,57511.33,0.00,0.00
57934.93,5132,6340240,0,0,109.44,1675,57511.33,0.00,0.00
57994.94,5132,6346840,0,0,109.44,1675,57511.33,0.00,0.00
58055.08,5132,6353264,0,0,109.44,1675,57511.33,0.00,0.00
58115.25,5132,6359952,0,0,109.44,1675,57511.33,0.00,0.00
58175.27,5132,6366704,0,0,109.44,1675,57511.33,0.00,0.00
58235.31,5132,6373336,0,0,109.44,1675,57511.33,0.00,0.00
58295.39,5132,6380000,0,0,109.44,1675,57511.33,0.00,0.00
58355.47,5132,6386848,0,0,109.45,1675,57511.33,0.00,0.00
58415.65,5132,6393856,0,0,109.45,1675,57511.33,0.00,0.00
58475.82,5137,6400720,0,0,109.46,1675,58454.39,0.00,0.00
58535.91,5137,6407560,0,0,109.46,1675,58454.39,0.00,0.00
58596.08,5137,6414376,0,0,109.47,1675,58454.39,0.00,0.00
58656.10,5137,6421120,0,0,109.47,1675,58454.39,0.00,0.00
58716.14,5137,6427936,0,0,109.47,1675,58454.39,0.00,0.00
58776.22,5137,6434728,0,0,109.48,1675,58454.39,0.00,0.00
58836.37,5137,6441496,0,0,109.48,1675,58454.39,0.00,0.00
58896.38,5137,6448288,0,0,109.49,1675,58454.39,0.00,0.00
58956.39,5137,6455080,0,0,109.49,1675,58454.39,0.00,0.00
59016.49,5137,6461848,0,0,109.49,1675,58454.39,0.00,0.00
59076.66,5137,6468632,0,0,109.50,1675,58454.39,0.00,0.00
59136.77,5137,6475376,0,0,109.50,1675,58454.39,0.00,0.00
59196.91,5137,6482264,0,0,109.50,1675,58454.39,0.00,0.00
59256.91,5137,6489176,0,0,109.51,1675,58454.39,0.00,0.00
59316.98,5137,6496136,0,0,109.52,1675,58454.39,0.00,0.00
59377.18,5137,6503072,0,0,109.52,1675,58454.39,0.00,0.00
59437.36,5137,6509984,0,0,109.53,1675,58454.39,0.00,0.00
59497.43,5137,6516936,0,0,109.53,1675,58454.39,0.00,0.00
59557.74,5137,6523848,0,0,109.54,1675,58454.39,0.00,0.00
59617.92,5137,6530384,0,0,109.54,1675,58454.39,0.00,0.00
59678.02,5137,6536984,0,0,109.54,1675,58454.39,0.00,0.00
59738.18,5139,6543480,0,0,109.54,1675,59682.60,0.00,0.00
59798.28,5139,6550064,0,0,109.54,1675,59682.60,0.00,0.00
59858.32,5139,6556288,0,0,109.53,1675,59682.60,0.00,0.00
59918.50,5139,6562640,0,0,109.53,1675,59682.60,0.00,0.00
59978.71,5139,6569056,0,0,109.52,1675,59682.60,0.00,0.00
60038.75,5142,6575664,0,0,109.52,1676,59990.50,0.00,0.00
60098.85,5142,6582088,0,0,109.52,1676,59990.50,0.00,0.00
60158.92,5142,6588224,0,0,109.51,1676,59990.50,0.00,0.00
60218.93,5142,6594288,0,0,109.51,1676,59990.50,0.00,0.00
60279.09,5142,6600944,0,0,109.51,1676,59990.50,0.00,0.00
60339.10,5142,6607512,0,0,109.51,1676,59990.50,0.00,0.00
60399.33,5142,6614160,0,0,109.51,1676,59990.50,0.00,0.00
60459.47,5142,6620552,0,0,109.50,1676,59990.50,0.00,0.00
60519.50,5142,6626968,0,0,109.50,1676,59990.50,0.00,0.00
60579.63,5143,6633256,0,0,109.50,1676,60520.68,0.00,0.00
60639.68,5143,6639744,0,0,109.50,1676,60520.68,0.00,0.00
60699.87,5143,6646728,0,0,109.50,1676,60520.68,0.00,0.00
60759.97,5143,6653560,0,0,109.51,1676,60520.68,0.00,0.00
60819.99,5143,6660280,0,0,109.51,1676,60520.68,0.00,0.00
60880.06,5143,6667048,0,0,109.51,1676,60520.68,0.00,0.00
60940.23,5143,6673816,0,0,109.51,1676,60520.68,0.00,0.00
61000.38,5143,6680704,0,0,109.52,1676,60520.68,0.00,0.00
61060.52,5143,6687192,0,0,109.52,1676,60520.68,0.00,0.00
61120.75,5143,6693928,0,0,109.52,1676,60520.68,0.00,0.00
61180.90,5143,6700640,0,0,109.52,1676,60520.68,0.00,0.00
61241.07,5143,6707136,0,0,109.52,1676,60520.68,0.00,0.00
61301.15,5143,6713776,0,0,109.52,1676,60520.68,0.00,0.00
61361.19,5143,6720248,0,0,109.52,1676,60520.68,0.00,0.00
61421.34,5143,6727056,0,0,109.52,1676,60520.68,0.00,0.00
61481.55,5143,6733616,0,0,109.52,1676,60520.68,0.00,0.00
61541.55,5146,6740136,0,0,109.52,1677,61491.60,0.00,0.00
61601.59,5146,6746640,0,0,109.52,1677,61491.60,0.00,0.00
61662.47,5162,6753600,0,0,109.53,1677,61661.49,0.00,0.00
61722.66,5170,6760250,0,0,109.53,1683,61704.61,0.00,0.00
61782.69,5171,6767074,0,0,109.53,1684,61755.88,0.00,0.00
61842.88,5172,6773550,0,0,109.53,1685,61821.84,0.00,0.00
61902.91,5174,6780326,0,0,109.53,1685,61855.03,0.00,0.00
61962.93,5175,6787004,0,0,109.53,1686,61936.10,0.00,0.00
62023.10,5175,6793314,0,0,109.53,1686,61936.10,0.00,0.00
62083.26,5176,6799852,0,0,109.53,1687,62056.98,0.00,0.00
62143.42,5182,6806302,0,0,109.53,1689,62141.22,0.00,0.00
62203.48,5185,6812910,0,0,109.53,1691,62153.47,0.00,0.00
62263.75,5185,6819618,0,0,109.53,1691,62153.47,0.00,0.00
62323.88,5185,6826416,0,0,109.53,1691,62153.47,0.00,0.00
62384.01,5185,6833260,0,0,109.54,1691,62153.47,0.00,0.00
62444.06,5185,6839984,0,0,109.54,1691,62153.47,0.00,0.00
62504.13,5185,6846346,0,0,109.53,1691,62153.47,0.00,0.00
62564.30,5185,6853106,0,0,109.54,1691,62153.47,0.00,0.00
62624.31,5185,6859504,0,0,109.53,1691,62153.47,0.00,0.00
62684.67,5185,6866270,0,0,109.54,1691,62153.47,0.00,0.00
62744.82,5185,6872932,0,0,109.54,1691,62153.47,0.00,0.00
62804.98,5185,6879320,0,0,109.53,1691,62153.47,0.00,0.00
62865.05,5185,6885946,0,0,109.54,1691,62153.47,0.00,0.00
62925.09,5185,6892510,0,0,109.54,1691,62153.47,0.00,0.00
62985.27,5191,6899208,0,0,109.54,1693,62967.13,0.00,0.00
63045.31,5191,6905756,0,0,109.54,1693,62967.13,0.00,0.00
63105.33,5192,6912186,0,0,109.53,1694,63077.58,0.00,0.00
63165.57,5192,6918616,0,0,109.53,1694,63077.58,0.00,0.00
63225.79,5192,6925190,0,0,109.53,1694,63077.58,0.00,0.00
63285.87,5192,6931878,0,0,109.53,1694,63077.58,0.00,0.00
63345.91,5194,6938618,0,0,109.54,1696,63336.41,0.00,0.00
63406.13,5194,6945378,0,0,109.54,1696,63336.41,0.00,0.00
63466.25,5195,6951884,0,0,109.54,1697,63422.00,0.00,0.00
63526.29,5195,6958276,0,0,109.53,1697,63422.00,0.00,0.00
63586.56,5269,6964578,0,0,109.53,1699,63578.43,0.00,0.00
63646.61,5269,6970999,0,0,109.53,1699,63578.43,0.00,0.00
63706.77,5269,6977724,0,0,109.53,1699,63578.43,0.00,0.00
63766.94,5269,6984062,0,0,109.52,1699,63578.43,0.00,0.00
63827.02,5270,6990398,0,0,109.52,1700,63791.30,0.00,0.00
63887.12,5270,6996833,0,0,109.52,1700,63791.30,0.00,0.00
63947.27,5270,7003680,0,0,109.52,1700,63791.30,0.00,0.00
64007.28,5270,7010306,0,0,109.52,1700,63791.30,0.00,0.00
64067.29,5270,7016476,0,0,109.52,1700,63791.30,0.00,0.00
64127.29,5270,7023180,0,0,109.52,1700,63791.30,0.00,0.00
64187.36,5270,7029856,0,0,109.52,1700,63791.30,0.00,0.00
64247.53,5270,7036046,0,0,109.51,1700,63791.30,0.00,0.00
64307.58,5292,7042617,0,0,109.51,1700,64260.28,0.00,0.00
64367.63,5292,7049489,0,0,109.52,1700,64260.28,0.00,0.00
64427.82,5292,7056048,0,0,109.52,1700,64260.28,0.00,0.00
64487.99,5294,7062501,0,0,109.52,1702,64429.13,0.00,0.00
64548.18,5294,7068846,0,0,109.51,1702,64429.13,0.00,0.00
64608.21,5294,7075085,0,0,109.51,1702,64429.13,0.00,0.00
64668.35,5294,7081826,0,0,109.51,1702,64429.13,0.00,0.00
64728.51,5319,7088321,0,0,109.51,1704,64691.66,0.00,0.00
64788.56,5319,7094993,0,0,109.51,1704,64691.66,0.00,0.00
64848.68,5324,7101720,0,0,109.51,1705,64824.90,0.00,0.00
64908.82,5324,7108293,0,0,109.51,1705,64824.90,0.00,0.00
64968.93,5324,7114995,0,0,109.51,1705,64824.90,0.00,0.00
65029.07,5331,7121225,0,0,109.51,1705,65003.18,0.00,0.00
65089.26,5359,7127289,0,0,109.50,1706,65053.71,0.00,0.00
65149.38,5359,7134039,0,0,109.50,1706,65053.71,0.00,0.00
65209.55,5359,7140391,0,0,109.50,1706,65053.71,0.00,0.00
65269.58,5361,7147019,0,0,109.50,1708,65245.54,0.00,0.00
65329.72,5361,7153555,0,0,109.50,1708,65245.54,0.00,0.00
65389.82,5361,7160273,0,0,109.50,1708,65245.54,0.00,0.00
65449.99,5361,7166747,0,0,109.50,1708,65245.54,0.00,0.00
65510.08,5362,7173175,0,0,109.50,1709,65478.21,0.00,0.00
65570.18,5362,7179605,0,0,109.49,1709,65478.21,0.00,0.00
65630.38,5362,7186498,0,0,109.50,1709,65478.21,0.00,0.00
65690.39,5362,7192967,0,0,109.50,1709,65478.21,0.00,0.00
65750.40,5362,7199473,0,0,109.50,1709,65478.21,0.00,0.00
65810.42,5362,7206085,0,0,109.50,1709,65478.21,0.00,0.00
65870.57,5362,7212651,0,0,109.50,1709,65478.21,0.00,0.00
65930.77,5362,7218950,0,0,109.49,1709,65478.21,0.00,0.00
65990.97,5363,7225461,0,0,109.49,1710,65987.30,0.00,0.00
66051.04,5363,7232025,0,0,109.49,1710,65987.30,0.00,0.00
66111.18,5363,7238285,0,0,109.49,1710,65987.30,0.00,0.00
66171.31,5363,7244377,0,0,109.48,1710,65987.30,0.00,0.00
66231.37,5363,7251295,0,0,109.48,1710,65987.30,0.00,0.00
66291.37,5363,7257886,0,0,109.48,1710,65987.30,0.00,0.00
66351.53,5363,7264512,0,0,109.49,1710,65987.30,0.00,0.00
66411.79,5363,7271329,0,0,109.49,1710,65987.30,0.00,0.00
66471.88,5363,7277757,0,0,109.49,1710,65987.30,0.00,0.00
66532.03,5363,7284535,0,0,109.49,1710,65987.30,0.00,0.00
66592.07,5363,7291253,0,0,109.49,1710,65987.30,0.00,0.00
66652.22,5363,7297409,0,0,109.48,1710,65987.30,0.00,0.00
66712.33,5363,7304072,0,0,109.49,1710,65987.30,0.00,0.00
66772.38,5363,7310410,0,0,109.48,1710,65987.30,0.00,0.00
66832.38,5363,7317310,0,0,109.49,1710,65987.30,0.00,0.00
66892.50,5363,7323848,0,0,109.49,1710,65987.30,0.00,0.00
66952.63,5363,7330225,0,0,109.48,1710,65987.30,0.00,0.00
67012.69,5363,7336812,0,0,109.48,1710,65987.30,0.00,0.00
67072.80,5363,7343463,0,0,109.48,1710,65987.30,0.00,0.00
67132.92,5363,7350158,0,0,109.49,1710,65987.30,0.00,0.00
67192.96,5367,7356860,0,0,109.49,1711,67156.20,0.00,0.00
67253.16,5367,7363237,0,0,109.49,1711,67156.20,0.00,0.00
67313.32,5367,7370192,0,0,109.49,1711,67156.20,0.00,0.00
67373.46,5367,7376857,0,0,109.49,1711,67156.20,0.00,0.00
67433.51,5367,7383361,0,0,109.49,1711,67156.20,0.00,0.00
67493.64,5367,7390049,0,0,109.49,1711,67156.20,0.00,0.00
67553.75,5367,7396562,0,0,109.49,1711,67156.20,0.00,0.00
67613.82,5367,7403068,0,0,109.49,1711,67156.20,0.00,0.00
67673.96,5367,7409726,0,0,109.49,1711,67156.20,0.00,0.00
67734.02,5367,7415951,0,0,109.49,1711,67156.20,0.00,0.00
67794.18,5367,7422692,0,0,109.49,1711,67156.20,0.00,0.00
67854.27,5369,7429303,0,0,109.49,1712,67817.53,0.00,0.00
67914.42,5370,7435923,0,0,109.49,1713,67878.01,0.00,0.00
67974.51,5370,7442379,0,0,109.49,1713,67878.01,0.00,0.00
68034.52,5370,7449013,0,0,109.49,1713,67878.01,0.00,0.00
68094.73,5382,7455647,0,0,109.49,1714,68045.59,0.00,0.00
68154.95,5382,7462311,0,0,109.49,1714,68045.59,0.00,0.00
68215.09,5382,7468943,0,0,109.49,1714,68045.59,0.00,0.00
68275.28,5382,7475469,0,0,109.49,1714,68045.59,0.00,0.00
68335.33,5382,7481925,0,0,109.49,1714,68045.59,0.00,0.00
68395.57,5382,7488691,0,0,109.49,1714,68045.59,0.00,0.00
68455.61,5383,7495327,0,0,109.49,1715,68403.59,0.00,0.00
68515.61,5383,7501903,0,0,109.49,1715,68403.59,0.00,0.00
68575.72,5383,7508463,0,0,109.49,1715,68403.59,0.00,0.00
68635.91,5385,7514917,0,0,109.49,1716,68603.39,0.00,0.00
68696.02,5385,7521459,0,0,109.49,1716,68603.39,0.00,0.00
68756.34,5385,7527563,0,0,109.48,1716,68603.39,0.00,0.00
68816.43,5385,7534007,0,0,109.48,1716,68603.39,0.00,0.00
68876.44,5385,7540595,0,0,109.48,1716,68603.39,0.00,0.00
68936.52,5385,7546721,0,0,109.47,1716,68603.39,0.00,0.00
68996.55,5385,7553475,0,0,109.48,1716,68603.39,0.00,0.00
69056.59,5386,7560213,0,0,109.48,1717,69037.13,0.00,0.00
69116.78,5386,7566845,0,0,109.48,1717,69037.13,0.00,0.00
69177.05,5386,7573181,0,0,109.48,1717,69037.13,0.00,0.00
69237.13,5386,7579843,0,0,109.48,1717,69037.13,0.00,0.00
69297.34,5386,7586359,0,0,109.48,1717,69037.13,0.00,0.00
69357.45,5476,7592928,0,0,109.48,1717,69326.85,0.00,0.00
69417.59,5476,7599720,0,0,109.48,1717,69326.85,0.00,0.00
69477.63,5476,7606344,0,0,109.48,1717,69326.85,0.00,0.00
69537.64,5476,7613040,0,0,109.48,1717,69326.85,0.00,0.00
69597.84,5476,7619856,0,0,109.48,1717,69326.85,0.00,0.00
69658.03,5476,7626376,0,0,109.48,1717,69326.85,0.00,0.00
69718.23,5476,7632696,0,0,109.48,1717,69326.85,0.00,0.00
69778.39,5486,7639320,0,0,109.48,1719,69746.33,0.00,0.00
69838.46,5486,7646120,0,0,109.48,1719,69746.33,0.00,0.00
69898.66,5486,7652648,0,0,109.48,1719,69746.33,0.00,0.00
69958.89,5486,7659168,0,0,109.48,1719,69746.33,0.00,0.00
70019.00,5486,7665816,0,0,109.48,1719,69746.33,0.00,0.00
70079.11,5486,7672608,0,0,109.48,1719,69746.33,0.00,0.00
70139.23,5486,7678880,0,0,109.48,1719,69746.33,0.00,0.00
70199.38,5486,7685528,0,0,109.48,1719,69746.33,0.00,0.00
70259.55,5486,7692488,0,0,109.49,1719,69746.33,0.00,0.00
70319.61,5486,7699016,0,0,109.49,1719,69746.33,0.00,0.00
70379.72,5486,7705512,0,0,109.48,1719,69746.33,0.00,0.00
70439.83,5486,7712208,0,0,109.49,1719,69746.33,0.00,0.00
70499.85,5486,7718928,0,0,109.49,1719,69746.33,0.00,0.00
70559.98,5486,7725712,0,0,109.49,1719,69746.33,0.00,0.00
70620.04,5486,7732008,0,0,109.49,1719,69746.33,0.00,0.00
70680.12,5486,7738528,0,0,109.49,1719,69746.33,0.00,0.00
70740.22,5486,7745176,0,0,109.49,1719,69746.33,0.00,0.00
70800.32,5487,7751928,0,0,109.49,1720,70784.94,0.00,0.00
70860.54,5487,7758784,0,0,109.49,1720,70784.94,0.00,0.00
70920.67,5487,7765376,0,0,109.49,1720,70784.94,0.00,0.00
70980.75,5487,7771744,0,0,109.49,1720,70784.94,0.00,0.00
71040.90,5487,7777760,0,0,109.48,1720,70784.94,0.00,0.00
71100.99,5487,7783880,0,0,109.48,1720,70784.94,0.00,0.00
71161.05,5489,7790424,0,0,109.48,1721,71160.47,0.00,0.00
71221.08,5489,7796768,0,0,109.47,1721,71160.47,0.00,0.00
71281.18,5490,7802840,0,0,109.47,1722,71281.14,0.00,0.00
71341.34,5490,7809400,0,0,109.47,1722,71281.14,0.00,0.00
71401.36,5490,7816040,0,0,109.47,1722,71281.14,0.00,0.00
71461.52,5490,7822512,0,0,109.46,1722,71281.14,0.00,0.00
71521.61,5490,7829224,0,0,109.47,1722,71281.14,0.00,0.00
71581.72,5490,7835728,0,0,109.47,1722,71281.14,0.00,0.00
71641.73,5490,7842144,0,0,109.46,1722,71281.14,0.00,0.00
71701.82,5490,7848304,0,0,109.46,1722,71281.14,0.00,0.00
71761.96,5490,7855064,0,0,109.46,1722,71281.14,0.00,0.00
71822.06,5492,7861632,0,0,109.46,1723,71789.74,0.00,0.00
71882.27,5492,7868416,0,0,109.46,1723,71789.74,0.00,0.00
71942.45,5492,7875096,0,0,109.46,1723,71789.74,0.00,0.00
72002.63,5492,7881616,0,0,109.46,1723,71789.74,0.00,0.00
72062.83,5492,7887928,0,0,109.46,1723,71789.74,0.00,0.00
72122.86,5492,7894648,0,0,109.46,1723,71789.74,0.00,0.00
72183.02,5492,7901376,0,0,109.46,1723,71789.74,0.00,0.00
72243.21,5492,7907928,0,0,109.46,1723,71789.74,0.00,0.00
72303.37,5492,7914512,0,0,109.46,1723,71789.74,0.00,0.00
72363.47,5492,7920968,0,0,109.46,1723,71789.74,0.00,0.00
72423.57,5493,7927008,0,0,109.45,1724,72382.44,0.00,0.00
72483.72,5493,7933608,0,0,109.45,1724,72382.44,0.00,0.00
72543.91,5493,7940360,0,0,109.46,1724,72382.44,0.00,0.00
72603.93,5493,7946936,0,0,109.46,1724,72382.44,0.00,0.00
72664.01,5493,7953728,0,0,109.46,1724,72382.44,0.00,0.00
72724.20,5493,7960504,0,0,109.46,1724,72382.44,0.00,0.00
72784.32,5493,7966648,0,0,109.46,1724,72382.44,0.00,0.00
72844.33,5493,7972792,0,0,109.45,1724,72382.44,0.00,0.00
72904.35,5493,7979200,0,0,109.45,1724,72382.44,0.00,0.00
72964.39,5493,7985800,0,0,109.45,1724,72382.44,0.00,0.00
73024.58,5493,7992280,0,0,109.45,1724,72382.44,0.00,0.00
73084.78,5493,7998968,0,0,109.45,1724,72382.44,0.00,0.00
73144.85,5493,8005672,0,0,109.45,1724,72382.44,0.00,0.00
73205.04,5493,8012472,0,0,109.45,1724,72382.44,0.00,0.00
73265.09,5493,8018720,0,0,109.45,1724,72382.44,0.00,0.00
73325.11,5493,8024992,0,0,109.44,1724,72382.44,0.00,0.00
73385.15,5493,8031424,0,0,109.44,1724,72382.44,0.00,0.00
73445.33,5493,8037920,0,0,109.44,1724,72382.44,0.00,0.00
73505.40,5494,8044720,0,0,109.44,1725,73448.03,0.00,0.00
73565.43,5494,8051168,0,0,109.44,1725,73448.03,0.00,0.00
73625.45,5494,8057936,0,0,109.44,1725,73448.03,0.00,0.00
73685.54,5494,8064680,0,0,109.45,1725,73448.03,0.00,0.00
73745.69,5494,8071496,0,0,109.45,1725,73448.03,0.00,0.00
73805.89,5495,8078288,0,0,109.45,1726,73769.93,0.00,0.00
73865.96,5495,8085152,0,0,109.46,1726,73769.93,0.00,0.00
73926.12,5495,8092088,0,0,109.46,1726,73769.93,0.00,0.00
73986.15,5495,8098976,0,0,109.47,1726,73769.93,0.00,0.00
74046.32,5496,8106008,0,0,109.47,1727,73995.63,0.00,0.00
74106.44,5496,8112864,0,0,109.48,1727,73995.63,0.00,0.00
74166.45,5496,8119728,0,0,109.48,1727,73995.63,0.00,0.00
74226.59,5496,8126632,0,0,109.48,1727,73995.63,0.00,0.00
74286.70,5500,8133536,0,0,109.49,1728,74241.11,0.00,0.00
74346.70,5500,8140424,0,0,109.49,1728,74241.11,0.00,0.00
74406.72,5501,8147328,0,0,109.50,1729,74369.47,0.00,0.00
74466.88,5501,8154240,0,0,109.50,1729,74369.47,0.00,0.00
74527.01,5501,8161224,0,0,109.51,1729,74369.47,0.00,0.00
74587.04,5501,8168112,0,0,109.51,1729,74369.47,0.00,0.00
74647.11,5501,8174960,0,0,109.51,1729,74369.47,0.00,0.00
74707.22,5501,8181800,0,0,109.52,1729,74369.47,0.00,0.00
74767.31,5501,8188832,0,0,109.52,1729,74369.47,0.00,0.00
74827.32,5501,8195768,0,0,109.53,1729,74369.47,0.00,0.00
74887.41,5501,8202632,0,0,109.53,1729,74369.47,0.00,0.00
74947.58,5502,8209592,0,0,109.54,1730,74901.29,0.00,0.00
75007.75,5502,8216528,0,0,109.54,1730,74901.29,0.00,0.00
75067.82,5502,8223440,0,0,109.55,1730,74901.29,0.00,0.00
75127.85,5502,8230304,0,0,109.55,1730,74901.29,0.00,0.00
75187.93,5502,8237120,0,0,109.55,1730,74901.29,0.00,0.00
75248.08,5502,8243936,0,0,109.56,1730,74901.29,0.00,0.00
75308.23,5502,8250920,0,0,109.56,1730,74901.29,0.00,0.00
75368.39,5502,8257760,0,0,109.57,1730,74901.29,0.00,0.00
75428.50,5504,8264720,0,0,109.57,1730,75409.40,0.00,0.00
75488.58,5504,8271656,0,0,109.57,1730,75409.40,0.00,0.00
75548.68,5504,8278592,0,0,109.58,1730,75409.40,0.00,0.00
75608.79,5504,8285352,0,0,109.58,1730,75409.40,0.00,0.00
75668.82,5504,8292192,0,0,109.59,1730,75409.40,0.00,0.00
75728.86,5504,8299104,0,0,109.59,1730,75409.40,0.00,0.00
75789.00,5504,8305992,0,0,109.59,1730,75409.40,0.00,0.00
75849.21,5504,8312856,0,0,109.60,1730,75409.40,0.00,0.00
75909.26,5504,8319696,0,0,109.60,1730,75409.40,0.00,0.00
75969.29,5504,8326632,0,0,109.61,1730,75409.40,0.00,0.00
76029.50,5507,8333512,0,0,109.61,1731,76022.49,0.00,0.00
76089.62,5507,8340400,0,0,109.61,1731,76022.49,0.00,0.00
76149.80,5511,8347336,0,0,109.62,1732,76130.17,0.00,0.00
76209.82,5511,8354320,0,0,109.62,1732,76130.17,0.00,0.00
76269.89,5511,8361256,0,0,109.63,1732,76130.17,0.00,0.00
76329.97,5511,8368120,0,0,109.63,1732,76130.17,0.00,0.00
76389.99,5511,8375024,0,0,109.64,1732,76130.17,0.00,0.00
76450.01,5511,8381768,0,0,109.64,1732,76130.17,0.00,0.00
76510.21,5511,8388680,0,0,109.64,1732,76130.17,0.00,0.00
76570.41,5511,8395568,0,0,109.65,1732,76130.17,0.00,0.00
76630.48,5511,8402480,0,0,109.65,1732,76130.17,0.00,0.00
76690.59,5511,8409272,0,0,109.65,1732,76130.17,0.00,0.00
76750.79,5511,8416064,0,0,109.65,1732,76130.17,0.00,0.00
76810.81,5511,8422760,0,0,109.66,1732,76130.17,0.00,0.00
76870.85,5511,8429600,0,0,109.66,1732,76130.17,0.00,0.00
76931.02,5511,8436440,0,0,109.66,1732,76130.17,0.00,0.00
76991.04,5511,8443352,0,0,109.67,1732,76130.17,0.00,0.00
77051.07,5512,8450264,0,0,109.67,1733,77012.82,0.00,0.00
77111.18,5512,8457104,0,0,109.67,1733,77012.82,0.00,0.00
77171.25,5512,8463864,0,0,109.68,1733,77012.82,0.00,0.00
77231.36,5512,8470680,0,0,109.68,1733,77012.82,0.00,0.00
77291.52,5512,8477544,0,0,109.68,1733,77012.82,0.00,0.00
77351.65,5512,8484264,0,0,109.68,1733,77012.82,0.00,0.00
77411.66,5512,8491152,0,0,109.69,1733,77012.82,0.00,0.00
77471.69,5512,8497968,0,0,109.69,1733,77012.82,0.00,0.00
77531.85,5513,8504784,0,0,109.69,1734,77516.05,0.00,0.00
77592.02,5513,8511720,0,0,109.70,1734,77516.05,0.00,0.00
77652.17,5513,8518584,0,0,109.70,1734,77516.05,0.00,0.00
77712.24,5513,8525392,0,0,109.70,1734,77516.05,0.00,0.00
77772.40,5513,8532280,0,0,109.71,1734,77516.05,0.00,0.00
77832.53,5513,8539096,0,0,109.71,1734,77516.05,0.00,0.00
77892.73,5513,8546000,0,0,109.71,1734,77516.05,0.00,0.00
77952.76,5513,8552840,0,0,109.72,1734,77516.05,0.00,0.00
78012.85,5513,8559752,0,0,109.72,1734,77516.05,0.00,0.00
78073.05,5513,8566640,0,0,109.73,1734,77516.05,0.00,0.00
78133.09,5513,8573432,0,0,109.73,1734,77516.05,0.00,0.00
78193.15,5513,8580296,0,0,109.73,1734,77516.05,0.00,0.00
78253.27,5513,8587232,0,0,109.74,1734,77516.05,0.00,0.00
78313.48,5513,8594168,0,0,109.74,1734,77516.05,0.00,0.00
78373.55,5513,8600936,0,0,109.74,1734,77516.05,0.00,0.00
78433.61,5513,8607944,0,0,109.75,1734,77516.05,0.00,0.00
78493.67,5513,8614824,0,0,109.75,1734,77516.05,0.00,0.00
78553.84,5513,8621880,0,0,109.76,1734,77516.05,0.00,0.00
78613.89,5513,8628744,0,0,109.76,1734,77516.05,0.00,0.00
78674.06,5513,8635728,0,0,109.77,1734,77516.05,0.00,0.00
78734.14,5513,8642472,0,0,109.77,1734,77516.05,0.00,0.00
78794.28,5513,8649456,0,0,109.77,1734,77516.05,0.00,0.00
78854.37,5513,8656440,0,0,109.78,1734,77516.05,0.00,0.00
78914.50,5513,8663376,0,0,109.78,1734,77516.05,0.00,0.00
78974.50,5513,8670312,0,0,109.79,1734,77516.05,0.00,0.00
79034.51,5513,8677200,0,0,109.79,1734,77516.05,0.00,0.00
79094.55,5513,8684016,0,0,109.79,1734,77516.05,0.00,0.00
79154.68,5513,8690824,0,0,109.80,1734,77516.05,0.00,0.00
79214.86,5513,8697760,0,0,109.80,1734,77516.05,0.00,0.00
79274.91,5515,8704552,0,0,109.80,1735,79241.81,0.00,0.00
79335.02,5515,8711440,0,0,109.81,1735,79241.81,0.00,0.00
79395.06,5515,8718336,0,0,109.81,1735,79241.81,0.00,0.00
79455.13,5515,8725320,0,0,109.81,1735,79241.81,0.00,0.00
79515.17,5515,8732256,0,0,109.82,1735,79241.81,0.00,0.00
79575.37,5515,8739120,0,0,109.82,1735,79241.81,0.00,0.00
79635.55,5515,8746032,0,0,109.83,1735,79241.81,0.00,0.00
79695.69,5515,8752824,0,0,109.83,1735,79241.81,0.00,0.00
79755.88,5515,8759736,0,0,109.83,1735,79241.81,0.00,0.00
79815.99,5516,8766624,0,0,109.84,1736,79786.88,0.00,0.00
79876.08,5516,8773464,0,0,109.84,1736,79786.88,0.00,0.00
79936.08,5516,8780304,0,0,109.84,1736,79786.88,0.00,0.00
79996.11,5516,8787096,0,0,109.84,1736,79786.88,0.00,0.00
80056.29,5516,8794128,0,0,109.85,1736,79786.88,0.00,0.00
80116.37,5516,8801088,0,0,109.85,1736,79786.88,0.00,0.00
80176.45,5516,8808024,0,0,109.86,1736,79786.88,0.00,0.00
80236.64,5516,8815008,0,0,109.86,1736,79786.88,0.00,0.00
80296.71,5516,8821944,0,0,109.87,1736,79786.88,0.00,0.00
80356.84,5516,8828880,0,0,109.87,1736,79786.88,0.00,0.00
80416.98,5516,8835672,0,0,109.87,1736,79786.88,0.00,0.00
80477.17,5516,8842464,0,0,109.88,1736,79786.88,0.00,0.00
80537.25,5516,8849280,0,0,109.88,1736,79786.88,0.00,0.00
80597.27,5516,8856168,0,0,109.88,1736,79786.88,0.00,0.00
80657.45,5516,8863056,0,0,109.89,1736,79786.88,0.00,0.00
80717.53,5516,8870016,0,0,109.89,1736,79786.88,0.00,0.00
80777.57,5516,8876896,0,0,109.89,1736,79786.88,0.00,0.00
80837.68,5516,8883784,0,0,109.90,1736,79786.88,0.00,0.00
80897.73,5516,8890624,0,0,109.90,1736,79786.88,0.00,0.00
80957.91,5516,8897512,0,0,109.90,1736,79786.88,0.00,0.00
81018.07,5516,8904424,0,0,109.91,1736,79786.88,0.00,0.00
81078.21,5535,8911408,0,0,109.91,1737,81057.31,0.00,0.00
81138.28,5535,8918408,0,0,109.92,1737,81057.31,0.00,0.00
81198.48,5535,8925296,0,0,109.92,1737,81057.31,0.00,0.00
81258.62,5535,8932280,0,0,109.92,1737,81057.31,0.00,0.00
81318.77,5535,8939336,0,0,109.93,1737,81057.31,0.00,0.00
81378.91,5535,8946344,0,0,109.93,1737,81057.31,0.00,0.00
81439.00,5535,8953256,0,0,109.94,1737,81057.31,0.00,0.00
81499.02,5535,8960192,0,0,109.94,1737,81057.31,0.00,0.00
81559.05,5535,8967224,0,0,109.95,1737,81057.31,0.00,0.00
81619.19,5535,8974184,0,0,109.95,1737,81057.31,0.00,0.00
81679.30,5535,8981192,0,0,109.96,1737,81057.31,0.00,0.00
81739.48,5536,8988080,0,0,109.96,1738,81690.12,0.00,0.00
81799.54,5536,8995088,0,0,109.97,1738,81690.12,0.00,0.00
81859.65,5536,9002072,0,0,109.97,1738,81690.12,0.00,0.00
81919.71,5536,9008952,0,0,109.97,1738,81690.12,0.00,0.00
81979.82,5536,9015960,0,0,109.98,1738,81690.12,0.00,0.00
82039.82,5539,9022912,0,0,109.98,1739,82033.68,0.00,0.00
82099.87,5539,9029752,0,0,109.98,1739,82033.68,0.00,0.00
82159.99,5539,9036568,0,0,109.99,1739,82033.68,0.00,0.00
82220.12,5539,9043480,0,0,109.99,1739,82033.68,0.00,0.00
82280.13,5539,9050368,0,0,109.99,1739,82033.68,0.00,0.00
82340.30,5539,9057496,0,0,110.00,1739,82033.68,0.00,0.00
82400.42,5539,9064384,0,0,110.00,1739,82033.68,0.00,0.00
82460.52,5539,9071200,0,0,110.01,1739,82033.68,0.00,0.00
82520.60,5545,9078136,0,0,110.01,1740,82463.71,0.00,0.00
82580.75,5545,9085024,0,0,110.01,1740,82463.71,0.00,0.00
82640.81,5546,9091912,0,0,110.02,1741,82628.20,0.00,0.00
82700.90,5546,9098776,0,0,110.02,1741,82628.20,0.00,0.00
82761.06,5546,9105680,0,0,110.02,1741,82628.20,0.00,0.00
82821.08,5557,9112544,0,0,110.03,1742,82810.79,0.00,0.00
82881.24,5557,9119504,0,0,110.03,1742,82810.79,0.00,0.00
82941.26,5557,9126344,0,0,110.03,1742,82810.79,0.00,0.00
83001.33,5557,9133280,0,0,110.04,1742,82810.79,0.00,0.00
83061.44,5557,9140192,0,0,110.04,1742,82810.79,0.00,0.00
83121.51,5557,9147032,0,0,110.04,1742,82810.79,0.00,0.00
83181.54,5557,9154040,0,0,110.05,1742,82810.79,0.00,0.00
83241.62,5557,9161024,0,0,110.05,1742,82810.79,0.00,0.00
83301.73,5557,9167936,0,0,110.06,1742,82810.79,0.00,0.00
83361.86,5557,9174896,0,0,110.06,1742,82810.79,0.00,0.00
83421.91,5557,9181736,0,0,110.06,1742,82810.79,0.00,0.00
83482.09,5557,9188696,0,0,110.07,1742,82810.79,0.00,0.00
83542.23,5557,9195560,0,0,110.07,1742,82810.79,0.00,0.00
83602.23,5557,9202520,0,0,110.08,1742,82810.79,0.00,0.00
83662.34,5557,9209336,0,0,110.08,1742,82810.79,0.00,0.00
83722.36,5557,9216200,0,0,110.08,1742,82810.79,0.00,0.00
83782.41,5557,9223016,0,0,110.08,1742,82810.79,0.00,0.00
83842.58,5557,9230024,0,0,110.09,1742,82810.79,0.00,0.00
83902.78,5561,9236984,0,0,110.09,1742,83859.07,0.00,0.00
83962.94,5561,9243824,0,0,110.09,1742,83859.07,0.00,0.00
84023.05,5561,9250856,0,0,110.10,1742,83859.07,0.00,0.00
84083.12,5561,9257648,0,0,110.10,1742,83859.07,0.00,0.00
84143.25,5561,9264512,0,0,110.10,1742,83859.07,0.00,0.00
84203.37,5561,9271400,0,0,110.11,1742,83859.07,0.00,0.00
84263.43,5563,9278240,0,0,110.11,1743,84217.47,0.00,0.00
84323.60,5563,9285224,0,0,110.11,1743,84217.47,0.00,0.00
84383.62,5563,9292112,0,0,110.12,1743,84217.47,0.00,0.00
84443.71,5563,9298904,0,0,110.12,1743,84217.47,0.00,0.00
84503.89,5563,9305720,0,0,110.12,1743,84217.47,0.00,0.00
84564.03,5563,9312560,0,0,110.12,1743,84217.47,0.00,0.00
84624.06,5563,9319544,0,0,110.13,1743,84217.47,0.00,0.00
84684.13,5563,9326600,0,0,110.13,1743,84217.47,0.00,0.00
84744.24,5563,9333432,0,0,110.14,1743,84217.47,0.00,0.00
84804.30,5563,9340272,0,0,110.14,1743,84217.47,0.00,0.00
84864.37,5563,9347136,0,0,110.14,1743,84217.47,0.00,0.00
84924.56,5563,9354168,0,0,110.15,1743,84217.47,0.00,0.00
84984.71,5563,9361056,0,0,110.15,1743,84217.47,0.00,0.00
85044.81,5565,9368016,0,0,110.15,1744,85039.99,0.00,0.00
85104.90,5569,9374952,0,0,110.16,1745,85092.18,0.00,0.00
85164.95,5569,9381840,0,0,110.16,1745,85092.18,0.00,0.00
85225.03,5569,9388696,0,0,110.16,1745,85092.18,0.00,0.00
85285.07,5569,9395536,0,0,110.17,1745,85092.18,0.00,0.00
85345.07,5569,9402448,0,0,110.17,1745,85092.18,0.00,0.00
85405.09,5569,9409376,0,0,110.17,1745,85092.18,0.00,0.00
85465.24,5569,9416232,0,0,110.18,1745,85092.18,0.00,0.00
85525.35,5569,9423024,0,0,110.18,1745,85092.18,0.00,0.00
85585.41,5569,9429912,0,0,110.18,1745,85092.18,0.00,0.00
85645.46,5569,9436696,0,0,110.18,1745,85092.18,0.00,0.00
85705.57,5569,9443632,0,0,110.19,1745,85092.18,0.00,0.00
85765.63,5569,9450384,0,0,110.19,1745,85092.18,0.00,0.00
85825.67,5572,9457224,0,0,110.19,1745,85789.41,0.00,0.00
85885.69,5572,9464088,0,0,110.19,1745,85789.41,0.00,0.00
85945.72,5572,9470992,0,0,110.20,1745,85789.41,0.00,0.00
86005.91,5572,9478024,0,0,110.20,1745,85789.41,0.00,0.00
86065.95,5572,9484960,0,0,110.21,1745,85789.41,0.00,0.00
86126.03,5572,9491776,0,0,110.21,1745,85789.41,0.00,0.00
86186.17,5572,9498640,0,0,110.21,1745,85789.41,0.00,0.00
86246.27,5573,9505864,0,0,110.22,1745,86210.23,0.00,0.00
86306.33,5573,9515440,0,0,110.25,1745,86210.23,0.00,0.00
86366.44,5573,9525064,0,0,110.29,1745,86210.23,0.00,0.00
