elapsed_time,unique_edges,total_execs,crash_count,hang_count,exec_speed,queue_size,last_new_find,last_crash,last_hang
0.00,0,0,0,0,0.00,0,0.00,0.00,0.00
11.48,2078,2663,0,0,231.93,82,10.80,0.00,0.00
21.62,2120,5006,0,0,231.50,101,21.57,0.00,0.00
31.68,2137,7352,0,0,232.07,109,31.47,0.00,0.00
41.80,2143,9664,0,0,231.21,113,40.67,0.00,0.00
51.92,2156,11976,0,0,230.68,117,51.63,0.00,0.00
62.04,2226,14358,0,0,231.42,125,60.33,0.00,0.00
72.11,2232,16714,0,0,231.79,129,72.09,0.00,0.00
82.23,2246,19070,0,0,231.90,133,79.38,0.00,0.00
92.28,2250,21426,0,0,232.17,135,90.20,0.00,0.00
102.29,2257,23751,0,0,232.18,139,100.65,0.00,0.00
112.30,2266,26076,0,0,232.20,141,110.13,0.00,0.00
122.38,2269,28432,0,0,232.32,144,117.29,0.00,0.00
132.41,2321,30761,0,0,232.32,154,131.49,0.00,0.00
142.44,2349,33113,0,0,232.46,158,136.82,0.00,0.00
152.48,2368,35465,0,0,232.59,164,150.73,0.00,0.00
162.56,2370,37817,0,0,232.63,166,161.93,0.00,0.00
172.57,2386,40169,0,0,232.76,168,169.09,0.00,0.00
182.60,2390,42521,0,0,232.86,171,182.54,0.00,0.00
192.68,2393,44873,0,0,232.89,174,185.71,0.00,0.00
202.71,2395,47225,0,0,232.97,176,200.00,0.00,0.00
212.78,2398,49353,0,0,231.95,179,212.71,0.00,0.00
225.95,2647,51940,0,0,229.87,224,224.97,0.00,0.00
236.10,2647,53980,0,0,228.63,224,224.97,0.00,0.00
246.12,2649,55750,0,0,226.51,225,240.44,0.00,0.00
256.13,2649,57520,0,0,224.57,225,240.44,0.00,0.00
266.13,2650,59290,0,0,222.78,226,257.91,0.00,0.00
276.21,2650,61090,0,0,221.17,226,257.91,0.00,0.00
286.32,2651,62890,0,0,219.65,227,283.75,0.00,0.00
296.37,2651,64690,0,0,218.28,227,283.75,0.00,0.00
306.41,2652,66460,0,0,216.90,228,301.93,0.00,0.00
316.57,2658,68230,0,0,215.53,229,309.04,0.00,0.00
326.59,2658,70030,0,0,214.43,229,309.04,0.00,0.00
336.67,2658,71830,0,0,213.36,229,309.04,0.00,0.00
346.78,2658,73630,0,0,212.32,229,309.04,0.00,0.00
356.90,2658,75460,0,0,211.43,229,309.04,0.00,0.00
367.04,2658,77290,0,0,210.57,229,309.04,0.00,0.00
377.07,2658,79060,0,0,209.67,229,309.04,0.00,0.00
387.13,2658,80890,0,0,208.95,229,309.04,0.00,0.00
397.19,2659,82720,0,0,208.26,230,393.73,0.00,0.00
407.21,2659,84520,0,0,207.56,230,393.73,0.00,0.00
417.30,2659,86350,0,0,206.93,230,393.73,0.00,0.00
427.35,2660,88210,0,0,206.41,231,424.71,0.00,0.00
437.52,2664,90100,0,0,205.93,233,431.30,0.00,0.00
447.61,2664,91930,0,0,205.38,233,431.30,0.00,0.00
457.67,2664,93790,0,0,204.93,233,431.30,0.00,0.00
467.71,2665,95620,0,0,204.44,234,460.19,0.00,0.00
477.86,2665,97480,0,0,203.99,234,460.19,0.00,0.00
488.00,2669,99340,0,0,203.56,236,480.93,0.00,0.00
498.15,2669,101200,0,0,203.15,236,480.93,0.00,0.00
508.16,2669,103060,0,0,202.81,236,480.93,0.00,0.00
518.26,2669,104920,0,0,202.45,236,480.93,0.00,0.00
528.35,2669,106750,0,0,202.04,236,480.93,0.00,0.00
538.36,2669,108580,0,0,201.69,236,480.93,0.00,0.00
548.47,2669,110410,0,0,201.30,236,480.93,0.00,0.00
558.51,2669,112210,0,0,200.91,236,480.93,0.00,0.00
568.53,2670,114010,0,0,200.53,237,561.63,0.00,0.00
578.54,2670,115780,0,0,200.12,237,561.63,0.00,0.00
588.57,2670,117610,0,0,199.82,237,561.63,0.00,0.00
598.66,2670,119440,0,0,199.51,237,561.63,0.00,0.00
628.79,2670,124810,0,0,198.49,237,561.63,0.00,0.00
658.82,2670,130150,0,0,197.55,237,561.63,0.00,0.00
688.96,2670,135550,0,0,196.75,237,561.63,0.00,0.00
719.01,2680,140920,0,0,195.99,239,706.72,0.00,0.00
749.16,2680,146156,0,0,195.09,239,706.72,0.00,0.00
779.31,2681,151646,0,0,194.59,240,760.24,0.00,0.00
809.40,2681,157196,0,0,194.21,240,760.24,0.00,0.00
839.54,2681,162776,0,0,193.89,240,760.24,0.00,0.00
869.62,2681,168326,0,0,193.56,240,760.24,0.00,0.00
899.76,2681,173846,0,0,193.21,240,760.24,0.00,0.00
929.81,2681,179336,0,0,192.87,240,760.24,0.00,0.00
959.81,2682,184886,0,0,192.63,241,935.97,0.00,0.00
989.87,2682,190406,0,0,192.35,241,935.97,0.00,0.00
1019.96,2682,195926,0,0,192.09,241,935.97,0.00,0.00
1050.02,2682,201476,0,0,191.88,241,935.97,0.00,0.00
1080.05,2682,206996,0,0,191.65,241,935.97,0.00,0.00
1110.17,2682,212546,0,0,191.45,241,935.97,0.00,0.00
1140.26,2682,218126,0,0,191.29,241,935.97,0.00,0.00
1170.39,2682,223676,0,0,191.11,241,935.97,0.00,0.00
1200.53,2688,229256,0,0,190.96,242,1176.60,0.00,0.00
1230.67,2688,234836,0,0,190.82,242,1176.60,0.00,0.00
1260.81,2688,240416,0,0,190.68,242,1176.60,0.00,0.00
1290.86,2691,245966,0,0,190.54,243,1265.29,0.00,0.00
1320.98,2691,251486,0,0,190.38,243,1265.29,0.00,0.00
1351.12,2811,257006,0,0,190.22,267,1349.75,0.00,0.00
1381.22,2835,262583,0,0,190.11,281,1380.03,0.00,0.00
1411.41,2853,268121,0,0,189.97,291,1408.55,0.00,0.00
1442.34,2877,273830,0,0,189.85,306,1441.88,0.00,0.00
1472.37,2921,279358,0,0,189.73,328,1468.65,0.00,0.00
1502.44,2941,284878,0,0,189.61,338,1499.10,0.00,0.00
1532.57,2962,290446,0,0,189.52,346,1531.40,0.00,0.00
1562.62,2982,295944,0,0,189.39,355,1561.92,0.00,0.00
1592.68,2991,301416,0,0,189.25,363,1586.43,0.00,0.00
1622.77,2996,306984,0,0,189.17,367,1622.73,0.00,0.00
1652.86,3006,312504,0,0,189.07,370,1647.51,0.00,0.00
1682.90,3006,318024,0,0,188.97,370,1647.51,0.00,0.00
1712.93,3010,323496,0,0,188.86,372,1690.78,0.00,0.00
1742.93,3014,329016,0,0,188.77,375,1741.39,0.00,0.00
1773.05,3015,334608,0,0,188.72,376,1746.84,0.00,0.00
1803.11,3018,340200,0,0,188.67,378,1801.55,0.00,0.00
1833.19,3019,345744,0,0,188.60,379,1828.45,0.00,0.00
1863.23,3020,351360,0,0,188.58,380,1853.29,0.00,0.00
1893.31,3023,357024,0,0,188.57,383,1892.74,0.00,0.00
1923.38,3028,362760,0,0,188.61,386,1909.17,0.00,0.00
1953.46,3033,368520,0,0,188.65,389,1951.95,0.00,0.00
1983.56,3035,374280,0,0,188.69,391,1980.74,0.00,0.00
2013.67,3035,380040,0,0,188.73,391,1980.74,0.00,0.00
2043.69,3035,385680,0,0,188.72,391,1980.74,0.00,0.00
2073.78,3036,391296,0,0,188.69,392,2066.62,0.00,0.00
2103.82,3039,396936,0,0,188.67,393,2100.53,0.00,0.00
2133.94,3041,402576,0,0,188.65,395,2106.94,0.00,0.00
2164.01,3041,408216,0,0,188.64,395,2106.94,0.00,0.00
2194.03,3042,413832,0,0,188.62,396,2179.48,0.00,0.00
2224.11,3042,419376,0,0,188.56,396,2179.48,0.00,0.00
2254.15,3045,424992,0,0,188.54,398,2244.38,0.00,0.00
2284.22,3046,430728,0,0,188.57,399,2272.18,0.00,0.00
2314.32,3049,436392,0,0,188.56,401,2314.06,0.00,0.00
2344.32,3052,442008,0,0,188.54,403,2341.98,0.00,0.00
2374.32,3053,447624,0,0,188.53,404,2369.00,0.00,0.00
2404.42,3055,453240,0,0,188.50,406,2398.29,0.00,0.00
2434.47,3057,458856,0,0,188.48,407,2420.64,0.00,0.00
2464.52,3057,464496,0,0,188.47,407,2420.64,0.00,0.00
2494.53,3057,470160,0,0,188.48,407,2420.64,0.00,0.00
2524.66,3057,475848,0,0,188.48,407,2420.64,0.00,0.00
2554.75,3088,481488,0,0,188.47,416,2553.62,0.00,0.00
2584.87,3195,486710,0,1,188.29,438,2578.02,0.00,2571.76
2614.98,3200,492374,0,1,188.29,443,2609.15,0.00,2571.76
2645.00,3206,497622,0,2,188.14,447,2643.09,0.00,2624.48
2675.16,3206,503158,0,2,188.09,447,2643.09,0.00,2624.48
2705.17,3217,508630,0,2,188.02,448,2689.02,0.00,2624.48
2735.27,3217,513750,0,3,187.82,448,2689.02,0.00,2713.82
2765.33,3217,519318,0,3,187.80,448,2689.02,0.00,2713.82
2796.38,3218,524662,0,4,187.62,449,2787.98,0.00,2796.29
2826.55,3228,530198,0,4,187.58,451,2813.71,0.00,2796.29
2856.64,3229,535734,0,4,187.54,452,2856.15,0.00,2796.29
2886.71,3229,540918,0,5,187.38,452,2856.15,0.00,2866.23
2916.80,3229,546454,0,5,187.35,452,2856.15,0.00,2866.23
2946.83,3229,552022,0,5,187.33,452,2856.15,0.00,2866.23
2976.86,3229,557622,0,5,187.32,452,2856.15,0.00,2866.23
3006.88,3229,563190,0,5,187.30,452,2856.15,0.00,2866.23
3037.28,3230,568086,0,7,187.04,453,3030.52,0.00,3037.22
3067.39,3230,573286,0,8,186.90,453,3030.52,0.00,3044.84
3097.39,3231,578438,0,9,186.75,454,3079.35,0.00,3070.27
3127.40,3231,584006,0,9,186.74,454,3079.35,0.00,3070.27
3157.46,3231,589574,0,9,186.72,454,3079.35,0.00,3070.27
3187.60,3231,595142,0,9,186.71,454,3079.35,0.00,3070.27
3217.66,3231,600646,0,9,186.67,454,3079.35,0.00,3070.27
3247.74,3231,605414,0,11,186.41,454,3079.35,0.00,3245.38
3277.87,3231,610630,0,12,186.29,454,3079.35,0.00,3270.70
3308.01,3231,616198,0,12,186.27,454,3079.35,0.00,3270.70
3338.14,3231,621766,0,12,186.26,454,3079.35,0.00,3270.70
3368.27,3231,627302,0,12,186.24,454,3079.35,0.00,3270.70
3398.34,3231,632806,0,12,186.21,454,3079.35,0.00,3270.70
3428.40,3234,638374,0,12,186.20,455,3409.76,0.00,3270.70
3458.41,3234,643910,0,12,186.19,455,3409.76,0.00,3270.70
3488.57,3234,649446,0,12,186.16,455,3409.76,0.00,3270.70
3518.71,3234,654662,0,13,186.05,455,3409.76,0.00,3507.47
3548.72,3238,660230,0,13,186.05,456,3541.42,0.00,3507.47
3578.78,3238,665734,0,13,186.02,456,3541.42,0.00,3507.47
3638.82,3238,676742,0,13,185.98,456,3541.42,0.00,3507.47
3698.88,3238,687942,0,13,185.99,456,3541.42,0.00,3507.47
3760.74,3238,698470,0,16,185.73,456,3541.42,0.00,3760.74
3820.84,3238,709782,0,16,185.77,456,3541.42,0.00,3760.74
3880.99,3238,720726,0,17,185.71,456,3541.42,0.00,3841.40
3941.14,3238,731638,0,18,185.64,456,3541.42,0.00,3889.02
4001.18,3238,742006,0,20,185.45,456,3541.42,0.00,3994.09
4061.27,3238,753046,0,20,185.42,456,3541.42,0.00,3994.09
4121.40,3239,764150,0,20,185.41,457,4108.06,0.00,3994.09
4181.49,3239,774838,0,21,185.30,457,4108.06,0.00,4135.09
4241.60,3240,785910,0,21,185.29,458,4237.54,0.00,4135.09
4301.72,3256,796630,0,22,185.19,459,4257.47,0.00,4257.47
4361.79,3256,807286,0,23,185.08,459,4257.47,0.00,4321.83
4421.92,3259,817974,0,24,184.98,460,4370.56,0.00,4403.71
4481.98,3259,828310,0,26,184.81,460,4370.56,0.00,4444.94
4542.08,3260,838614,0,28,184.63,461,4526.31,0.00,4542.06
4602.20,3260,849366,0,29,184.56,461,4526.31,0.00,4554.91
4662.28,3260,860502,0,29,184.57,461,4526.31,0.00,4554.91
4722.42,3260,871254,0,30,184.49,461,4526.31,0.00,4714.50
4782.48,3260,881974,0,31,184.42,461,4526.31,0.00,4743.82
4842.58,3260,893110,0,31,184.43,461,4526.31,0.00,4743.82
4902.73,3262,903414,0,33,184.27,462,4866.80,0.00,4895.26
4962.77,3262,914518,0,33,184.28,462,4866.80,0.00,4895.26
5022.82,3262,925270,0,34,184.21,462,4866.80,0.00,4973.00
5082.82,3268,935958,0,35,184.14,464,5039.33,0.00,5045.35
5142.98,3268,946774,0,36,184.09,464,5039.33,0.00,5112.02
5203.01,3268,956150,0,41,183.77,464,5039.33,0.00,5202.05
5263.12,3268,966358,0,44,183.61,464,5039.33,0.00,5235.47
5323.20,3268,977174,0,45,183.57,464,5039.33,0.00,5296.69
5383.21,3268,987862,0,46,183.51,464,5039.33,0.00,5357.37
5443.25,3268,998582,0,47,183.45,464,5039.33,0.00,5425.39
5503.41,3290,1007371,0,53,183.05,468,5468.14,0.00,5487.95
5563.49,3290,1016975,0,57,182.79,468,5468.14,0.00,5537.63
5623.52,3290,1026915,0,60,182.61,468,5468.14,0.00,5614.59
5683.62,3296,1036535,0,64,182.37,469,5660.19,0.00,5660.11
5743.72,3296,1045103,0,71,181.96,469,5660.19,0.00,5741.19
5803.72,3296,1054763,0,75,181.74,469,5660.19,0.00,5781.74
5863.85,3296,1064787,0,78,181.59,469,5660.19,0.00,5838.15
5923.95,3298,1074839,0,81,181.44,470,5870.80,0.00,5919.47
5984.09,3298,1084443,0,85,181.22,470,5870.80,0.00,5982.19
6044.20,3299,1094483,0,88,181.08,471,6035.89,0.00,6038.48
6104.35,3299,1104479,0,91,180.93,471,6035.89,0.00,6103.67
6164.43,3299,1114475,0,94,180.79,471,6035.89,0.00,6151.52
6224.45,3300,1123339,0,100,180.47,472,6167.60,0.00,6218.80
6284.55,3300,1133699,0,102,180.39,472,6167.60,0.00,6262.57
6346.04,3300,1142843,0,108,180.09,472,6167.60,0.00,6345.99
6406.16,3300,1152867,0,111,179.96,472,6167.60,0.00,6376.02
6466.19,3300,1164179,0,111,180.04,472,6167.60,0.00,6376.02
6526.31,3301,1175127,0,112,180.06,473,6468.30,0.00,6506.64
6586.39,3301,1183947,0,119,179.76,473,6468.30,0.00,6585.70
6646.51,3301,1194055,0,123,179.65,473,6468.30,0.00,6616.24
6706.54,3304,1205171,0,124,179.70,474,6680.66,0.00,6687.92
6766.61,3304,1214719,0,129,179.52,474,6680.66,0.00,6764.54
6826.71,3304,1225779,0,130,179.56,474,6680.66,0.00,6791.89
6886.75,3304,1236083,0,133,179.49,474,6680.66,0.00,6854.85
6946.84,3305,1246779,0,135,179.47,475,6921.77,0.00,6927.77
7006.91,3305,1257083,0,138,179.41,475,6921.77,0.00,6997.24
7067.57,3306,1267135,0,142,179.29,476,7033.92,0.00,7067.54
7127.70,3309,1277831,0,144,179.28,477,7085.04,0.00,7105.78
7187.77,3309,1288543,0,146,179.27,477,7085.04,0.00,7166.23
7247.85,3309,1298903,0,149,179.21,477,7085.04,0.00,7238.60
7307.89,3309,1310383,0,149,179.31,477,7085.04,0.00,7238.60
7367.95,3309,1321023,0,151,179.29,477,7085.04,0.00,7358.64
7427.99,3309,1331747,0,153,179.29,477,7085.04,0.00,7412.06
7488.00,3309,1342471,0,155,179.28,477,7085.04,0.00,7471.76
7548.08,3311,1352035,0,160,179.12,478,7513.88,0.00,7538.78
7608.09,3312,1362059,0,164,179.03,479,7565.18,0.00,7602.21
7668.22,3316,1372867,0,166,179.03,480,7636.46,0.00,7659.09
7728.33,3316,1382443,0,171,178.88,480,7636.46,0.00,7721.57
7788.47,3316,1392831,0,174,178.83,480,7636.46,0.00,7783.85
7848.49,3316,1404003,0,175,178.89,480,7636.46,0.00,7801.12
7908.50,3316,1415567,0,175,178.99,480,7636.46,0.00,7801.12
7969.38,3316,1426123,0,178,178.95,480,7636.46,0.00,7969.37
8029.47,3317,1436399,0,181,178.89,481,7971.83,0.00,8015.17
8089.59,3317,1446339,0,185,178.79,481,7971.83,0.00,8088.64
8149.61,3317,1456615,0,188,178.73,481,7971.83,0.00,8146.74
8209.65,3323,1466107,0,193,178.58,482,8209.22,0.00,8207.13
8270.66,3323,1477055,0,195,178.59,482,8209.22,0.00,8270.62
8330.67,3329,1485791,0,202,178.35,483,8329.01,0.00,8327.05
8390.80,3330,1496543,0,204,178.36,484,8379.16,0.00,8370.96
8450.93,3330,1506483,0,208,178.26,484,8379.16,0.00,8450.81
8511.03,3330,1516059,0,213,178.13,484,8379.16,0.00,8499.87
8571.10,3330,1525159,0,219,177.94,484,8379.16,0.00,8570.60
8631.17,3332,1535087,0,223,177.85,485,8621.68,0.00,8620.21
8691.41,3333,1544999,0,227,177.76,486,8642.90,0.00,8691.37
8751.42,3333,1554855,0,231,177.67,486,8642.90,0.00,8741.16
8811.52,3333,1564319,0,236,177.53,486,8642.90,0.00,8809.66
8871.59,3333,1574959,0,238,177.53,486,8642.90,0.00,8834.84
8931.65,3333,1586019,0,239,177.57,486,8642.90,0.00,8913.18
8993.01,3333,1596183,0,243,177.49,486,8642.90,0.00,8992.93
9053.03,3333,1606879,0,245,177.50,486,8642.90,0.00,9031.57
9113.05,3333,1616399,0,250,177.37,486,8642.90,0.00,9103.01
9173.13,3333,1625919,0,255,177.25,486,8642.90,0.00,9171.78
9233.17,3333,1635383,0,260,177.12,486,8642.90,0.00,9232.49
9293.24,3333,1645267,0,264,177.04,486,8642.90,0.00,9292.15
9355.35,3333,1654355,0,271,176.84,486,8642.90,0.00,9355.34
9415.49,3333,1665023,0,273,176.84,486,8642.90,0.00,9396.83
9475.51,3333,1675327,0,276,176.81,486,8642.90,0.00,9463.21
9535.54,3334,1686387,0,277,176.85,487,9503.91,0.00,9514.02
9596.98,3334,1696159,0,282,176.74,487,9503.91,0.00,9596.85
9656.98,3334,1705259,0,288,176.58,487,9503.91,0.00,9645.36
9717.05,3334,1715815,0,290,176.58,487,9503.91,0.00,9703.19
9777.07,3334,1726387,0,292,176.58,487,9503.91,0.00,9738.80
9837.12,3334,1735487,0,298,176.42,487,9503.91,0.00,9837.08
9897.22,3334,1745287,0,302,176.34,487,9503.91,0.00,9887.12
9957.24,3334,1755899,0,304,176.34,487,9503.91,0.00,9941.94
10017.33,3334,1766875,0,305,176.38,487,9503.91,0.00,9992.30
10077.47,3334,1777179,0,308,176.35,487,9503.91,0.00,10069.21
10137.53,3336,1787007,0,312,176.28,488,10103.77,0.00,10126.22
10197.63,3336,1797691,0,314,176.29,488,10103.77,0.00,10192.89
10257.64,3340,1807115,0,319,176.17,488,10222.67,0.00,10255.67
10317.68,3340,1818119,0,320,176.21,488,10222.67,0.00,10293.05
10377.76,3340,1828383,0,323,176.18,488,10222.67,0.00,10364.58
10438.88,3340,1839583,0,324,176.22,488,10222.67,0.00,10438.74
10498.96,3341,1849831,0,327,176.19,489,10463.73,0.00,10483.04
10559.02,3342,1861255,0,327,176.27,490,10510.35,0.00,10483.04
10619.07,3345,1871911,0,329,176.28,491,10569.89,0.00,10569.89
10679.09,3345,1881795,0,333,176.21,491,10569.89,0.00,10676.39
10739.16,3345,1892491,0,335,176.22,491,10569.89,0.00,10723.61
10799.19,3345,1902375,0,339,176.16,491,10569.89,0.00,10785.48
10859.59,3345,1913155,0,341,176.17,491,10569.89,0.00,10859.53
10919.69,3345,1924271,0,342,176.22,491,10569.89,0.00,10902.14
10979.77,3349,1933343,0,348,176.08,492,10933.34,0.00,10978.72
11039.86,3349,1942079,0,355,175.92,492,10933.34,0.00,11031.21
11099.96,3349,1951963,0,359,175.85,492,10933.34,0.00,11093.69
11160.00,3349,1962183,0,362,175.82,492,10933.34,0.00,11152.73
11220.09,3349,1971283,0,368,175.69,492,10933.34,0.00,11196.00
11280.18,3349,1981503,0,371,175.66,492,10933.34,0.00,11261.85
11340.28,3349,1992115,0,373,175.67,492,10933.34,0.00,11318.96
11401.62,3349,2002251,0,377,175.61,492,10933.34,0.00,11401.58
11461.72,3349,2012135,0,381,175.55,492,10933.34,0.00,11456.53
11521.77,3349,2021655,0,386,175.46,492,10933.34,0.00,11511.82
11581.82,3349,2031931,0,389,175.44,492,10933.34,0.00,11567.72
11642.22,3349,2042655,0,391,175.45,492,10933.34,0.00,11642.19
11702.29,3349,2052511,0,395,175.39,492,10933.34,0.00,11697.26
11762.34,3349,2062395,0,399,175.34,492,10933.34,0.00,11748.73
11822.35,3349,2072251,0,403,175.28,492,10933.34,0.00,11804.29
11882.43,3349,2082947,0,405,175.30,492,10933.34,0.00,11861.21
11943.62,3350,2093811,0,407,175.31,493,11912.84,0.00,11943.48
12003.72,3350,2103247,0,412,175.22,493,11912.84,0.00,11992.94
12063.85,3350,2113371,0,415,175.18,493,11912.84,0.00,12042.89
12123.89,3350,2123339,0,418,175.14,493,11912.84,0.00,12119.24
12183.92,3353,2132091,0,424,174.99,494,12175.23,0.00,12177.78
12243.96,3353,2140911,0,430,174.85,494,12175.23,0.00,12242.29
12303.97,3353,2150459,0,434,174.78,494,12175.23,0.00,12286.77
12364.07,3353,2160331,0,437,174.73,494,12175.23,0.00,12352.71
12424.10,3353,2169459,0,442,174.62,494,12175.23,0.00,12417.28
12484.14,3353,2180155,0,443,174.63,494,12175.23,0.00,12436.94
12544.21,3355,2190095,0,446,174.59,495,12521.29,0.00,12504.34
12605.61,3355,2199167,0,452,174.46,495,12521.29,0.00,12605.51
12665.73,3355,2209667,0,454,174.46,495,12521.29,0.00,12641.52
12725.78,3355,2220419,0,455,174.48,495,12521.29,0.00,12679.05
12785.81,3355,2230695,0,457,174.47,495,12521.29,0.00,12753.10
12845.88,3355,2240203,0,461,174.39,495,12521.29,0.00,12839.64
12905.95,3355,2249751,0,465,174.32,495,12521.29,0.00,12884.58
12966.02,3357,2260083,0,467,174.31,496,12948.07,0.00,12948.07
13026.14,3357,2271199,0,467,174.36,496,12948.07,0.00,12948.07
13086.26,3357,2280551,0,472,174.27,496,12948.07,0.00,13078.52
13146.39,3357,2290603,0,475,174.24,496,12948.07,0.00,13144.40
13206.47,3357,2300179,0,479,174.17,496,12948.07,0.00,13198.25
13266.51,3357,2309799,0,483,174.11,496,12948.07,0.00,13257.06
13326.52,3357,2318647,0,489,173.99,496,12948.07,0.00,13313.73
13386.58,3357,2329023,0,491,173.98,496,12948.07,0.00,13362.35
13447.97,3357,2338431,0,496,173.89,496,12948.07,0.00,13447.84
13508.11,3357,2349155,0,497,173.91,496,12948.07,0.00,13502.87
13568.15,3358,2359543,0,499,173.90,497,13510.87,0.00,13562.34
13628.19,3361,2369567,0,502,173.87,498,13620.52,0.00,13600.33
13688.19,3361,2378751,0,507,173.78,498,13620.52,0.00,13686.12
13749.45,3361,2387823,0,513,173.67,498,13620.52,0.00,13749.43
13810.54,3361,2397975,0,516,173.63,498,13620.52,0.00,13810.45
13870.61,3361,2407943,0,519,173.60,498,13620.52,0.00,13863.58
13930.72,3361,2417955,0,522,173.57,498,13620.52,0.00,13911.86
13990.73,3361,2427559,0,526,173.51,498,13620.52,0.00,13958.61
14052.17,3363,2436295,0,533,173.38,499,14030.67,0.00,14052.02
14112.23,3363,2446627,0,535,173.37,499,14030.67,0.00,14103.81
14172.24,3364,2456175,0,539,173.31,500,14137.09,0.00,14156.00
14232.36,3364,2466227,0,542,173.28,500,14137.09,0.00,14205.53
14292.47,3364,2475999,0,546,173.24,500,14137.09,0.00,14284.33
14352.58,3364,2484595,0,553,173.11,500,14137.09,0.00,14348.41
14412.62,3364,2495123,0,555,173.12,500,14137.09,0.00,14381.01
14472.74,3364,2504811,0,559,173.07,500,14137.09,0.00,14469.41
14532.86,3364,2513731,0,565,172.97,500,14137.09,0.00,14528.41
14594.51,3364,2523391,0,570,172.90,500,14137.09,0.00,14594.38
14654.62,3364,2532743,0,575,172.83,500,14137.09,0.00,14643.82
14714.65,3364,2543187,0,577,172.83,500,14137.09,0.00,14702.74
14774.66,3364,2553295,0,580,172.82,500,14137.09,0.00,14767.24
14834.79,3364,2563823,0,582,172.83,500,14137.09,0.00,14798.11
14894.83,3364,2573875,0,585,172.80,500,14137.09,0.00,14887.07
14954.91,3364,2583243,0,590,172.74,500,14137.09,0.00,14948.09
15014.97,3364,2593323,0,593,172.72,500,14137.09,0.00,14999.97
15075.02,3364,2603375,0,596,172.69,500,14137.09,0.00,15054.71
15135.14,3364,2613343,0,599,172.67,500,14137.09,0.00,15111.55
15195.26,3364,2623759,0,601,172.67,500,14137.09,0.00,15177.35
15255.36,3364,2633839,0,604,172.65,500,14137.09,0.00,15247.38
15315.43,3364,2644171,0,606,172.65,500,14137.09,0.00,15313.10
15375.56,3364,2654923,0,607,172.67,500,14137.09,0.00,15350.43
15435.69,3364,2665339,0,609,172.67,500,14137.09,0.00,15429.43
15495.72,3364,2674887,0,613,172.62,500,14137.09,0.00,15486.00
15555.73,3364,2684899,0,616,172.60,500,14137.09,0.00,15523.87
15615.78,3368,2694979,0,619,172.58,501,15590.55,0.00,15612.44
15675.88,3368,2705059,0,622,172.56,501,15590.55,0.00,15663.10
15736.02,3368,2714803,0,626,172.52,501,15590.55,0.00,15730.23
15796.06,3368,2724939,0,629,172.51,501,15590.55,0.00,15789.30
15856.21,3368,2734347,0,634,172.45,501,15590.55,0.00,15831.81
15916.27,3368,2744511,0,637,172.43,501,15590.55,0.00,15909.16
15976.29,3368,2754143,0,641,172.39,501,15590.55,0.00,15950.76
16036.34,3368,2762627,0,648,172.27,501,15590.55,0.00,16030.10
16096.46,3368,2772651,0,651,172.25,501,15590.55,0.00,16088.12
16156.59,3368,2783011,0,653,172.25,501,15590.55,0.00,16131.94
16216.65,3368,2792615,0,657,172.21,501,15590.55,0.00,16202.79
16276.67,3368,2802219,0,661,172.16,501,15590.55,0.00,16275.50
16336.67,3368,2811459,0,666,172.09,501,15590.55,0.00,16334.82
16396.78,3368,2821147,0,670,172.05,501,15590.55,0.00,16394.33
16456.88,3368,2831955,0,671,172.08,501,15590.55,0.00,16451.58
16518.18,3368,2841783,0,675,172.04,501,15590.55,0.00,16518.17
16578.26,3368,2850687,0,681,171.95,501,15590.55,0.00,16574.01
16638.37,3368,2861131,0,683,171.96,501,15590.55,0.00,16636.61
16698.44,3368,2869195,0,691,171.82,501,15590.55,0.00,16696.86
16758.47,3368,2878015,0,697,171.73,501,15590.55,0.00,16751.35
16818.59,3368,2886863,0,703,171.65,501,15590.55,0.00,16814.28
16878.70,3368,2896875,0,706,171.63,501,15590.55,0.00,16869.81
16938.75,3368,2906871,0,709,171.61,501,15590.55,0.00,16921.26
16999.32,3368,2916195,0,714,171.55,501,15590.55,0.00,16999.29
17059.42,3368,2925883,0,718,171.51,501,15590.55,0.00,17032.84
17119.43,3368,2934791,0,724,171.43,501,15590.55,0.00,17112.47
17179.45,3368,2944439,0,728,171.39,501,15590.55,0.00,17171.58
17239.50,3368,2955247,0,729,171.42,501,15590.55,0.00,17197.01
17301.22,3368,2965635,0,732,171.41,501,15590.55,0.00,17301.20
17361.23,3368,2974903,0,737,171.35,501,15590.55,0.00,17361.22
17421.28,3368,2985291,0,739,171.36,501,15590.55,0.00,17408.25
17481.79,3368,2995399,0,742,171.34,501,15590.55,0.00,17481.75
17541.84,3368,3005479,0,745,171.33,501,15590.55,0.00,17502.53
17601.85,3368,3015083,0,749,171.29,501,15590.55,0.00,17598.24
17661.98,3368,3024351,0,754,171.24,501,15590.55,0.00,17647.61
17722.00,3368,3033955,0,758,171.20,501,15590.55,0.00,17713.73
17782.04,3368,3043587,0,762,171.16,501,15590.55,0.00,17754.96
17843.45,3368,3053863,0,765,171.15,501,15590.55,0.00,17843.37
17903.56,3368,3063523,0,769,171.11,501,15590.55,0.00,17899.33
17963.64,3369,3073491,0,772,171.10,502,17915.27,0.00,17934.43
18023.69,3369,3083459,0,775,171.08,502,17915.27,0.00,17994.14
18083.78,3369,3093107,0,779,171.04,502,17915.27,0.00,18072.56
18143.92,3369,3103523,0,781,171.05,502,17915.27,0.00,18132.65
18204.28,3369,3111307,0,790,170.91,502,17915.27,0.00,18204.17
18264.34,3370,3120199,0,796,170.84,503,18257.85,0.00,18263.82
18324.40,3370,3130503,0,798,170.84,503,18257.85,0.00,18288.86
18384.44,3370,3139687,0,803,170.78,503,18257.85,0.00,18381.35
18444.51,3371,3150327,0,804,170.80,504,18442.68,0.00,18429.12
18504.54,3371,3160295,0,807,170.78,504,18442.68,0.00,18481.62
18564.58,3371,3170655,0,809,170.79,504,18442.68,0.00,18533.09
18624.69,3371,3181015,0,811,170.80,504,18442.68,0.00,18608.63
18684.82,3371,3191011,0,814,170.78,504,18442.68,0.00,18674.19
18744.84,3371,3201427,0,816,170.79,504,18442.68,0.00,18737.39
18804.93,3371,3211451,0,819,170.78,504,18442.68,0.00,18793.78
18865.00,3371,3221055,0,823,170.74,504,18442.68,0.00,18836.79
18925.13,3371,3230295,0,828,170.69,504,18442.68,0.00,18918.28
18985.24,3371,3239955,0,831,170.66,504,18442.68,0.00,18980.83
19045.38,3371,3248803,0,836,170.58,504,18442.68,0.00,19021.34
19107.12,3371,3257623,0,842,170.49,504,18442.68,0.00,19107.08
19167.16,3371,3267535,0,844,170.48,504,18442.68,0.00,19152.23
19227.24,3375,3277491,0,846,170.46,505,19178.82,0.00,19196.48
19287.26,3375,3287419,0,848,170.45,505,19178.82,0.00,19286.54
19347.33,3375,3296967,0,851,170.41,505,19178.82,0.00,19341.20
19407.41,3375,3306235,0,855,170.36,505,19178.82,0.00,19405.56
19467.45,3375,3315407,0,859,170.31,505,19178.82,0.00,19466.75
19527.53,3375,3324983,0,862,170.27,505,19178.82,0.00,19489.45
19587.64,3375,3334951,0,864,170.26,505,19178.82,0.00,19566.95
19647.67,3375,3343883,0,869,170.19,505,19178.82,0.00,19626.83
19707.74,3375,3353447,0,872,170.16,505,19178.82,0.00,19703.53
19769.46,3375,3362995,0,876,170.11,505,19178.82,0.00,19769.46
19829.53,3375,3372671,0,879,170.08,505,19178.82,0.00,19809.98
19889.56,3375,3381211,0,885,170.00,505,19178.82,0.00,19871.43
19949.58,3375,3390843,0,888,169.97,505,19178.82,0.00,19926.51
20009.71,3375,3400811,0,890,169.96,505,19178.82,0.00,19992.23
20069.74,3375,3409687,0,895,169.89,505,19178.82,0.00,20068.36
20129.76,3375,3419319,0,898,169.86,505,19178.82,0.00,20094.34
20189.87,3375,3429679,0,899,169.87,505,19178.82,0.00,20141.39
20251.56,3375,3439955,0,901,169.86,505,19178.82,0.00,20251.49
20312.81,3375,3449071,0,906,169.80,505,19178.82,0.00,20312.73
20372.85,3375,3459067,0,908,169.79,505,19178.82,0.00,20360.13
20432.94,3375,3469427,0,909,169.80,505,19178.82,0.00,20411.20
20493.01,3375,3479423,0,911,169.79,505,19178.82,0.00,20445.05
20553.08,3375,3488719,0,915,169.74,505,19178.82,0.00,20550.70
20613.10,3375,3499079,0,916,169.75,505,19178.82,0.00,20612.86
20674.86,3375,3507871,0,922,169.67,505,19178.82,0.00,20674.76
20734.98,3375,3516819,0,927,169.61,505,19178.82,0.00,20728.79
20797.00,3377,3526059,0,932,169.55,506,20752.13,0.00,20796.88
20857.16,3377,3535271,0,936,169.50,506,20752.13,0.00,20828.89
20917.29,3377,3544931,0,939,169.47,506,20752.13,0.00,20895.81
20977.35,3377,3554243,0,943,169.43,506,20752.13,0.00,20958.45
21037.45,3377,3563175,0,948,169.37,506,20752.13,0.00,21031.31
21097.54,3377,3571743,0,954,169.30,506,20752.13,0.00,21073.90
21157.57,3381,3580339,0,960,169.22,507,21130.26,0.00,21148.17
21217.58,3381,3590351,0,962,169.22,507,21130.26,0.00,21216.86
21277.67,3381,3599283,0,967,169.16,507,21130.26,0.00,21267.24
21337.69,3381,3608635,0,971,169.12,507,21130.26,0.00,21325.38
21397.85,3381,3618631,0,973,169.11,507,21130.26,0.00,21366.90
21457.89,3385,3627619,0,978,169.06,509,21432.08,0.00,21451.18
21519.26,3385,3637531,0,981,169.04,509,21432.08,0.00,21519.23
21579.31,3385,3647163,0,984,169.01,509,21432.08,0.00,21578.57
21639.36,3385,3656851,0,987,168.99,509,21432.08,0.00,21623.27
21699.44,3385,3666903,0,989,168.99,509,21432.08,0.00,21670.88
21759.44,3385,3676227,0,993,168.95,509,21432.08,0.00,21748.95
21819.51,3385,3685495,0,997,168.91,509,21432.08,0.00,21806.30
21879.59,3385,3694791,0,1001,168.87,509,21432.08,0.00,21866.97
21939.62,3385,3703067,0,1008,168.78,509,21432.08,0.00,21933.72
21999.73,3385,3712755,0,1011,168.76,509,21432.08,0.00,21993.95
22059.77,3385,3723171,0,1012,168.78,509,21432.08,0.00,22033.69
22119.90,3385,3733195,0,1014,168.77,509,21432.08,0.00,22101.07
22180.20,3385,3742603,0,1018,168.74,509,21432.08,0.00,22180.18
22241.80,3385,3752571,0,1021,168.72,509,21432.08,0.00,22241.71
22301.81,3385,3762567,0,1023,168.71,509,21432.08,0.00,22295.70
22362.91,3385,3772815,0,1025,168.71,509,21432.08,0.00,22362.81
22423.03,3385,3783203,0,1026,168.72,509,21432.08,0.00,22387.07
22484.26,3385,3792387,0,1031,168.67,509,21432.08,0.00,22484.12
22544.34,3385,3802019,0,1034,168.65,509,21432.08,0.00,22515.77
22604.44,3385,3811639,0,1037,168.62,509,21432.08,0.00,22585.46
22664.50,3385,3821691,0,1039,168.62,509,21432.08,0.00,22659.03
22724.65,3385,3832107,0,1040,168.63,509,21432.08,0.00,22721.97
22784.67,3386,3841795,0,1043,168.61,510,22767.69,0.00,22778.57
22844.72,3386,3851455,0,1046,168.59,510,22767.69,0.00,22843.07
22904.76,3386,3862027,0,1047,168.61,510,22767.69,0.00,22865.74
22964.82,3386,3871827,0,1050,168.60,510,22767.69,0.00,22935.74
23024.87,3386,3881235,0,1054,168.57,510,22767.69,0.00,23012.60
23085.01,3386,3890587,0,1058,168.53,510,22767.69,0.00,23084.00
23145.06,3386,3899911,0,1062,168.50,510,22767.69,0.00,23137.27
23205.16,3386,3910019,0,1064,168.50,510,22767.69,0.00,23187.28
23265.21,3386,3919007,0,1069,168.45,510,22767.69,0.00,23263.82
23325.25,3386,3928331,0,1073,168.42,510,22767.69,0.00,23325.05
23385.38,3386,3937363,0,1078,168.37,510,22767.69,0.00,23376.42
23445.49,3386,3947107,0,1081,168.35,510,22767.69,0.00,23417.74
23505.52,3386,3957131,0,1083,168.35,510,22767.69,0.00,23498.24
23565.58,3449,3966785,0,1086,168.33,535,23558.24,0.00,23560.88
23625.68,3470,3976085,0,1090,168.30,545,23617.63,0.00,23602.48
23685.84,3475,3986921,0,1090,168.33,549,23664.84,0.00,23602.48
23745.86,3481,3997281,0,1091,168.34,554,23744.81,0.00,23695.88
23806.00,3484,4007305,0,1093,168.33,557,23801.74,0.00,23772.89
23866.02,3492,4018113,0,1093,168.36,561,23865.88,0.00,23772.89
23926.02,3512,4028550,0,1094,168.38,570,23911.88,0.00,23914.14
23986.09,3515,4038222,0,1097,168.36,573,23969.65,0.00,23984.32
24046.23,3516,4046860,0,1103,168.29,574,24044.05,0.00,24042.92
24106.30,3518,4057312,0,1104,168.31,576,24074.53,0.00,24067.77
24166.35,3519,4066698,0,1108,168.28,577,24129.15,0.00,24163.41
24226.43,3519,4076500,0,1111,168.27,577,24129.15,0.00,24221.31
24286.48,3519,4086796,0,1113,168.27,577,24129.15,0.00,24272.25
24346.48,3519,4096858,0,1115,168.27,577,24129.15,0.00,24333.87
24406.57,3519,4106608,0,1118,168.26,577,24129.15,0.00,24384.51
24466.67,3519,4117060,0,1119,168.27,577,24129.15,0.00,24420.88
24526.68,3520,4126784,0,1122,168.26,578,24474.31,0.00,24523.52
24586.70,3520,4136820,0,1124,168.25,578,24474.31,0.00,24562.83
24646.85,3520,4144984,0,1131,168.17,578,24474.31,0.00,24646.05
24706.94,3522,4154266,0,1135,168.14,579,24673.07,0.00,24697.70
24766.98,3525,4164302,0,1137,168.14,580,24755.59,0.00,24741.32
24828.29,3529,4173376,0,1142,168.09,582,24823.73,0.00,24828.27
24888.38,3529,4184088,0,1142,168.11,582,24823.73,0.00,24828.27
24948.48,3530,4192996,0,1147,168.07,583,24947.28,0.00,24939.56
25008.54,3530,4202668,0,1150,168.05,583,24947.28,0.00,24994.16
25068.63,3530,4212730,0,1152,168.05,583,24947.28,0.00,25051.28
25128.67,3530,4222376,0,1155,168.03,583,24947.28,0.00,25120.64
25188.77,3530,4232048,0,1158,168.01,583,24947.28,0.00,25179.10
25248.77,3530,4242370,0,1159,168.02,583,24947.28,0.00,25232.45
25310.64,3531,4252302,0,1162,168.00,584,25307.31,0.00,25310.55
25370.70,3531,4261896,0,1165,167.98,584,25307.31,0.00,25334.88
25431.79,3531,4272062,0,1167,167.98,584,25307.31,0.00,25431.74
25491.93,3531,4281630,0,1170,167.96,584,25307.31,0.00,25452.44
25553.95,3531,4290886,0,1175,167.91,584,25307.31,0.00,25553.91
25613.98,3532,4301286,0,1176,167.93,585,25574.77,0.00,25563.65
25674.09,3532,4309986,0,1182,167.87,585,25574.77,0.00,25671.58
25734.16,3544,4320204,0,1184,167.88,588,25708.78,0.00,25711.09
25794.20,3544,4329876,0,1187,167.86,588,25708.78,0.00,25768.73
25854.22,3544,4340224,0,1188,167.87,588,25708.78,0.00,25829.96
25914.26,3544,4350234,0,1190,167.87,588,25708.78,0.00,25910.88
25974.33,3544,4360218,0,1192,167.87,588,25708.78,0.00,25946.05
26034.42,3544,4369136,0,1197,167.82,588,25708.78,0.00,26025.33
26094.44,3544,4378782,0,1200,167.81,588,25708.78,0.00,26075.20
26154.54,3544,4388454,0,1203,167.79,588,25708.78,0.00,26137.16
26214.64,3544,4398126,0,1206,167.77,588,25708.78,0.00,26201.18
26274.79,3544,4408178,0,1208,167.77,588,25708.78,0.00,26241.11
26335.89,3544,4417590,0,1212,167.74,588,25708.78,0.00,26335.80
26395.95,3544,4427990,0,1213,167.75,588,25708.78,0.00,26349.05
26456.06,3544,4438000,0,1215,167.75,588,25708.78,0.00,26413.22
26516.14,3544,4448374,0,1216,167.76,588,25708.78,0.00,26498.90
26577.48,3544,4457526,0,1221,167.72,588,25708.78,0.00,26577.37
26637.52,3544,4466418,0,1226,167.67,588,25708.78,0.00,26620.63
26697.53,3544,4475648,0,1230,167.64,588,25708.78,0.00,26689.22
26757.58,3544,4485996,0,1231,167.65,588,25708.78,0.00,26754.52
26817.66,3544,4495278,0,1235,167.62,588,25708.78,0.00,26815.99
26877.81,3544,4504950,0,1238,167.61,588,25708.78,0.00,26875.50
26937.87,3545,4515064,0,1240,167.61,589,26892.40,0.00,26929.24
26997.91,3545,4525048,0,1242,167.61,589,26892.40,0.00,26968.94
27058.06,3545,4533576,0,1248,167.55,589,26892.40,0.00,27047.89
27118.08,3545,4543248,0,1251,167.54,589,26892.40,0.00,27089.72
27178.22,3545,4554194,0,1251,167.57,589,26892.40,0.00,27089.72
27238.35,3546,4563242,0,1256,167.53,590,27185.16,0.00,27236.98
27298.35,3546,4573304,0,1258,167.53,590,27185.16,0.00,27286.20
27358.36,3546,4583070,0,1261,167.52,590,27185.16,0.00,27335.31
27420.40,3546,4591988,0,1267,167.47,590,27185.16,0.00,27420.31
27480.42,3546,4602258,0,1268,167.47,590,27185.16,0.00,27430.28
27540.56,3546,4611852,0,1271,167.46,590,27185.16,0.00,27538.96
27600.62,3546,4622096,0,1272,167.46,590,27185.16,0.00,27592.30
27660.67,3550,4631690,0,1275,167.45,592,27649.89,0.00,27652.22
27720.73,3551,4641752,0,1277,167.45,593,27718.24,0.00,27686.81
27780.83,3551,4650644,0,1282,167.40,593,27718.24,0.00,27777.61
27840.89,3551,4660732,0,1284,167.41,593,27718.24,0.00,27833.68
27900.93,3551,4670664,0,1286,167.40,593,27718.24,0.00,27883.25
27961.06,3551,4681012,0,1287,167.41,593,27718.24,0.00,27958.58
28021.06,3551,4691022,0,1289,167.41,593,27718.24,0.00,27974.10
28081.07,3551,4700616,0,1292,167.39,593,27718.24,0.00,28076.41
28141.18,3551,4709888,0,1296,167.37,593,27718.24,0.00,28136.50
28201.30,3551,4719170,0,1300,167.34,593,27718.24,0.00,28191.81
28261.31,3551,4729492,0,1301,167.35,593,27718.24,0.00,28242.77
28321.41,3551,4739164,0,1304,167.34,593,27718.24,0.00,28304.14
28381.48,3551,4748852,0,1307,167.32,593,27718.24,0.00,28362.37
28441.53,3551,4758498,0,1310,167.31,593,27718.24,0.00,28408.91
28501.65,3552,4767416,0,1315,167.27,594,28462.79,0.00,28493.77
28561.76,3553,4776906,0,1319,167.25,595,28527.19,0.00,28557.13
28621.87,3553,4787436,0,1320,167.26,595,28527.19,0.00,28596.73
28681.96,3553,4795678,0,1327,167.20,595,28527.19,0.00,28676.57
28741.98,3553,4806104,0,1328,167.22,595,28527.19,0.00,28729.30
28802.09,3553,4816530,0,1329,167.23,595,28527.19,0.00,28754.98
28862.21,3553,4827294,0,1329,167.25,595,28527.19,0.00,28754.98
28922.25,3553,4836290,0,1334,167.22,595,28527.19,0.00,28921.97
28982.27,3553,4846378,0,1336,167.22,595,28527.19,0.00,28965.43
29042.27,3553,4856804,0,1337,167.23,595,28527.19,0.00,28994.39
29102.35,3553,4866882,0,1339,167.23,595,28527.19,0.00,29100.77
29162.43,3553,4876242,0,1343,167.21,595,28527.19,0.00,29149.71
29222.48,3553,4885576,0,1347,167.19,595,28527.19,0.00,29201.77
29282.52,3554,4894874,0,1351,167.16,596,29262.40,0.00,29246.84
29344.58,3555,4904182,0,1356,167.12,597,29321.69,0.00,29344.49
29404.69,3556,4914140,0,1358,167.12,598,29377.28,0.00,29367.81
29464.71,3556,4923396,0,1362,167.09,598,29377.28,0.00,29453.05
29524.71,3556,4934056,0,1362,167.12,598,29377.28,0.00,29453.05
29584.81,3557,4943000,0,1367,167.08,599,29561.58,0.00,29582.59
29644.96,3557,4953244,0,1368,167.09,599,29561.58,0.00,29606.67
29705.08,3558,4962500,0,1372,167.06,600,29667.18,0.00,29703.97
29765.08,3558,4971756,0,1376,167.03,600,29667.18,0.00,29760.09
29825.14,3559,4981558,0,1379,167.03,601,29806.53,0.00,29822.45
29885.19,3559,4991698,0,1381,167.03,601,29806.53,0.00,29862.45
29945.29,3559,5001500,0,1384,167.02,601,29806.53,0.00,29933.58
30005.38,3559,5011302,0,1387,167.01,601,29806.53,0.00,29995.24
30065.46,3560,5021754,0,1388,167.03,602,30012.19,0.00,30037.72
30125.47,3560,5031374,0,1391,167.01,602,30012.19,0.00,30088.87
30185.60,3560,5041020,0,1394,167.00,602,30012.19,0.00,30177.23
30245.66,3560,5050978,0,1396,167.00,602,30012.19,0.00,30242.21
30305.78,3560,5061274,0,1397,167.01,602,30012.19,0.00,30288.98
30365.85,3560,5071648,0,1398,167.02,602,30012.19,0.00,30354.90
30426.67,3560,5081424,0,1401,167.01,602,30012.19,0.00,30426.61
30486.73,3560,5091772,0,1402,167.02,602,30012.19,0.00,30475.02
30546.74,3560,5101028,0,1406,166.99,602,30012.19,0.00,30542.06
30606.84,3560,5110310,0,1410,166.97,602,30012.19,0.00,30588.21
30666.88,3560,5120632,0,1411,166.98,602,30012.19,0.00,30618.47
30726.97,3561,5129592,0,1416,166.94,603,30713.58,0.00,30726.70
30786.98,3562,5138848,0,1420,166.92,604,30781.81,0.00,30757.56
30847.09,3562,5147740,0,1425,166.88,604,30781.81,0.00,30842.85
30907.13,3562,5157750,0,1427,166.88,604,30781.81,0.00,30904.48
30967.16,3562,5166616,0,1432,166.84,604,30781.81,0.00,30965.76
31027.16,3563,5176184,0,1435,166.83,605,30969.95,0.00,30993.10
31087.22,3564,5185076,0,1440,166.79,606,31057.70,0.00,31084.37
31147.36,3564,5195476,0,1441,166.80,606,31057.70,0.00,31093.48
31207.41,3565,5204758,0,1445,166.78,607,31184.01,0.00,31188.08
31267.57,3565,5215158,0,1446,166.79,607,31184.01,0.00,31257.98
31327.60,3565,5225584,0,1447,166.80,607,31184.01,0.00,31322.99
31388.91,3565,5235438,0,1450,166.79,607,31184.01,0.00,31388.78
31449.00,3565,5245032,0,1453,166.78,607,31184.01,0.00,31426.52
31509.45,3565,5253976,0,1458,166.74,607,31184.01,0.00,31509.36
31569.59,3565,5264012,0,1460,166.74,607,31184.01,0.00,31554.74
31629.60,3566,5273294,0,1464,166.72,608,31622.38,0.00,31619.56
31689.61,3566,5283668,0,1465,166.73,608,31622.38,0.00,31632.62
31749.61,3566,5294016,0,1466,166.74,608,31622.38,0.00,31726.39
31809.70,3566,5304000,0,1468,166.74,608,31622.38,0.00,31782.98
31869.75,3566,5313620,0,1471,166.73,608,31622.38,0.00,31848.14
31929.80,3566,5323630,0,1473,166.73,608,31622.38,0.00,31917.36
31989.86,3566,5332834,0,1477,166.70,608,31622.38,0.00,31969.38
32049.96,3566,5342480,0,1480,166.69,608,31622.38,0.00,32028.78
32110.05,3566,5352870,0,1481,166.70,608,31622.38,0.00,32085.93
32170.13,3566,5362178,0,1485,166.68,608,31622.38,0.00,32163.14
32230.19,3566,5370784,0,1491,166.64,608,31622.38,0.00,32214.12
32290.22,3566,5379770,0,1496,166.61,608,31622.38,0.00,32281.65
32350.30,3566,5389364,0,1499,166.59,608,31622.38,0.00,32341.47
32410.35,3566,5399712,0,1500,166.60,608,31622.38,0.00,32390.60
32470.44,3566,5409358,0,1503,166.59,608,31622.38,0.00,32444.90
32530.54,3566,5418614,0,1507,166.57,608,31622.38,0.00,32516.06
32590.67,3566,5427896,0,1511,166.55,608,31622.38,0.00,32582.21
32650.70,3566,5437438,0,1514,166.53,608,31622.38,0.00,32638.32
32710.75,3566,5446336,0,1519,166.50,608,31622.38,0.00,32710.69
32770.85,3566,5456284,0,1521,166.50,608,31622.38,0.00,32741.30
32830.93,3566,5465904,0,1524,166.49,608,31622.38,0.00,32830.33
32891.03,3566,5475472,0,1527,166.47,608,31622.38,0.00,32881.28
32951.06,3566,5485404,0,1529,166.47,608,31622.38,0.00,32943.10
33011.09,3569,5495284,0,1531,166.47,609,32985.65,0.00,32984.26
33071.17,3569,5504878,0,1534,166.46,609,32985.65,0.00,33038.41
33131.20,3569,5514810,0,1536,166.45,609,32985.65,0.00,33103.60
33191.32,3569,5524394,0,1539,166.44,609,32985.65,0.00,33180.72
33251.37,3569,5534768,0,1540,166.45,609,32985.65,0.00,33238.55
33311.53,3569,5543582,0,1545,166.42,609,32985.65,0.00,33286.49
33371.66,3569,5553166,0,1548,166.40,609,32985.65,0.00,33367.44
33431.75,3569,5563488,0,1549,166.41,609,32985.65,0.00,33377.50
33491.86,3569,5572666,0,1553,166.39,609,32985.65,0.00,33488.73
33551.93,3569,5581496,0,1558,166.35,609,32985.65,0.00,33549.63
33612.08,3571,5590352,0,1563,166.32,610,33575.91,0.00,33610.40
33672.17,3571,5600674,0,1564,166.33,610,33575.91,0.00,33642.96
33732.27,3571,5609956,0,1568,166.31,610,33575.91,0.00,33730.85
33792.40,3571,5620252,0,1569,166.32,610,33575.91,0.00,33775.93
33852.54,3571,5629170,0,1574,166.28,610,33575.91,0.00,33841.76
33912.66,3571,5638728,0,1577,166.27,610,33575.91,0.00,33907.78
33972.67,3572,5648270,0,1580,166.26,611,33945.22,0.00,33967.38
34032.69,3572,5657620,0,1583,166.24,611,33945.22,0.00,34030.52
34092.77,3572,5667942,0,1584,166.25,611,33945.22,0.00,34037.04
34152.86,3572,5677510,0,1587,166.24,611,33945.22,0.00,34138.38
34212.99,3572,5687884,0,1588,166.25,611,33945.22,0.00,34204.55
34274.04,3572,5697686,0,1591,166.24,611,33945.22,0.00,34273.91
34334.08,3572,5707660,0,1593,166.24,611,33945.22,0.00,34325.64
34394.17,3572,5716552,0,1598,166.21,611,33945.22,0.00,34393.60
34454.18,3572,5726510,0,1600,166.21,611,33945.22,0.00,34417.67
34514.29,3572,5735714,0,1604,166.18,611,33945.22,0.00,34511.93
34575.47,3572,5744814,0,1609,166.15,611,33945.22,0.00,34575.40
34637.46,3572,5755188,0,1611,166.16,611,33945.22,0.00,34637.34
34697.60,3572,5765510,0,1612,166.16,611,33945.22,0.00,34652.87
34757.74,3574,5775510,0,1614,166.16,612,34721.46,0.00,34744.91
34817.83,3574,5785910,0,1615,166.18,612,34721.46,0.00,34790.09
34877.86,3574,5796674,0,1615,166.20,612,34721.46,0.00,34790.09
34937.92,3574,5806632,0,1617,166.20,612,34721.46,0.00,34913.82
34998.02,3574,5816242,0,1620,166.19,612,34721.46,0.00,34965.30
35058.10,3574,5826226,0,1622,166.19,612,34721.46,0.00,35046.14
35118.11,3574,5836210,0,1624,166.19,612,34721.46,0.00,35085.24
35178.14,3574,5845830,0,1627,166.18,612,34721.46,0.00,35139.97
35238.18,3574,5856168,0,1628,166.19,612,34721.46,0.00,35196.39
35298.26,3574,5865814,0,1631,166.18,612,34721.46,0.00,35297.55
35358.34,3574,5875850,0,1633,166.18,612,34721.46,0.00,35349.61
35418.45,3574,5885132,0,1637,166.16,612,34721.46,0.00,35405.60
35478.59,3578,5894830,0,1640,166.15,613,35443.29,0.00,35477.22
35538.72,3578,5904476,0,1643,166.14,613,35443.29,0.00,35516.78
35598.85,3578,5914174,0,1646,166.13,613,35443.29,0.00,35587.58
35658.94,3578,5924522,0,1647,166.14,613,35443.29,0.00,35636.31
35719.01,3578,5934844,0,1648,166.15,613,35443.29,0.00,35706.46
35779.05,3578,5943736,0,1653,166.12,613,35443.29,0.00,35773.62
35839.18,3578,5952992,0,1657,166.10,613,35443.29,0.00,35825.38
35899.21,3588,5962248,0,1661,166.08,614,35862.34,0.00,35882.98
35959.24,3588,5971452,0,1665,166.06,614,35862.34,0.00,35943.35
36019.31,3588,5980318,0,1670,166.03,614,35862.34,0.00,36017.40
36079.45,3588,5989538,0,1674,166.01,614,35862.34,0.00,36072.31
36139.53,3590,5998378,0,1679,165.98,615,36099.53,0.00,36137.29
36199.66,3590,6008440,0,1681,165.98,615,36099.53,0.00,36190.73
36259.76,3590,6017332,0,1686,165.95,615,36099.53,0.00,36256.92
36319.86,3590,6026926,0,1689,165.94,615,36099.53,0.00,36302.97
36379.88,3590,6036026,0,1692,165.92,615,36099.53,0.00,36379.13
36439.89,3590,6045256,0,1696,165.90,615,36099.53,0.00,36437.99
36500.75,3590,6054642,0,1700,165.88,615,36099.53,0.00,36500.74
36560.78,3590,6064626,0,1702,165.88,615,36099.53,0.00,36533.57
36620.89,3590,6074584,0,1704,165.88,615,36099.53,0.00,36573.00
36680.92,3590,6083112,0,1710,165.84,615,36099.53,0.00,36662.96
36741.06,3590,6093460,0,1711,165.85,615,36099.53,0.00,36733.33
36801.15,3590,6103860,0,1712,165.86,615,36099.53,0.00,36788.93
36861.26,3590,6114624,0,1712,165.88,615,36099.53,0.00,36788.93
36921.37,3590,6124166,0,1715,165.87,615,36099.53,0.00,36909.39
36981.48,3590,6133786,0,1718,165.86,615,36099.53,0.00,36962.97
37041.56,3590,6143770,0,1720,165.86,615,36099.53,0.00,37030.63
37101.65,3590,6154196,0,1721,165.87,615,36099.53,0.00,37057.44
37161.78,3590,6164258,0,1723,165.88,615,36099.53,0.00,37153.95
37221.86,3590,6173488,0,1727,165.86,615,36099.53,0.00,37212.39
37281.93,3590,6183150,0,1730,165.85,615,36099.53,0.00,37270.77
37341.99,3591,6193446,0,1731,165.86,616,37320.36,0.00,37341.39
37402.10,3591,6202364,0,1736,165.83,616,37320.36,0.00,37399.91
37462.23,3591,6212702,0,1737,165.84,616,37320.36,0.00,37460.72
37522.30,3591,6221906,0,1741,165.82,616,37320.36,0.00,37521.00
37582.38,3591,6231890,0,1743,165.82,616,37320.36,0.00,37553.02
37642.39,3591,6240746,0,1748,165.79,616,37320.36,0.00,37630.27
37702.40,3591,6250730,0,1750,165.79,616,37320.36,0.00,37702.02
37762.44,3591,6260324,0,1753,165.78,616,37320.36,0.00,37739.19
37822.56,3591,6270308,0,1755,165.78,616,37320.36,0.00,37780.07
37882.69,3591,6279616,0,1759,165.76,616,37320.36,0.00,37881.30
37942.73,3591,6289574,0,1761,165.76,616,37320.36,0.00,37937.60
38002.80,3591,6298440,0,1766,165.74,616,37320.36,0.00,37981.23
38063.42,3591,6308190,0,1769,165.73,616,37320.36,0.00,38063.40
38123.46,3591,6317784,0,1772,165.72,616,37320.36,0.00,38111.05
38183.47,3591,6327316,0,1775,165.71,616,37320.36,0.00,38176.64
38243.59,3591,6337586,0,1776,165.72,616,37320.36,0.00,38238.20
38303.68,3591,6347206,0,1779,165.71,616,37320.36,0.00,38282.96
38363.77,3591,6357502,0,1780,165.72,616,37320.36,0.00,38356.30
38423.81,3591,6367408,0,1782,165.72,616,37320.36,0.00,38409.84
38483.91,3591,6376264,0,1787,165.69,616,37320.36,0.00,38480.97
38544.30,3591,6386196,0,1789,165.68,616,37320.36,0.00,38544.23
38604.43,3591,6395452,0,1793,165.67,616,37320.36,0.00,38596.43
38666.04,3591,6405670,0,1795,165.67,616,37320.36,0.00,38665.91
38726.08,3591,6415992,0,1796,165.68,616,37320.36,0.00,38713.71
38786.12,3591,6424510,0,1802,165.64,616,37320.36,0.00,38778.63
38846.13,3591,6433844,0,1806,165.62,616,37320.36,0.00,38828.33
38906.17,3596,6443100,0,1810,165.61,617,38868.55,0.00,38897.39
38966.23,3596,6452668,0,1813,165.60,617,38868.55,0.00,38961.62
39026.24,3596,6461716,0,1818,165.57,617,38868.55,0.00,38998.05
39086.28,3596,6471882,0,1820,165.58,617,38868.55,0.00,39065.25
39147.84,3596,6482100,0,1822,165.58,617,38868.55,0.00,39147.80
39207.85,3596,6491330,0,1826,165.56,617,38868.55,0.00,39200.73
39267.86,3596,6501626,0,1827,165.57,617,38868.55,0.00,39258.50
39327.88,3596,6510804,0,1831,165.55,617,38868.55,0.00,39326.13
39387.91,3596,6520034,0,1835,165.53,617,38868.55,0.00,39377.88
39448.04,3596,6529602,0,1838,165.52,617,38868.55,0.00,39447.15
39508.17,3596,6538468,0,1843,165.50,617,38868.55,0.00,39476.88
39568.30,3596,6549180,0,1843,165.52,617,38868.55,0.00,39476.88
39628.39,3596,6558358,0,1847,165.50,617,38868.55,0.00,39608.66
39689.21,3596,6567770,0,1851,165.48,617,38868.55,0.00,39689.13
39749.23,3596,6577728,0,1853,165.48,617,38868.55,0.00,39746.34
39811.20,3596,6587998,0,1855,165.48,617,38868.55,0.00,39811.08
39871.25,3596,6597202,0,1859,165.46,617,38868.55,0.00,39863.20
39931.30,3596,6606822,0,1862,165.45,617,38868.55,0.00,39921.16
39991.40,3596,6617144,0,1863,165.46,617,38868.55,0.00,39978.79
40051.50,3596,6627076,0,1865,165.46,617,38868.55,0.00,40027.92
40111.58,3596,6637034,0,1867,165.46,617,38868.55,0.00,40082.90
40171.62,3596,6646940,0,1869,165.46,617,38868.55,0.00,40170.83
40231.72,3596,6656482,0,1872,165.45,617,38868.55,0.00,40228.49
40291.82,3596,6666414,0,1874,165.45,617,38868.55,0.00,40245.86
40351.82,3606,6675243,0,1879,165.43,623,40343.63,0.00,40340.60
40411.93,3612,6684147,0,1884,165.40,626,40405.73,0.00,40407.92
40472.01,3612,6693807,0,1887,165.39,626,40405.73,0.00,40470.54
40532.10,3614,6702419,0,1893,165.36,628,40524.47,0.00,40530.15
40592.36,3629,6710987,0,1899,165.33,630,40585.82,0.00,40592.28
40652.50,3635,6719555,0,1905,165.29,632,40598.31,0.00,40640.28
40712.51,3638,6728767,0,1909,165.28,634,40696.03,0.00,40682.71
40772.51,3639,6738735,0,1911,165.28,635,40724.28,0.00,40764.36
40832.58,3640,6746883,0,1918,165.23,636,40796.99,0.00,40818.73
40892.60,3640,6756039,0,1922,165.21,636,40796.99,0.00,40878.95
40952.67,3655,6765643,0,1925,165.21,639,40951.98,0.00,40951.63
41012.74,3659,6773763,0,1932,165.16,641,40975.22,0.00,41006.38
41072.80,3659,6782975,0,1936,165.15,641,40975.22,0.00,41066.39
41132.93,3659,6792215,0,1940,165.13,641,40975.22,0.00,41128.54
41192.99,3659,6801399,0,1944,165.11,641,40975.22,0.00,41191.65
41253.03,3659,6811339,0,1946,165.11,641,40975.22,0.00,41248.94
41313.10,3659,6820551,0,1950,165.09,641,40975.22,0.00,41292.20
41373.25,3659,6830155,0,1953,165.09,641,40975.22,0.00,41358.48
41433.29,3659,6839059,0,1958,165.06,641,40975.22,0.00,41424.48
41493.43,3659,6848635,0,1961,165.05,641,40975.22,0.00,41483.53
41553.51,3660,6857511,0,1966,165.03,642,41535.19,0.00,41552.86
41613.64,3660,6866359,0,1971,165.00,642,41535.19,0.00,41604.92
41675.15,3660,6875095,0,1977,164.97,642,41535.19,0.00,41675.06
41735.17,3660,6883943,0,1982,164.94,642,41535.19,0.00,41731.79
41796.40,3661,6892567,0,1988,164.91,643,41744.49,0.00,41796.34
41856.55,3661,6901555,0,1993,164.89,643,41744.49,0.00,41856.36
41916.65,3662,6910655,0,1998,164.87,644,41904.39,0.00,41912.68
41976.69,3662,6919699,0,2003,164.85,644,41904.39,0.00,41974.37
42036.82,3663,6929051,0,2007,164.83,645,42014.57,0.00,42019.44
42097.11,3663,6938151,0,2012,164.81,645,42014.57,0.00,42097.08
42157.18,3663,6947923,0,2015,164.81,645,42014.57,0.00,42110.06
42217.19,3664,6958087,0,2017,164.82,646,42190.84,0.00,42175.66
42277.19,3664,6968195,0,2019,164.82,646,42190.84,0.00,42256.91
42337.25,3664,6977659,0,2023,164.81,646,42190.84,0.00,42320.35
42397.29,3664,6987083,0,2027,164.80,646,42190.84,0.00,42383.65
42457.32,3664,6996911,0,2030,164.80,646,42190.84,0.00,42420.69
42517.42,3664,7006739,0,2033,164.80,646,42190.84,0.00,42501.83
42577.84,3664,7016567,0,2036,164.79,646,42190.84,0.00,42577.76
42638.44,3664,7025723,0,2041,164.77,646,42190.84,0.00,42638.30
42698.52,3664,7035831,0,2043,164.78,646,42190.84,0.00,42659.76
42758.67,3664,7046807,0,2043,164.80,646,42190.84,0.00,42659.76
42818.78,3666,7054775,0,2051,164.76,647,42759.58,0.00,42817.78
42878.92,3671,7065723,0,2051,164.78,648,42850.07,0.00,42817.78
42938.92,3671,7073703,0,2059,164.74,648,42850.07,0.00,42934.12
42999.03,3675,7083139,0,2063,164.73,650,42989.30,0.00,42995.09
43059.04,3676,7092379,0,2067,164.71,651,43021.80,0.00,43046.37
43119.15,3676,7101579,0,2071,164.70,651,43021.80,0.00,43092.84
43179.16,3676,7111519,0,2073,164.70,651,43021.80,0.00,43175.99
43239.26,3676,7120367,0,2078,164.67,651,43021.80,0.00,43236.70
43299.28,3676,7128487,0,2085,164.63,651,43021.80,0.00,43296.32
43359.29,3676,7138063,0,2088,164.63,651,43021.80,0.00,43354.54
43419.32,3676,7147307,0,2092,164.61,651,43021.80,0.00,43413.61
43479.47,3676,7157331,0,2094,164.61,651,43021.80,0.00,43479.29
43539.57,3676,7166291,0,2099,164.59,651,43021.80,0.00,43537.23
43599.70,3680,7174915,0,2105,164.56,653,43582.08,0.00,43594.13
43659.78,3680,7183987,0,2108,164.54,653,43582.08,0.00,43651.31
43719.81,3680,7192527,0,2114,164.51,653,43582.08,0.00,43716.56
43779.93,3680,7202551,0,2116,164.52,653,43582.08,0.00,43779.91
43840.09,3683,7212239,0,2119,164.51,654,43822.33,0.00,43836.04
43900.09,3683,7222263,0,2121,164.52,654,43822.33,0.00,43881.85
43961.82,3683,7231139,0,2127,164.49,654,43822.33,0.00,43961.68
44021.93,3684,7241135,0,2129,164.49,655,43966.15,0.00,43995.63
44082.03,3684,7251187,0,2131,164.49,655,43966.15,0.00,44044.35
44142.07,3684,7259391,0,2138,164.46,655,43966.15,0.00,44137.69
44202.11,3684,7268659,0,2142,164.44,655,43966.15,0.00,44188.86
44262.22,3687,7276891,0,2149,164.40,656,44249.37,0.00,44259.48
44322.33,3687,7286175,0,2153,164.39,656,44249.37,0.00,44303.41
44382.35,3687,7295723,0,2156,164.38,656,44249.37,0.00,44368.44
44442.38,3687,7304559,0,2160,164.36,656,44249.37,0.00,44431.55
44502.43,3687,7314135,0,2163,164.35,656,44249.37,0.00,44496.50
44562.51,3687,7324047,0,2165,164.35,656,44249.37,0.00,44540.16
44622.63,3687,7332615,0,2171,164.33,656,44249.37,0.00,44617.05
44682.79,3687,7342527,0,2173,164.33,656,44249.37,0.00,44672.89
44742.84,3687,7352523,0,2175,164.33,656,44249.37,0.00,44731.04
44802.95,3687,7363163,0,2175,164.35,656,44249.37,0.00,44731.04
44863.04,3687,7371647,0,2181,164.31,656,44249.37,0.00,44861.81
44924.27,3687,7380355,0,2186,164.28,656,44249.37,0.00,44924.20
44985.56,3687,7389875,0,2190,164.27,656,44249.37,0.00,44985.43
45045.58,3687,7399059,0,2194,164.26,656,44249.37,0.00,45019.77
45105.68,3687,7408691,0,2197,164.25,656,44249.37,0.00,45101.70
45165.69,3687,7418855,0,2199,164.26,656,44249.37,0.00,45157.10
45225.85,3687,7428319,0,2203,164.25,656,44249.37,0.00,45205.40
45285.88,3687,7437195,0,2208,164.23,656,44249.37,0.00,45280.02
45345.94,3688,7446771,0,2211,164.22,657,45332.48,0.00,45332.48
45406.08,3688,7455983,0,2215,164.21,657,45332.48,0.00,45400.42
45466.18,3688,7465615,0,2218,164.20,657,45332.48,0.00,45461.21
45526.28,3688,7474855,0,2222,164.19,657,45332.48,0.00,45515.20
45586.37,3688,7485215,0,2223,164.20,657,45332.48,0.00,45578.68
45646.47,3688,7494791,0,2226,164.19,657,45332.48,0.00,45629.46
45706.60,3688,7503303,0,2232,164.16,657,45332.48,0.00,45694.67
45766.63,3688,7512487,0,2236,164.15,657,45332.48,0.00,45741.17
45827.47,3688,7521503,0,2241,164.13,657,45332.48,0.00,45827.44
45887.60,3688,7531135,0,2244,164.12,657,45332.48,0.00,45885.25
45947.61,3688,7541047,0,2246,164.12,657,45332.48,0.00,45936.67
46007.69,3688,7551407,0,2247,164.13,657,45332.48,0.00,45971.62
46067.81,3689,7561711,0,2248,164.14,658,46053.11,0.00,46062.01
46129.58,3692,7571231,0,2252,164.13,659,46075.73,0.00,46129.58
46189.61,3692,7578975,0,2260,164.08,659,46075.73,0.00,46183.85
46249.72,3692,7588175,0,2264,164.07,659,46075.73,0.00,46236.77
46311.81,3692,7597079,0,2270,164.04,659,46075.73,0.00,46311.64
46371.93,3692,7606263,0,2274,164.03,659,46075.73,0.00,46360.80
46431.95,3692,7615811,0,2277,164.02,659,46075.73,0.00,46398.64
46491.97,3692,7624603,0,2282,164.00,659,46075.73,0.00,46475.25
46552.08,3693,7634151,0,2285,163.99,660,46547.75,0.00,46535.08
46612.19,3694,7643755,0,2288,163.99,661,46587.99,0.00,46585.27
46672.20,3696,7653347,0,2290,163.98,662,46631.68,0.00,46670.28
46733.14,3697,7662652,0,2293,163.97,663,46687.53,0.00,46719.40
46793.15,3697,7671694,0,2297,163.95,663,46687.53,0.00,46790.17
46853.17,3697,7680439,0,2302,163.93,663,46687.53,0.00,46833.41
46913.28,3697,7690339,0,2303,163.93,663,46687.53,0.00,46906.24
46973.35,3697,7699777,0,2306,163.92,663,46687.53,0.00,46949.07
47033.43,3700,7708654,0,2311,163.90,664,46979.21,0.00,47029.69
47093.56,3700,7718323,0,2314,163.89,664,46979.21,0.00,47086.77
47153.73,3700,7727266,0,2319,163.87,664,46979.21,0.00,47150.73
47213.82,3700,7736506,0,2323,163.86,664,46979.21,0.00,47202.31
47273.92,3700,7746868,0,2324,163.87,664,46979.21,0.00,47221.90
47334.01,3700,7756867,0,2326,163.88,664,46979.21,0.00,47328.67
47394.01,3700,7766420,0,2329,163.87,664,46979.21,0.00,47391.25
47454.03,3700,7774604,0,2336,163.83,664,46979.21,0.00,47452.26
47514.15,3700,7783910,0,2340,163.82,664,46979.21,0.00,47489.74
47574.25,3700,7792820,0,2345,163.80,664,46979.21,0.00,47573.98
47634.33,3700,7801796,0,2349,163.79,664,46979.21,0.00,47624.42
47694.40,3700,7811382,0,2352,163.78,664,46979.21,0.00,47662.05
47754.41,3700,7819533,0,2358,163.74,664,46979.21,0.00,47740.51
47814.42,3700,7829449,0,2360,163.75,664,46979.21,0.00,47781.18
47874.55,3700,7837666,0,2367,163.71,664,46979.21,0.00,47873.66
47934.71,3700,7847269,0,2370,163.71,664,46979.21,0.00,47909.48
47994.79,3701,7857251,0,2372,163.71,665,47992.06,0.00,47959.86
48054.93,3701,7866128,0,2377,163.69,665,47992.06,0.00,48051.52
48114.93,3701,7874625,0,2383,163.66,665,47992.06,0.00,48097.21
48175.09,3701,7883502,0,2388,163.64,665,47992.06,0.00,48173.30
48235.15,3701,7892709,0,2391,163.63,665,47992.06,0.00,48222.53
48295.25,3701,7902279,0,2394,163.62,665,47992.06,0.00,48290.59
48355.30,3701,7910397,0,2401,163.59,665,47992.06,0.00,48348.89
48415.41,3701,7917789,0,2408,163.54,665,47992.06,0.00,48405.31
48475.47,3701,7927062,0,2411,163.53,665,47992.06,0.00,48474.54
48535.57,3701,7936203,0,2415,163.51,665,47992.06,0.00,48534.15
48595.59,3701,7944288,0,2422,163.48,665,47992.06,0.00,48590.76
48655.77,3701,7953561,0,2424,163.47,665,47992.06,0.00,48627.37
48715.93,3701,7962438,0,2429,163.45,665,47992.06,0.00,48703.58
48775.95,3701,7970919,0,2434,163.42,665,47992.06,0.00,48773.40
48836.02,3701,7979004,0,2441,163.38,665,47992.06,0.00,48833.38
48897.76,3701,7988409,0,2445,163.37,665,47992.06,0.00,48897.75
48957.90,3701,7996461,0,2452,163.33,665,47992.06,0.00,48955.65
49018.06,3701,8005701,0,2456,163.32,665,47992.06,0.00,49015.29
49079.60,3701,8014182,0,2463,163.29,665,47992.06,0.00,49079.47
49139.61,3701,8023042,0,2468,163.27,665,47992.06,0.00,49128.47
49199.69,3701,8031589,0,2473,163.24,665,47992.06,0.00,49192.32
49259.87,3701,8039360,0,2481,163.20,665,47992.06,0.00,49255.38
49319.93,3701,8049722,0,2482,163.21,665,47992.06,0.00,49278.14
49380.00,3701,8058285,0,2488,163.19,665,47992.06,0.00,49374.90
49440.07,3701,8067525,0,2491,163.18,665,47992.06,0.00,49419.41
49500.24,3701,8076468,0,2495,163.16,665,47992.06,0.00,49483.27
49560.33,3701,8086104,0,2498,163.16,665,47992.06,0.00,49555.86
49620.45,3701,8094354,0,2504,163.13,665,47992.06,0.00,49619.27
49681.66,3701,8102769,0,2509,163.09,665,47992.06,0.00,49672.13
49741.67,3701,8110243,0,2518,163.05,665,47992.06,0.00,49733.84
49801.85,3701,8120258,0,2520,163.05,665,47992.06,0.00,49759.72
49862.03,3701,8129465,0,2524,163.04,665,47992.06,0.00,49850.56
49922.13,3701,8138738,0,2528,163.03,665,47992.06,0.00,49911.15
49982.14,3701,8148341,0,2531,163.03,665,47992.06,0.00,49981.18
50042.23,3701,8157548,0,2534,163.01,665,47992.06,0.00,50021.98
50103.63,3701,8166689,0,2539,163.00,665,47992.06,0.00,50103.52
50163.77,3701,8175962,0,2543,162.99,665,47992.06,0.00,50158.97
50223.87,3701,8185928,0,2545,162.99,665,47992.06,0.00,50221.21
50283.94,3701,8195201,0,2548,162.98,665,47992.06,0.00,50250.85
50344.03,3701,8204837,0,2550,162.98,665,47992.06,0.00,50327.26
50404.06,3701,8213384,0,2555,162.95,665,47992.06,0.00,50398.45
50464.12,3701,8222261,0,2560,162.93,665,47992.06,0.00,50452.46
50524.21,3701,8230841,0,2565,162.91,665,47992.06,0.00,50513.80
50584.30,3701,8239388,0,2571,162.88,665,47992.06,0.00,50583.78
50644.33,3701,8248991,0,2574,162.88,665,47992.06,0.00,50613.91
50704.35,3701,8258891,0,2575,162.88,665,47992.06,0.00,50678.21
50764.37,3701,8267141,0,2582,162.85,665,47992.06,0.00,50763.22
50824.52,3701,8276447,0,2586,162.84,665,47992.06,0.00,50817.97
50885.33,3701,8285126,0,2592,162.82,665,47992.06,0.00,50885.23
50945.51,3701,8294399,0,2596,162.81,665,47992.06,0.00,50928.02
51005.69,3701,8303193,0,2601,162.79,665,47992.06,0.00,50990.28
51065.72,3701,8312796,0,2603,162.79,665,47992.06,0.00,51044.10
51125.77,3701,8322069,0,2606,162.78,665,47992.06,0.00,51116.89
51185.77,3701,8332068,0,2608,162.78,665,47992.06,0.00,51185.49
51245.92,3701,8341770,0,2610,162.78,665,47992.06,0.00,51237.01
51306.09,3701,8352132,0,2611,162.79,665,47992.06,0.00,51294.90
51366.16,3701,8361405,0,2615,162.78,665,47992.06,0.00,51359.35
51426.27,3701,8371041,0,2618,162.78,665,47992.06,0.00,51403.69
51486.35,3701,8379522,0,2624,162.75,665,47992.06,0.00,51480.01
51546.50,3701,8387706,0,2631,162.72,665,47992.06,0.00,51545.83
51606.57,3701,8396979,0,2634,162.71,665,47992.06,0.00,51597.93
51667.32,3701,8405691,0,2639,162.69,665,47992.06,0.00,51667.32
51727.43,3701,8415376,0,2641,162.69,665,47992.06,0.00,51720.71
51787.46,3701,8424286,0,2646,162.67,665,47992.06,0.00,51767.30
51847.49,3701,8433196,0,2650,162.65,665,47992.06,0.00,51847.48
51907.52,3701,8442502,0,2654,162.65,665,47992.06,0.00,51895.05
51967.68,3701,8450719,0,2660,162.61,665,47992.06,0.00,51960.99
52027.86,3701,8460718,0,2662,162.62,665,47992.06,0.00,51988.19
52088.01,3701,8469991,0,2666,162.61,665,47992.06,0.00,52085.01
52148.08,3701,8479231,0,2670,162.60,665,47992.06,0.00,52146.50
52208.08,3701,8487448,0,2675,162.57,665,47992.06,0.00,52200.27
52270.10,3701,8495566,0,2682,162.53,665,47992.06,0.00,52270.03
52330.25,3701,8504475,0,2687,162.52,665,47992.06,0.00,52327.52
52390.26,3701,8514408,0,2689,162.52,665,47992.06,0.00,52383.10
52450.34,3701,8524737,0,2690,162.53,665,47992.06,0.00,52433.61
52510.40,3701,8535066,0,2691,162.54,665,47992.06,0.00,52489.86
52570.45,3701,8543580,0,2697,162.52,665,47992.06,0.00,52564.75
52630.54,3701,8552044,0,2702,162.49,665,47992.06,0.00,52612.91
52690.66,3701,8561284,0,2706,162.48,665,47992.06,0.00,52683.41
52750.77,3701,8570194,0,2709,162.47,665,47992.06,0.00,52739.44
52810.93,3701,8580226,0,2711,162.47,665,47992.06,0.00,52798.79
52872.16,3701,8590687,0,2712,162.48,665,47992.06,0.00,52872.02
52932.33,3701,8598904,0,2719,162.45,665,47992.06,0.00,52926.99
52992.42,3701,8608507,0,2722,162.45,665,47992.06,0.00,52986.69
53052.45,3701,8618143,0,2724,162.45,665,47992.06,0.00,53025.41
53112.58,3701,8628521,0,2725,162.46,665,47992.06,0.00,53088.13
53172.67,3701,8637398,0,2729,162.44,665,47992.06,0.00,53159.47
53234.51,3701,8646209,0,2735,162.42,665,47992.06,0.00,53234.46
53294.60,3701,8655845,0,2737,162.42,665,47992.06,0.00,53291.67
53354.62,3701,8664722,0,2741,162.40,665,47992.06,0.00,53354.30
53414.69,3701,8673269,0,2746,162.38,665,47992.06,0.00,53413.63
53474.73,3701,8683515,0,2747,162.39,665,47992.06,0.00,53417.61
53534.75,3701,8693151,0,2750,162.38,665,47992.06,0.00,53504.23
53594.85,3701,8701302,0,2757,162.35,665,47992.06,0.00,53586.07
53655.77,3701,8710278,0,2762,162.34,665,47992.06,0.00,53655.70
53715.83,3701,8719122,0,2767,162.32,665,47992.06,0.00,53710.05
53776.90,3701,8728147,0,2772,162.30,665,47992.06,0.00,53776.76
53838.82,3701,8737684,0,2776,162.29,665,47992.06,0.00,53838.64
53898.93,3701,8747221,0,2779,162.29,665,47992.06,0.00,53885.25
53958.94,3701,8755355,0,2785,162.26,665,47992.06,0.00,53956.96
54018.99,3703,8764215,0,2789,162.24,666,53983.39,0.00,54009.71
54080.31,3703,8771871,0,2798,162.20,666,53983.39,0.00,54080.22
54140.35,3703,8781243,0,2801,162.19,666,53983.39,0.00,54137.23
54200.40,3703,8789790,0,2807,162.17,666,53983.39,0.00,54190.89
54260.48,3703,8799789,0,2809,162.18,666,53983.39,0.00,54224.72
54320.62,3703,8810151,0,2810,162.19,666,53983.39,0.00,54278.27
54382.44,3703,8818665,0,2817,162.16,666,53983.39,0.00,54382.31
54443.69,3703,8827806,0,2822,162.15,666,53983.39,0.00,54443.60
54503.73,3703,8836683,0,2827,162.13,666,53983.39,0.00,54491.41
54563.85,3703,8844900,0,2834,162.10,666,53983.39,0.00,54556.45
54623.90,3703,8854239,0,2837,162.09,666,53983.39,0.00,54606.67
54685.17,3703,8862984,0,2842,162.07,666,53983.39,0.00,54685.04
54746.03,3703,8871366,0,2848,162.05,666,53983.39,0.00,54745.98
54806.11,3703,8881365,0,2850,162.05,666,53983.39,0.00,54779.99
54866.28,3703,8889219,0,2857,162.02,666,53983.39,0.00,54864.15
54926.67,3703,8898492,0,2860,162.01,666,53983.39,0.00,54907.05
54987.00,3703,8907468,0,2865,161.99,666,53983.39,0.00,54986.93
55047.02,3703,8917104,0,2868,161.99,666,53983.39,0.00,55029.84
55107.10,3703,8926047,0,2872,161.98,666,53983.39,0.00,55105.80
55167.12,3703,8936013,0,2874,161.98,666,53983.39,0.00,55153.05
55227.89,3703,8944329,0,2880,161.95,666,53983.39,0.00,55227.80
55287.95,3703,8953668,0,2884,161.95,666,53983.39,0.00,55285.19
55348.07,3703,8962677,0,2889,161.93,666,53983.39,0.00,55339.42
55409.21,3703,8971553,0,2894,161.91,666,53983.39,0.00,55409.05
55469.33,3703,8980925,0,2898,161.91,666,53983.39,0.00,55462.45
55529.44,3703,8989373,0,2904,161.88,666,53983.39,0.00,55522.67
55589.59,3704,8997986,0,2908,161.86,667,55566.44,0.00,55569.48
55649.91,3704,9007721,0,2911,161.86,667,55566.44,0.00,55649.78
55709.93,3704,9016251,0,2917,161.84,667,55566.44,0.00,55698.53
55771.15,3704,9025689,0,2920,161.83,667,55566.44,0.00,55771.13
55831.85,3704,9034731,0,2924,161.82,667,55566.44,0.00,55831.80
55891.87,3704,9043278,0,2930,161.80,667,55566.44,0.00,55886.43
55952.78,3704,9052683,0,2934,161.79,667,55566.44,0.00,55952.64
56012.85,3704,9062319,0,2937,161.79,667,55566.44,0.00,55998.49
56072.96,3704,9071262,0,2942,161.78,667,55566.44,0.00,56054.15
56133.01,3704,9081624,0,2943,161.79,667,55566.44,0.00,56130.32
56195.05,3704,9090550,0,2948,161.77,667,55566.44,0.00,56194.95
56255.16,3704,9099130,0,2954,161.75,667,55566.44,0.00,56250.93
56315.26,3704,9108469,0,2956,161.74,667,55566.44,0.00,56311.78
56375.40,3704,9118154,0,2959,161.74,667,55566.44,0.00,56367.35
56435.46,3704,9128549,0,2960,161.75,667,55566.44,0.00,56379.12
56495.54,3704,9136733,0,2966,161.72,667,55566.44,0.00,56480.51
56555.56,3704,9146369,0,2969,161.72,667,55566.44,0.00,56547.67
56615.62,3704,9155642,0,2972,161.72,667,55566.44,0.00,56604.08
56676.62,3704,9165113,0,2976,161.71,667,55566.44,0.00,56676.54
56736.74,3704,9173676,0,2982,161.69,667,55566.44,0.00,56723.00
56796.88,3704,9182619,0,2987,161.67,667,55566.44,0.00,56789.25
56857.38,3704,9190885,0,2993,161.65,667,55566.44,0.00,56857.30
56917.55,3704,9199481,0,2999,161.63,667,55566.44,0.00,56916.34
56977.55,3704,9209117,0,3002,161.63,667,55566.44,0.00,56955.56
57037.70,3704,9218390,0,3005,161.62,667,55566.44,0.00,57027.99
57097.85,3704,9227729,0,3009,161.61,667,55566.44,0.00,57072.83
57157.88,3704,9236573,0,3014,161.60,667,55566.44,0.00,57148.95
57217.98,3704,9245136,0,3019,161.58,667,55566.44,0.00,57201.85
57278.17,3704,9254838,0,3022,161.58,667,55566.44,0.00,57272.97
57338.27,3704,9264111,0,3026,161.57,667,55566.44,0.00,57335.02
57398.31,3704,9273351,0,3030,161.56,667,55566.44,0.00,57374.08
57458.36,3704,9280413,0,3040,161.52,667,55566.44,0.00,57458.13
57518.47,3704,9290049,0,3043,161.51,667,55566.44,0.00,57483.44
57578.59,3704,9298233,0,3050,161.49,667,55566.44,0.00,57577.67
57638.77,3704,9306780,0,3056,161.47,667,55566.44,0.00,57638.02
57699.77,3704,9316515,0,3059,161.47,667,55566.44,0.00,57699.76
57760.92,3704,9326316,0,3062,161.46,667,55566.44,0.00,57760.85
57820.99,3704,9335952,0,3065,161.46,667,55566.44,0.00,57805.62
57881.13,3704,9344136,0,3072,161.44,667,55566.44,0.00,57874.25
57941.24,3704,9352501,0,3078,161.41,667,55566.44,0.00,57924.77
58001.39,3704,9361906,0,3081,161.41,667,55566.44,0.00,57982.58
58061.45,3704,9369842,0,3088,161.38,667,55566.44,0.00,58056.95
58121.58,3704,9379115,0,3091,161.37,667,55566.44,0.00,58114.46
58181.72,3704,9389114,0,3093,161.38,667,55566.44,0.00,58163.83
58243.41,3704,9397265,0,3100,161.34,667,55566.44,0.00,58243.28
58303.55,3704,9406175,0,3104,161.33,667,55566.44,0.00,58293.34
58363.57,3704,9416174,0,3106,161.34,667,55566.44,0.00,58332.35
58423.61,3704,9425430,0,3110,161.33,667,55566.44,0.00,58419.11
58483.70,3704,9433977,0,3116,161.31,667,55566.44,0.00,58477.38
58543.71,3704,9443283,0,3119,161.30,667,55566.44,0.00,58493.13
58603.88,3704,9451170,0,3126,161.27,667,55566.44,0.00,58603.54
58664.03,3704,9460839,0,3128,161.27,667,55566.44,0.00,58647.79
58724.13,3704,9468693,0,3135,161.24,667,55566.44,0.00,58720.42
58784.30,3704,9478692,0,3137,161.25,667,55566.44,0.00,58748.26
58844.32,3704,9488328,0,3140,161.24,667,55566.44,0.00,58811.97
58904.33,3704,9497914,0,3143,161.24,667,55566.44,0.00,58901.50
58964.34,3704,9507220,0,3146,161.24,667,55566.44,0.00,58950.39
59024.45,3704,9516856,0,3148,161.24,667,55566.44,0.00,58971.47
59084.46,3704,9526129,0,3152,161.23,667,55566.44,0.00,59079.34
59144.50,3704,9535039,0,3156,161.22,667,55566.44,0.00,59141.88
59204.64,3704,9545087,0,3158,161.22,667,55566.44,0.00,59198.26
59264.65,3704,9555086,0,3160,161.23,667,55566.44,0.00,59234.37
59324.77,3704,9565052,0,3162,161.23,667,55566.44,0.00,59297.82
59384.80,3704,9574325,0,3165,161.23,667,55566.44,0.00,59376.82
59444.90,3704,9583548,0,3169,161.22,667,55566.44,0.00,59442.90
59504.96,3704,9592392,0,3174,161.20,667,55566.44,0.00,59497.95
59565.12,3704,9602061,0,3177,161.20,667,55566.44,0.00,59547.35
59625.13,3704,9611631,0,3180,161.20,667,55566.44,0.00,59611.53
59685.14,3704,9620244,0,3186,161.18,667,55566.44,0.00,59678.37
59745.15,3704,9629286,0,3191,161.17,667,55566.44,0.00,59735.85
59806.72,3704,9639648,0,3193,161.18,667,55566.44,0.00,59806.62
59866.77,3704,9647436,0,3201,161.15,667,55566.44,0.00,59858.01
59926.96,3704,9656395,0,3206,161.14,667,55566.44,0.00,59923.28
59987.00,3704,9664183,0,3214,161.10,667,55566.44,0.00,59983.06
60047.07,3704,9673687,0,3217,161.10,667,55566.44,0.00,60028.62
60107.09,3704,9683290,0,3220,161.10,667,55566.44,0.00,60103.44
60167.21,3704,9692860,0,3223,161.10,667,55566.44,0.00,60150.23
60227.29,3704,9702100,0,3227,161.09,667,55566.44,0.00,60192.87
60287.47,3704,9711340,0,3231,161.08,667,55566.44,0.00,60286.49
60347.61,3704,9719887,0,3237,161.06,667,55566.44,0.00,60335.55
60407.75,3704,9729160,0,3241,161.06,667,55566.44,0.00,60407.62
60467.76,3704,9738103,0,3246,161.05,667,55566.44,0.00,60467.35
60527.83,3704,9746996,0,3251,161.03,667,55566.44,0.00,60521.34
60587.90,3704,9755906,0,3255,161.02,667,55566.44,0.00,60578.13
60648.01,3704,9765179,0,3259,161.01,667,55566.44,0.00,60645.43
60708.20,3704,9774485,0,3262,161.01,667,55566.44,0.00,60701.07
60768.34,3704,9784088,0,3265,161.01,667,55566.44,0.00,60739.62
60828.46,3704,9792602,0,3271,160.99,667,55566.44,0.00,60820.34
60888.63,3704,9800753,0,3278,160.96,667,55566.44,0.00,60881.77
60948.72,3704,9809399,0,3284,160.95,667,55566.44,0.00,60945.98
61008.83,3704,9818144,0,3289,160.93,667,55566.44,0.00,61005.48
61068.84,3704,9827136,0,3294,160.92,667,55566.44,0.00,61053.19
61128.84,3704,9834940,0,3301,160.89,667,55566.44,0.00,61114.73
61188.92,3704,9843850,0,3306,160.88,667,55566.44,0.00,61182.19
61249.01,3704,9853057,0,3310,160.87,667,55566.44,0.00,61248.68
61309.16,3704,9861967,0,3315,160.86,667,55566.44,0.00,61307.76
61369.33,3704,9871603,0,3318,160.86,667,55566.44,0.00,61343.07
61429.50,3704,9879754,0,3325,160.83,667,55566.44,0.00,61428.29
61489.57,3704,9888961,0,3329,160.82,667,55566.44,0.00,61476.10
61551.24,3704,9896683,0,3338,160.79,667,55566.44,0.00,61551.11
61611.30,3704,9904817,0,3345,160.76,667,55566.44,0.00,61609.97
61671.42,3704,9914073,0,3349,160.76,667,55566.44,0.00,61664.92
61733.57,3704,9922966,0,3355,160.74,667,55566.44,0.00,61733.53
61793.75,3704,9933361,0,3356,160.75,667,55566.44,0.00,61780.85
61853.94,3704,9942271,0,3361,160.74,667,55566.44,0.00,61851.73
61914.01,3704,9951923,0,3364,160.74,667,55566.44,0.00,61912.69
61974.08,3704,9961559,0,3367,160.74,667,55566.44,0.00,61967.36
62034.19,3704,9970106,0,3372,160.72,667,55566.44,0.00,62019.20
62094.26,3704,9977597,0,3381,160.68,667,55566.44,0.00,62087.33
62154.34,3704,9987546,0,3383,160.69,667,55566.44,0.00,62107.78
62214.62,3704,9995433,0,3391,160.66,667,55566.44,0.00,62214.56
62274.78,3704,10003287,0,3399,160.63,667,55566.44,0.00,62273.55
62334.91,3704,10012164,0,3404,160.62,667,55566.44,0.00,62330.73
62394.99,3704,10020711,0,3409,160.60,667,55566.44,0.00,62394.68
62455.04,3704,10030677,0,3411,160.61,667,55566.44,0.00,62449.61
62515.23,3704,10039257,0,3417,160.59,667,55566.44,0.00,62507.98
62575.27,3704,10047804,0,3423,160.57,667,55566.44,0.00,62571.51
62635.44,3704,10057093,0,3427,160.57,667,55566.44,0.00,62623.48
62695.95,3704,10066432,0,3431,160.56,667,55566.44,0.00,62695.90
62756.01,3704,10074979,0,3437,160.54,667,55566.44,0.00,62749.29
62816.19,3704,10085704,0,3437,160.56,667,55566.44,0.00,62749.29
62876.33,3704,10095406,0,3440,160.56,667,55566.44,0.00,62870.40
62936.50,3704,10103243,0,3448,160.53,667,55566.44,0.00,62929.82
62996.51,3704,10112516,0,3451,160.53,667,55566.44,0.00,62995.86
63058.10,3704,10120254,0,3460,160.49,667,55566.44,0.00,63057.95
63118.16,3704,10128471,0,3463,160.47,667,55566.44,0.00,63095.53
63178.21,3704,10137810,0,3466,160.46,667,55566.44,0.00,63172.78
63238.31,3704,10146753,0,3471,160.45,667,55566.44,0.00,63229.75
63298.48,3704,10155003,0,3478,160.43,667,55566.44,0.00,63289.44
63360.62,3704,10163566,0,3485,160.41,667,55566.44,0.00,63360.52
63420.77,3704,10173928,0,3486,160.42,667,55566.44,0.00,63378.55
63480.77,3704,10182408,0,3492,160.40,667,55566.44,0.00,63467.91
63540.82,3704,10190988,0,3497,160.38,667,55566.44,0.00,63523.88
63600.87,3704,10200690,0,3499,160.39,667,55566.44,0.00,63582.08
63660.88,3704,10210293,0,3501,160.39,667,55566.44,0.00,63658.53
63721.27,3704,10219203,0,3506,160.37,667,55566.44,0.00,63721.08
63781.35,3704,10228410,0,3510,160.37,667,55566.44,0.00,63773.74
63841.42,3704,10237221,0,3515,160.35,667,55566.44,0.00,63825.23
63901.47,3704,10246824,0,3518,160.35,667,55566.44,0.00,63884.39
63961.50,3704,10256361,0,3521,160.35,667,55566.44,0.00,63959.13
64022.49,3704,10265040,0,3526,160.33,667,55566.44,0.00,63999.72
64082.59,3704,10274263,0,3530,160.33,667,55566.44,0.00,64080.97
64142.68,3704,10284229,0,3532,160.33,667,55566.44,0.00,64131.80
64202.69,3704,10293634,0,3536,160.33,667,55566.44,0.00,64173.37
64262.78,3704,10303501,0,3539,160.33,667,55566.44,0.00,64247.68
64322.91,3704,10313764,0,3541,160.34,667,55566.44,0.00,64291.01
64382.98,3704,10323235,0,3545,160.34,667,55566.44,0.00,64364.49
64443.49,3704,10332805,0,3549,160.34,667,55566.44,0.00,64443.32
64504.27,3704,10341302,0,3556,160.32,667,55566.44,0.00,64504.20
64564.30,3704,10350707,0,3559,160.32,667,55566.44,0.00,64549.61
64624.39,3704,10359782,0,3563,160.31,667,55566.44,0.00,64621.83
64684.50,3704,10368098,0,3570,160.29,667,55566.44,0.00,64682.52
64746.43,3704,10376051,0,3577,160.26,667,55566.44,0.00,64746.39
64806.58,3704,10383938,0,3585,160.23,667,55566.44,0.00,64798.48
64868.58,3704,10392419,0,3591,160.21,667,55566.44,0.00,64868.43
64929.36,3704,10400339,0,3598,160.18,667,55566.44,0.00,64929.20
64989.36,3704,10409546,0,3602,160.17,667,55566.44,0.00,64987.88
65049.54,3704,10418456,0,3607,160.16,667,55566.44,0.00,65045.24
65109.59,3704,10425914,0,3616,160.13,667,55566.44,0.00,65109.27
65169.59,3704,10434774,0,3620,160.12,667,55566.44,0.00,65146.17
65229.77,3704,10442611,0,3628,160.09,667,55566.44,0.00,65222.53
65289.93,3704,10451851,0,3632,160.08,667,55566.44,0.00,65260.33
65350.01,3704,10460662,0,3637,160.07,667,55566.44,0.00,65338.74
65410.12,3704,10470199,0,3640,160.07,667,55566.44,0.00,65400.31
65470.12,3704,10479736,0,3643,160.07,667,55566.44,0.00,65464.99
65530.26,3704,10489339,0,3646,160.07,667,55566.44,0.00,65515.77
65590.34,3704,10498909,0,3649,160.07,667,55566.44,0.00,65578.98
65650.50,3704,10508116,0,3653,160.06,667,55566.44,0.00,65640.56
65711.66,3704,10516465,0,3660,160.04,667,55566.44,0.00,65711.57
65773.49,3704,10526728,0,3662,160.05,667,55566.44,0.00,65773.43
65833.68,3704,10535968,0,3665,160.04,667,55566.44,0.00,65826.99
65893.85,3704,10545175,0,3667,160.03,667,55566.44,0.00,65870.20
65953.95,3704,10554382,0,3671,160.03,667,55566.44,0.00,65938.08
66014.01,3704,10563556,0,3675,160.02,667,55566.44,0.00,66009.71
66074.06,3704,10573093,0,3678,160.02,667,55566.44,0.00,66071.80
66134.23,3704,10582300,0,3682,160.01,667,55566.44,0.00,66097.54
66194.30,3704,10591441,0,3685,160.01,667,55566.44,0.00,66172.99
66254.48,3704,10600796,0,3689,160.00,667,55566.44,0.00,66251.85
66314.50,3705,10610036,0,3693,160.00,668,66286.92,0.00,66311.49
66374.65,3705,10619606,0,3695,159.99,668,66286.92,0.00,66355.99
66434.68,3705,10629159,0,3698,159.99,668,66286.92,0.00,66422.66
66494.85,3705,10638795,0,3700,159.99,668,66286.92,0.00,66467.91
66556.06,3705,10648497,0,3703,159.99,668,66286.92,0.00,66556.05
66616.26,3705,10656630,0,3707,159.97,668,66286.92,0.00,66610.79
66676.29,3705,10663559,0,3711,159.93,668,66286.92,0.00,66667.11
66736.35,3705,10671362,0,3712,159.90,668,66286.92,0.00,66728.94
66796.53,3705,10678406,0,3716,159.86,668,66286.92,0.00,66795.91
66857.31,3705,10685286,0,3724,159.82,668,66286.92,0.00,66857.12
66917.38,3705,10692644,0,3727,159.79,668,66286.92,0.00,66910.84
66977.57,3705,10700496,0,3728,159.76,668,66286.92,0.00,66971.25
67037.64,3705,10707557,0,3732,159.72,668,66286.92,0.00,67034.09
67097.67,3705,10716582,0,3733,159.72,668,66286.92,0.00,67096.07
67157.69,3705,10724517,0,3734,159.69,668,66286.92,0.00,67135.78
67219.67,3705,10732649,0,3736,159.67,668,66286.92,0.00,67219.57
67279.80,3705,10740271,0,3739,159.64,668,66286.92,0.00,67244.03
67339.94,3705,10749592,0,3739,159.63,668,66286.92,0.00,67244.03
67400.87,3705,10758040,0,3745,159.61,668,66286.92,0.00,67400.81
67460.99,3705,10766389,0,3751,159.59,668,66286.92,0.00,67451.09
67521.08,3705,10776058,0,3753,159.60,668,66286.92,0.00,67519.02
67581.13,3705,10784935,0,3757,159.58,668,66286.92,0.00,67546.72
67641.39,3705,10793002,0,3760,159.56,668,66286.92,0.00,67640.67
67701.51,3705,10800359,0,3764,159.53,668,66286.92,0.00,67697.92
67761.61,3705,10807799,0,3768,159.50,668,66286.92,0.00,67749.82
67821.71,3705,10814679,0,3774,159.46,668,66286.92,0.00,67804.14
67881.74,3705,10824463,0,3776,159.46,668,66286.92,0.00,67872.27
67942.63,3705,10832845,0,3782,159.44,668,66286.92,0.00,67942.48
68003.22,3705,10841524,0,3787,159.43,668,66286.92,0.00,68003.04
68063.24,3705,10850236,0,3792,159.41,668,66286.92,0.00,68045.70
68123.38,3705,10859657,0,3795,159.41,668,66286.92,0.00,68121.14
68183.52,3705,10868435,0,3800,159.40,668,66286.92,0.00,68172.31
68243.65,3705,10877163,0,3805,159.39,668,66286.92,0.00,68240.85
68303.71,3705,10887261,0,3806,159.39,668,66286.92,0.00,68269.26
68363.74,3705,10896270,0,3810,159.39,668,66286.92,0.00,68334.00
68423.93,3705,10906467,0,3811,159.40,668,66286.92,0.00,68370.90
68484.05,3705,10915938,0,3814,159.39,668,66286.92,0.00,68465.18
68544.12,3706,10924650,0,3818,159.38,669,68529.31,0.00,68539.19
68604.23,3706,10933725,0,3822,159.37,669,68529.31,0.00,68583.73
68664.30,3706,10942074,0,3828,159.36,669,68529.31,0.00,68664.05
68724.47,3706,10950390,0,3834,159.34,669,68529.31,0.00,68713.99
68784.61,3706,10959135,0,3839,159.33,669,68529.31,0.00,68782.73
68845.28,3706,10967979,0,3844,159.31,669,68529.31,0.00,68845.23
68905.36,3706,10977021,0,3848,159.31,669,68529.31,0.00,68895.48
68965.53,3706,10985634,0,3853,159.29,669,68529.31,0.00,68943.03
69025.64,3706,10995402,0,3855,159.29,669,68529.31,0.00,68988.67
69085.74,3706,11003487,0,3860,159.27,669,68529.31,0.00,69076.42
69145.92,3706,11012430,0,3864,159.26,669,68529.31,0.00,69117.69
69205.97,3706,11021670,0,3867,159.26,669,68529.31,0.00,69190.41
69266.05,3706,11030547,0,3872,159.25,669,68529.31,0.00,69263.74
69327.83,3706,11040216,0,3875,159.25,669,68529.31,0.00,69307.70
69388.02,3706,11049159,0,3879,159.24,669,68529.31,0.00,69382.66
69448.12,3706,11058762,0,3882,159.24,669,68529.31,0.00,69443.45
69509.01,3706,11067738,0,3887,159.23,669,68529.31,0.00,69508.92
69570.44,3706,11076153,0,3894,159.21,669,68529.31,0.00,69570.31
69632.64,3706,11083891,0,3902,159.18,669,68529.31,0.00,69632.47
69694.38,3706,11093626,0,3905,159.18,669,68529.31,0.00,69694.27
69754.42,3706,11104087,0,3905,159.19,669,68529.31,0.00,69694.27
69814.48,3706,11112865,0,3909,159.18,669,68529.31,0.00,69806.51
69875.13,3706,11120240,0,3918,159.14,669,68529.31,0.00,69874.96
69935.32,3706,11129711,0,3921,159.14,669,68529.31,0.00,69914.26
69995.46,3706,11138753,0,3924,159.14,669,68529.31,0.00,69965.70
70055.61,3706,11146805,0,3928,159.11,669,68529.31,0.00,70040.10
70115.71,3706,11155946,0,3932,159.11,669,68529.31,0.00,70114.69
70175.81,3706,11163998,0,3938,159.09,669,68529.31,0.00,70150.68
70235.89,3706,11173700,0,3940,159.09,669,68529.31,0.00,70216.38
70296.98,3706,11182445,0,3945,159.07,669,68529.31,0.00,70296.92
70357.05,3706,11191520,0,3949,159.07,669,68529.31,0.00,70337.04
70417.11,3706,11200694,0,3953,159.06,669,68529.31,0.00,70414.84
70477.19,3706,11210363,0,3956,159.06,669,68529.31,0.00,70475.59
70538.21,3706,11219768,0,3960,159.06,669,68529.31,0.00,70538.12
70598.30,3706,11228348,0,3965,159.05,669,68529.31,0.00,70594.77
70658.38,3706,11236433,0,3972,159.02,669,68529.31,0.00,70654.31
70718.39,3706,11245871,0,3974,159.02,669,68529.31,0.00,70695.93
70778.47,3706,11254632,0,3979,159.01,669,68529.31,0.00,70773.11
70838.51,3706,11264433,0,3981,159.02,669,68529.31,0.00,70811.33
70898.66,3706,11273937,0,3984,159.01,669,68529.31,0.00,70892.28
70958.80,3706,11282979,0,3987,159.01,669,68529.31,0.00,70953.95
71018.83,3706,11291526,0,3993,158.99,669,68529.31,0.00,71008.64
71078.88,3706,11301195,0,3996,159.00,669,68529.31,0.00,71064.40
71138.96,3706,11310864,0,3999,159.00,669,68529.31,0.00,71134.07
71199.74,3732,11320005,0,4003,158.99,670,71189.65,0.00,71199.68
71259.93,3732,11329641,0,4006,158.99,670,71189.65,0.00,71237.48
71319.99,3732,11338452,0,4011,158.98,670,71189.65,0.00,71300.32
71380.03,3732,11347296,0,4015,158.97,670,71189.65,0.00,71376.17
71440.19,3732,11354836,0,4022,158.94,670,71189.65,0.00,71435.11
71500.21,3732,11364406,0,4025,158.94,670,71189.65,0.00,71484.04
71560.34,3732,11373695,0,4029,158.94,670,71189.65,0.00,71544.58
71620.49,3732,11382654,0,4033,158.93,670,71189.65,0.00,71605.37
71680.57,3732,11393115,0,4034,158.94,670,71189.65,0.00,71660.93
71740.60,3732,11401431,0,4039,158.93,670,71189.65,0.00,71739.00
71800.63,3732,11410803,0,4043,158.92,670,71189.65,0.00,71798.16
71860.78,3732,11419746,0,4048,158.91,670,71189.65,0.00,71859.38
71921.79,3732,11428161,0,4055,158.90,670,71189.65,0.00,71921.70
71981.94,3732,11436873,0,4059,158.89,670,71189.65,0.00,71981.31
72041.97,3732,11445469,0,4065,158.87,670,71189.65,0.00,72038.60
72101.97,3732,11455138,0,4068,158.87,670,71189.65,0.00,72086.59
72162.04,3732,11464048,0,4073,158.87,670,71189.65,0.00,72158.94
72222.74,3732,11472694,0,4079,158.85,670,71189.65,0.00,72222.59
72282.74,3732,11481571,0,4084,158.84,670,71189.65,0.00,72265.55
72342.84,3732,11491141,0,4087,158.84,670,71189.65,0.00,72338.70
72402.96,3732,11500744,0,4090,158.84,670,71189.65,0.00,72373.01
72463.12,3732,11509654,0,4094,158.83,670,71189.65,0.00,72451.24
72523.25,3732,11517804,0,4101,158.82,670,71189.65,0.00,72516.63
72583.41,3732,11527011,0,4105,158.81,670,71189.65,0.00,72581.60
72643.48,3732,11536251,0,4109,158.81,670,71189.65,0.00,72640.32
72703.67,3732,11544402,0,4116,158.79,670,71189.65,0.00,72701.56
72763.82,3732,11552850,0,4122,158.77,670,71189.65,0.00,72752.18
72823.89,3732,11562436,0,4125,158.77,670,71189.65,0.00,72822.42
72884.04,3732,11572435,0,4127,158.78,670,71189.65,0.00,72879.70
72944.13,3732,11581642,0,4130,158.77,670,71189.65,0.00,72921.77
73004.69,3732,11589826,0,4137,158.75,670,71189.65,0.00,73004.64
73064.84,3732,11599033,0,4140,158.75,670,71189.65,0.00,73063.81
73126.53,3732,11607085,0,4148,158.73,670,71189.65,0.00,73126.51
73186.61,3732,11614510,0,4157,158.70,670,71189.65,0.00,73186.29
73246.67,3732,11622991,0,4163,158.68,670,71189.65,0.00,73243.64
73306.82,3732,11631604,0,4168,158.67,670,71189.65,0.00,73293.19
73366.86,3732,11640481,0,4172,158.66,670,71189.65,0.00,73363.19
73426.91,3732,11649391,0,4176,158.65,670,71189.65,0.00,73420.20
73486.97,3732,11659357,0,4178,158.66,670,71189.65,0.00,73471.82
73547.00,3732,11667904,0,4182,158.65,670,71189.65,0.00,73544.88
73607.07,3732,11677903,0,4184,158.65,670,71189.65,0.00,73589.54
73667.23,3732,11686120,0,4190,158.63,670,71189.65,0.00,73664.23
73727.25,3732,11695030,0,4194,158.63,670,71189.65,0.00,73726.73
73787.27,3732,11704699,0,4196,158.63,670,71189.65,0.00,73777.22
73847.39,3732,11713609,0,4201,158.62,670,71189.65,0.00,73843.29
73907.43,3732,11721760,0,4208,158.60,670,71189.65,0.00,73907.01
73967.46,3732,11730274,0,4213,158.59,670,71189.65,0.00,73951.83
74027.99,3732,11739580,0,4217,158.58,670,71189.65,0.00,74027.83
74088.17,3732,11748754,0,4221,158.58,670,71189.65,0.00,74067.23
74150.17,3732,11757961,0,4226,158.57,670,71189.65,0.00,74150.05
74210.30,3732,11767531,0,4229,158.57,670,71189.65,0.00,74209.70
74270.38,3732,11776408,0,4234,158.56,670,71189.65,0.00,74248.26
74331.49,3733,11785813,0,4237,158.56,671,74277.90,0.00,74331.41
74391.64,3733,11795053,0,4241,158.55,671,74277.90,0.00,74371.77
74451.77,3733,11803204,0,4248,158.53,671,74277.90,0.00,74446.08
74511.96,3733,11813137,0,4249,158.54,671,74277.90,0.00,74507.69
74572.15,3733,11821717,0,4254,158.53,671,74277.90,0.00,74559.82
74632.17,3733,11830561,0,4257,158.52,671,74277.90,0.00,74631.24
74693.97,3733,11840395,0,4260,158.52,671,74277.90,0.00,74693.97
74754.04,3733,11849932,0,4263,158.52,671,74277.90,0.00,74742.08
74814.18,3733,11859205,0,4267,158.52,671,74277.90,0.00,74796.04
74874.32,3733,11868445,0,4271,158.51,671,74277.90,0.00,74868.70
74934.60,3733,11878114,0,4274,158.51,671,74277.90,0.00,74934.53
74994.67,3733,11887733,0,4277,158.51,671,74277.90,0.00,74985.93
75054.70,3733,11896214,0,4282,158.50,671,74277.90,0.00,75045.82
75115.91,3733,11904959,0,4287,158.49,671,74277.90,0.00,75115.88
75175.95,3733,11912747,0,4295,158.46,671,74277.90,0.00,75170.52
75236.06,3733,11921294,0,4301,158.45,671,74277.90,0.00,75233.58
75296.06,3733,11930237,0,4306,158.44,671,74277.90,0.00,75274.65
75358.12,3733,11939823,0,4310,158.44,671,74277.90,0.00,75358.09
75418.26,3733,11948716,0,4315,158.43,671,74277.90,0.00,75416.33
75479.58,3733,11956405,0,4324,158.41,671,74277.90,0.00,75479.43
75539.63,3733,11965282,0,4329,158.40,671,74277.90,0.00,75513.17
75599.75,3733,11974192,0,4334,158.39,671,74277.90,0.00,75584.40
75659.76,3733,11983135,0,4339,158.38,671,74277.90,0.00,75643.93
75719.88,3733,11992771,0,4342,158.38,671,74277.90,0.00,75715.32
75780.02,3733,12002341,0,4345,158.38,671,74277.90,0.00,75779.10
75840.02,3733,12011944,0,4348,158.39,671,74277.90,0.00,75838.38
75900.18,3733,12020854,0,4353,158.38,671,74277.90,0.00,75893.18
75960.25,3733,12029384,0,4359,158.36,671,74277.90,0.00,75957.35
76020.32,3733,12039053,0,4362,158.37,671,74277.90,0.00,75991.29
76080.38,3733,12048656,0,4365,158.37,671,74277.90,0.00,76066.84
76140.54,3733,12056163,0,4373,158.34,671,74277.90,0.00,76138.37
76200.66,3733,12066178,0,4374,158.35,671,74277.90,0.00,76188.29
76260.80,3733,12075088,0,4379,158.34,671,74277.90,0.00,76252.27
76320.95,3733,12083965,0,4384,158.33,671,74277.90,0.00,76312.97
76381.08,3733,12094360,0,4385,158.34,671,74277.90,0.00,76368.04
76441.11,3733,12103649,0,4388,158.34,671,74277.90,0.00,76437.44
76501.20,3733,12111453,0,4396,158.32,671,74277.90,0.00,76497.75
76561.38,3733,12120759,0,4400,158.31,671,74277.90,0.00,76543.54
76621.48,3733,12129669,0,4405,158.31,671,74277.90,0.00,76604.83
76681.50,3733,12138876,0,4409,158.30,671,74277.90,0.00,76675.04
76741.68,3733,12148446,0,4412,158.30,671,74277.90,0.00,76736.70
76801.71,3733,12156993,0,4418,158.29,671,74277.90,0.00,76796.30
76861.81,3733,12166596,0,4421,158.29,671,74277.90,0.00,76843.22
76921.87,3733,12177024,0,4422,158.30,671,74277.90,0.00,76871.19
76981.93,3733,12186297,0,4425,158.30,671,74277.90,0.00,76976.06
77042.12,3733,12195570,0,4429,158.30,671,74277.90,0.00,77038.28
77102.22,3733,12205569,0,4431,158.30,671,74277.90,0.00,77102.12
77162.24,3733,12213687,0,4438,158.29,671,74277.90,0.00,77159.63
77222.96,3733,12222267,0,4444,158.27,671,74277.90,0.00,77222.93
77283.08,3733,12231540,0,4446,158.27,671,74277.90,0.00,77281.84
77343.23,3733,12240087,0,4452,158.26,671,74277.90,0.00,77327.52
77403.33,3733,12249228,0,4456,158.25,671,74277.90,0.00,77383.63
77463.45,3733,12258006,0,4461,158.24,671,74277.90,0.00,77447.33
77523.49,3733,12268170,0,4462,158.25,671,74277.90,0.00,77487.80
77583.50,3733,12277739,0,4465,158.25,671,74277.90,0.00,77565.37
77643.54,3733,12285461,0,4472,158.23,671,74277.90,0.00,77631.92
77703.71,3733,12294222,0,4477,158.22,671,74277.90,0.00,77700.58
77763.79,3733,12302934,0,4482,158.21,671,74277.90,0.00,77756.94
77823.94,3733,12311811,0,4486,158.20,671,74277.90,0.00,77811.80
77884.02,3733,12319731,0,4494,158.18,671,74277.90,0.00,77882.34
77944.20,3733,12330258,0,4495,158.19,671,74277.90,0.00,77893.95
78006.22,3733,12338937,0,4502,158.18,671,74277.90,0.00,78006.21
78066.39,3733,12348408,0,4506,158.18,671,74277.90,0.00,78065.28
78127.04,3733,12357945,0,4510,158.18,671,74277.90,0.00,78126.96
78187.04,3733,12367746,0,4513,158.18,671,74277.90,0.00,78172.74
78247.22,3733,12377250,0,4516,158.18,671,74277.90,0.00,78224.83
78307.27,3733,12387265,0,4518,158.19,671,74277.90,0.00,78290.91
78367.35,3733,12396884,0,4521,158.19,671,74277.90,0.00,78365.62
78427.52,3733,12405761,0,4526,158.18,671,74277.90,0.00,78408.44
78488.54,3733,12414423,0,4532,158.17,671,74277.90,0.00,78488.52
78548.70,3733,12423993,0,4535,158.17,671,74277.90,0.00,78538.08
78608.85,3733,12433266,0,4538,158.17,671,74277.90,0.00,78597.77
78668.96,3733,12442143,0,4543,158.16,671,74277.90,0.00,78656.51
78729.12,3733,12451020,0,4548,158.15,671,74277.90,0.00,78728.31
78789.17,3733,12461349,0,4549,158.16,671,74277.90,0.00,78771.63
78849.26,3733,12470589,0,4552,158.16,671,74277.90,0.00,78822.63
78909.32,3733,12479400,0,4557,158.15,671,74277.90,0.00,78908.74
78969.41,3733,12488904,0,4559,158.15,671,74277.90,0.00,78966.95
79029.43,3733,12496659,0,4567,158.13,671,74277.90,0.00,79015.99
79089.52,3733,12505503,0,4571,158.12,671,74277.90,0.00,79079.64
79150.08,3733,12515073,0,4574,158.12,671,74277.90,0.00,79149.93
79212.05,3733,12522762,0,4583,158.09,671,74277.90,0.00,79211.89
79273.87,3733,12531193,0,4590,158.07,671,74277.90,0.00,79273.81
79333.88,3733,12540086,0,4595,158.07,671,74277.90,0.00,79331.11
79393.99,3733,12548765,0,4601,158.06,671,74277.90,0.00,79388.87
79456.09,3733,12557477,0,4607,158.04,671,74277.90,0.00,79455.93
79516.15,3733,12567608,0,4609,158.05,671,74277.90,0.00,79488.06
79576.22,3733,12576683,0,4614,158.05,671,74277.90,0.00,79567.37
79636.35,3733,12585461,0,4620,158.04,671,74277.90,0.00,79635.42
79696.53,3733,12593777,0,4627,158.02,671,74277.90,0.00,79683.82
79756.62,3733,12602885,0,4632,158.02,671,74277.90,0.00,79747.57
79816.75,3733,12611465,0,4638,158.01,671,74277.90,0.00,79804.73
79876.83,3733,12621365,0,4640,158.01,671,74277.90,0.00,79868.92
79938.89,3733,12630935,0,4644,158.01,671,74277.90,0.00,79938.88
80000.91,3733,12640439,0,4648,158.00,671,74277.90,0.00,80000.85
80061.09,3733,12649580,0,4652,158.00,671,74277.90,0.00,80051.45
80121.31,3733,12658457,0,4657,157.99,671,74277.90,0.00,80121.17
80181.35,3733,12668786,0,4658,158.00,671,74277.90,0.00,80156.28
80241.43,3733,12677597,0,4663,157.99,671,74277.90,0.00,80238.65
80301.59,3733,12686144,0,4668,157.98,671,74277.90,0.00,80292.43
80361.69,3733,12696473,0,4669,157.99,671,74277.90,0.00,80317.25
80421.82,3733,12705366,0,4673,157.98,671,74277.90,0.00,80417.69
80481.87,3733,12715332,0,4676,157.99,671,74277.90,0.00,80450.21
80541.89,3733,12724902,0,4680,157.99,671,74277.90,0.00,80538.76
80602.80,3733,12733482,0,4687,157.98,671,74277.90,0.00,80602.72
80664.37,3733,12743349,0,4691,157.98,671,74277.90,0.00,80664.20
80724.49,3733,12751962,0,4697,157.97,671,74277.90,0.00,80718.65
80784.64,3733,12761268,0,4701,157.97,671,74277.90,0.00,80769.66
80844.74,3733,12771234,0,4703,157.97,671,74277.90,0.00,80842.42
80904.75,3733,12780837,0,4706,157.97,671,74277.90,0.00,80900.87
80964.90,3733,12789400,0,4712,157.96,671,74277.90,0.00,80956.24
81024.93,3733,12798574,0,4715,157.96,671,74277.90,0.00,81009.49
81085.12,3733,12806560,0,4721,157.94,671,74277.90,0.00,81084.66
81145.14,3733,12815206,0,4725,157.93,671,74277.90,0.00,81144.58
81205.20,3733,12823159,0,4732,157.91,671,74277.90,0.00,81188.13
81265.44,3733,12831029,0,4739,157.89,671,74277.90,0.00,81265.44
81325.62,3733,12838553,0,4746,157.87,671,74277.90,0.00,81320.19
81385.73,3733,12847166,0,4751,157.86,671,74277.90,0.00,81384.66
81445.74,3733,12855432,0,4756,157.84,671,74277.90,0.00,81432.63
81505.81,3733,12863368,0,4763,157.82,671,74277.90,0.00,81496.74
81567.18,3733,12871601,0,4770,157.80,671,74277.90,0.00,81567.16
81627.22,3733,12880544,0,4774,157.80,671,74277.90,0.00,81617.43
81687.40,3733,12889949,0,4776,157.80,671,74277.90,0.00,81647.91
81747.47,3733,12898908,0,4780,157.79,671,74277.90,0.00,81741.86
81807.59,3733,12907554,0,4785,157.78,671,74277.90,0.00,81795.70
81867.72,3733,12916200,0,4790,157.77,671,74277.90,0.00,81866.08
81927.89,3733,12924021,0,4797,157.75,671,74277.90,0.00,81920.91
81988.07,3733,12932848,0,4801,157.74,671,74277.90,0.00,81974.36
82048.09,3733,12942484,0,4802,157.74,671,74277.90,0.00,82014.57
82108.18,3733,12951460,0,4805,157.74,671,74277.90,0.00,82104.69
82168.30,3733,12960337,0,4809,157.73,671,74277.90,0.00,82139.79
82228.67,3733,12968620,0,4815,157.71,671,74277.90,0.00,82228.51
82289.92,3733,12976969,0,4821,157.70,671,74277.90,0.00,82289.80
82350.06,3733,12986143,0,4824,157.69,671,74277.90,0.00,82348.56
82410.08,3733,12994129,0,4830,157.68,671,74277.90,0.00,82398.44
82470.11,3733,13002461,0,4835,157.66,671,74277.90,0.00,82469.41
82530.16,3733,13010843,0,4839,157.65,671,74277.90,0.00,82513.04
82590.20,3733,13019687,0,4843,157.64,671,74277.90,0.00,82589.34
82650.88,3733,13028036,0,4849,157.63,671,74277.90,0.00,82650.77
82710.89,3733,13037672,0,4851,157.63,671,74277.90,0.00,82710.58
82770.92,3733,13046483,0,4856,157.62,671,74277.90,0.00,82763.78
82831.00,3733,13056317,0,4858,157.63,671,74277.90,0.00,82798.92
82891.11,3733,13065722,0,4861,157.63,671,74277.90,0.00,82859.73
82951.28,3733,13075853,0,4863,157.63,671,74277.90,0.00,82946.44
83011.46,3733,13084928,0,4867,157.63,671,74277.90,0.00,82985.61
83071.49,3733,13094366,0,4871,157.63,671,74277.90,0.00,83064.09
83131.57,3733,13103474,0,4876,157.62,671,74277.90,0.00,83128.97
83191.58,3733,13113143,0,4880,157.63,671,74277.90,0.00,83191.25
83251.74,3733,13122812,0,4884,157.63,671,74277.90,0.00,83239.80
83311.87,3733,13132085,0,4889,157.63,671,74277.90,0.00,83306.13
83371.96,3733,13140995,0,4895,157.62,671,74277.90,0.00,83361.39
83432.04,3733,13149872,0,4901,157.61,671,74277.90,0.00,83424.86
83492.12,3733,13159937,0,4904,157.62,671,74277.90,0.00,83482.34
83552.21,3733,13169655,0,4907,157.62,671,74277.90,0.00,83547.86
83612.34,3733,13178928,0,4912,157.62,671,74277.90,0.00,83602.14
83672.45,3733,13188679,0,4916,157.62,671,74277.90,0.00,83662.06
83732.57,3733,13198744,0,4919,157.63,671,74277.90,0.00,83710.77
83792.59,3733,13209155,0,4921,157.64,671,74277.90,0.00,83783.71
83852.64,3733,13218164,0,4926,157.64,671,74277.90,0.00,83851.43
83912.77,3733,13227503,0,4930,157.63,671,74277.90,0.00,83900.47
83972.90,3733,13237205,0,4934,157.64,671,74277.90,0.00,83954.51
84032.97,3733,13246115,0,4939,157.63,671,74277.90,0.00,84023.83
84093.05,3733,13255091,0,4945,157.62,671,74277.90,0.00,84089.01
84153.20,3733,13263275,0,4952,157.61,671,74277.90,0.00,84134.13
84213.34,3733,13271096,0,4960,157.59,671,74277.90,0.00,84207.93
84273.51,3733,13281557,0,4962,157.60,671,74277.90,0.00,84235.96
84333.62,3733,13291556,0,4965,157.61,671,74277.90,0.00,84321.31
84393.63,3733,13299674,0,4973,157.59,671,74277.90,0.00,84392.01
84453.66,3733,13308188,0,4979,157.58,671,74277.90,0.00,84448.37
84513.72,3733,13316735,0,4986,157.57,671,74277.90,0.00,84511.09
84573.78,3733,13325612,0,4992,157.56,671,74277.90,0.00,84573.45
84635.89,3733,13335330,0,4997,157.56,671,74277.90,0.00,84635.84
84695.98,3733,13345015,0,5000,157.56,671,74277.90,0.00,84684.77
84756.16,3733,13356235,0,5000,157.58,671,74277.90,0.00,84684.77
84816.33,3733,13366399,0,5002,157.59,671,74277.90,0.00,84785.24
84876.48,3733,13376084,0,5006,157.59,671,74277.90,0.00,84871.90
84936.57,3733,13385753,0,5010,157.60,671,74277.90,0.00,84927.33
84996.75,3733,13394696,0,5016,157.59,671,74277.90,0.00,84995.55
85057.84,3733,13403441,0,5021,157.58,671,74277.90,0.00,85057.80
85117.91,3733,13412714,0,5026,157.58,671,74277.90,0.00,85115.97
85178.00,3733,13421195,0,5033,157.57,671,74277.90,0.00,85172.30
85238.11,3733,13430105,0,5039,157.56,671,74277.90,0.00,85236.40
85298.16,3733,13438932,0,5045,157.55,671,74277.90,0.00,85295.46
85359.74,3733,13447677,0,5050,157.54,671,74277.90,0.00,85359.61
85419.84,3733,13457643,0,5052,157.55,671,74277.90,0.00,85398.51
85480.00,3733,13467609,0,5054,157.55,671,74277.90,0.00,85470.81
85540.89,3733,13476981,0,5058,157.55,671,74277.90,0.00,85540.83
85601.36,3733,13486666,0,5061,157.55,671,74277.90,0.00,85601.24
85661.37,3733,13494454,0,5069,157.53,671,74277.90,0.00,85655.48
85721.41,3733,13502968,0,5075,157.52,671,74277.90,0.00,85709.18
85781.42,3733,13511168,0,5081,157.51,671,74277.90,0.00,85777.62
85841.43,3733,13520078,0,5084,157.50,671,74277.90,0.00,85839.88
85903.30,3733,13529103,0,5089,157.49,671,74277.90,0.00,85903.19
85963.40,3733,13538244,0,5092,157.49,671,74277.90,0.00,85943.09
86023.57,3733,13548045,0,5094,157.49,671,74277.90,0.00,85992.18
86083.61,3733,13555668,0,5102,157.47,671,74277.90,0.00,86078.24
86143.65,3733,13564875,0,5105,157.47,671,74277.90,0.00,86119.54
86203.66,3733,13573851,0,5109,157.46,671,74277.90,0.00,86173.50
86263.79,3733,13582464,0,5113,157.45,671,74277.90,0.00,86253.90
86323.82,3733,13591044,0,5118,157.44,671,74277.90,0.00,86305.89
86384.00,3733,13600003,0,5122,157.44,671,74277.90,0.00,86376.09
