elapsed_time,unique_edges,total_execs,crash_count,hang_count,exec_speed,queue_size,last_new_find,last_crash,last_hang
0.00,0,0,0,0,0.00,0,0.00,0.00,0.00
13.71,2105,2458,0,0,179.22,70,12.05,0.00,0.00
26.30,4771,4505,0,0,171.32,135,25.81,0.00,0.00
43.70,5799,7320,0,0,167.52,217,43.47,0.00,0.00
59.91,7412,9733,0,0,162.47,319,59.12,0.00,0.00
73.29,8903,11716,0,0,159.86,373,73.28,0.00,0.00
83.29,8903,11716,0,0,140.66,373,73.28,0.00,0.00
93.29,8903,11716,0,0,125.59,373,73.28,0.00,0.00
103.29,8903,11716,0,0,113.43,373,73.28,0.00,0.00
113.29,8903,11716,0,0,103.42,373,73.28,0.00,0.00
123.29,8903,11716,0,0,95.03,373,73.28,0.00,0.00
133.29,8903,11716,0,0,87.90,373,73.28,0.00,0.00
143.29,8903,11716,0,0,81.76,373,73.28,0.00,0.00
153.29,8903,11716,0,0,76.43,373,73.28,0.00,0.00
163.29,8903,11716,0,0,71.75,373,73.28,0.00,0.00
173.29,8903,11716,0,0,67.61,373,73.28,0.00,0.00
183.29,8903,11716,0,0,63.92,373,73.28,0.00,0.00
193.29,8903,11716,0,0,60.61,373,73.28,0.00,0.00
203.29,8903,11716,0,0,57.63,373,73.28,0.00,0.00
213.29,8903,11716,0,0,54.93,373,73.28,0.00,0.00
223.29,8903,11716,0,0,52.47,373,73.28,0.00,0.00
233.29,8903,11716,0,0,50.22,373,73.28,0.00,0.00
243.29,8903,11716,0,0,48.16,373,73.28,0.00,0.00
253.29,8903,11716,0,0,46.26,373,73.28,0.00,0.00
263.29,8903,11716,0,0,44.50,373,73.28,0.00,0.00
273.29,8903,11716,0,0,42.87,373,73.28,0.00,0.00
283.29,8903,11716,0,0,41.36,373,73.28,0.00,0.00
293.29,8903,11716,0,0,39.95,373,73.28,0.00,0.00
303.29,8903,11716,0,0,38.63,373,73.28,0.00,0.00
313.29,8903,11716,0,0,37.40,373,73.28,0.00,0.00
323.29,8903,11716,0,0,36.24,373,73.28,0.00,0.00
333.29,8903,11716,0,0,35.15,373,73.28,0.00,0.00
343.29,8903,11716,0,0,34.13,373,73.28,0.00,0.00
353.29,8903,11716,0,0,33.16,373,73.28,0.00,0.00
363.29,8903,11716,0,0,32.25,373,73.28,0.00,0.00
373.29,8903,11716,0,0,31.39,373,73.28,0.00,0.00
383.29,8903,11716,0,0,30.57,373,73.28,0.00,0.00
393.29,8903,11716,0,0,29.79,373,73.28,0.00,0.00
403.29,8903,11716,0,0,29.05,373,73.28,0.00,0.00
413.29,8903,11716,0,0,28.35,373,73.28,0.00,0.00
423.29,8903,11716,0,0,27.68,373,73.28,0.00,0.00
433.29,8903,11716,0,0,27.04,373,73.28,0.00,0.00
443.29,8903,11716,0,0,26.43,373,73.28,0.00,0.00
453.29,8903,11716,0,0,25.85,373,73.28,0.00,0.00
463.29,8903,11716,0,0,25.29,373,73.28,0.00,0.00
473.29,8903,11716,0,0,24.75,373,73.28,0.00,0.00
483.29,8903,11716,0,0,24.24,373,73.28,0.00,0.00
493.29,8903,11716,0,0,23.75,373,73.28,0.00,0.00
503.29,8903,11716,0,0,23.28,373,73.28,0.00,0.00
513.29,8903,11716,0,0,22.83,373,73.28,0.00,0.00
523.29,8903,11716,0,0,22.39,373,73.28,0.00,0.00
533.29,8903,11716,0,0,21.97,373,73.28,0.00,0.00
543.29,8903,11716,0,0,21.56,373,73.28,0.00,0.00
553.29,8903,11716,0,0,21.18,373,73.28,0.00,0.00
563.29,8903,11716,0,0,20.80,373,73.28,0.00,0.00
573.29,8903,11716,0,0,20.44,373,73.28,0.00,0.00
583.29,8903,11716,0,0,20.09,373,73.28,0.00,0.00
593.29,8903,11716,0,0,19.75,373,73.28,0.00,0.00
623.29,8903,11716,0,0,18.80,373,73.28,0.00,0.00
653.29,8903,11716,0,0,17.93,373,73.28,0.00,0.00
683.29,8903,11716,0,0,17.15,373,73.28,0.00,0.00
713.29,8903,11716,0,0,16.43,373,73.28,0.00,0.00
743.29,8903,11716,0,0,15.76,373,73.28,0.00,0.00
773.29,8903,11716,0,0,15.15,373,73.28,0.00,0.00
803.29,8903,11716,0,0,14.59,373,73.28,0.00,0.00
833.29,8903,11716,0,0,14.06,373,73.28,0.00,0.00
863.29,8903,11716,0,0,13.57,373,73.28,0.00,0.00
893.29,8903,11716,0,0,13.12,373,73.28,0.00,0.00
923.29,8903,11716,0,0,12.69,373,73.28,0.00,0.00
953.29,8903,11716,0,0,12.29,373,73.28,0.00,0.00
983.29,8903,11716,0,0,11.92,373,73.28,0.00,0.00
1013.29,8903,11716,0,0,11.56,373,73.28,0.00,0.00
1043.29,8903,11716,0,0,11.23,373,73.28,0.00,0.00
1073.29,8903,11716,0,0,10.92,373,73.28,0.00,0.00
1103.29,8903,11716,0,0,10.62,373,73.28,0.00,0.00
1133.29,8903,11716,0,0,10.34,373,73.28,0.00,0.00
1163.29,8903,11716,0,0,10.07,373,73.28,0.00,0.00
1193.29,8903,11716,0,0,9.82,373,73.28,0.00,0.00
1223.29,8903,11716,0,0,9.58,373,73.28,0.00,0.00
1253.29,8903,11716,0,0,9.35,373,73.28,0.00,0.00
1283.29,8903,11716,0,0,9.13,373,73.28,0.00,0.00
1313.29,8903,11716,0,0,8.92,373,73.28,0.00,0.00
1343.29,8903,11716,0,0,8.72,373,73.28,0.00,0.00
1373.29,8903,11716,0,0,8.53,373,73.28,0.00,0.00
1403.29,8903,11716,0,0,8.35,373,73.28,0.00,0.00
1433.29,8903,11716,0,0,8.17,373,73.28,0.00,0.00
1463.29,8903,11716,0,0,8.01,373,73.28,0.00,0.00
1493.29,8903,11716,0,0,7.85,373,73.28,0.00,0.00
1523.29,8903,11716,0,0,7.69,373,73.28,0.00,0.00
1553.29,8903,11716,0,0,7.54,373,73.28,0.00,0.00
1583.29,8903,11716,0,0,7.40,373,73.28,0.00,0.00
1613.29,8903,11716,0,0,7.26,373,73.28,0.00,0.00
1643.29,8903,11716,0,0,7.13,373,73.28,0.00,0.00
1673.29,8903,11716,0,0,7.00,373,73.28,0.00,0.00
1703.29,8903,11716,0,0,6.88,373,73.28,0.00,0.00
1733.29,8903,11716,0,0,6.76,373,73.28,0.00,0.00
1763.29,8903,11716,0,0,6.64,373,73.28,0.00,0.00
1793.29,8903,11716,0,0,6.53,373,73.28,0.00,0.00
1823.29,8903,11716,0,0,6.43,373,73.28,0.00,0.00
1853.29,8903,11716,0,0,6.32,373,73.28,0.00,0.00
1883.29,8903,11716,0,0,6.22,373,73.28,0.00,0.00
1913.29,8903,11716,0,0,6.12,373,73.28,0.00,0.00
1943.29,8903,11716,0,0,6.03,373,73.28,0.00,0.00
1973.29,8903,11716,0,0,5.94,373,73.28,0.00,0.00
2003.29,8903,11716,0,0,5.85,373,73.28,0.00,0.00
2033.29,8903,11716,0,0,5.76,373,73.28,0.00,0.00
2063.29,8903,11716,0,0,5.68,373,73.28,0.00,0.00
2093.29,8903,11716,0,0,5.60,373,73.28,0.00,0.00
2123.29,8903,11716,0,0,5.52,373,73.28,0.00,0.00
2153.29,8903,11716,0,0,5.44,373,73.28,0.00,0.00
2183.29,8903,11716,0,0,5.37,373,73.28,0.00,0.00
2213.29,8903,11716,0,0,5.29,373,73.28,0.00,0.00
2243.29,8903,11716,0,0,5.22,373,73.28,0.00,0.00
2273.29,8903,11716,0,0,5.15,373,73.28,0.00,0.00
2303.29,8903,11716,0,0,5.09,373,73.28,0.00,0.00
2333.29,8903,11716,0,0,5.02,373,73.28,0.00,0.00
2363.29,8903,11716,0,0,4.96,373,73.28,0.00,0.00
2393.29,8903,11716,0,0,4.90,373,73.28,0.00,0.00
2423.29,8903,11716,0,0,4.83,373,73.28,0.00,0.00
2453.29,8903,11716,0,0,4.78,373,73.28,0.00,0.00
2483.29,8903,11716,0,0,4.72,373,73.28,0.00,0.00
2513.29,8903,11716,0,0,4.66,373,73.28,0.00,0.00
2543.29,8903,11716,0,0,4.61,373,73.28,0.00,0.00
2573.29,8903,11716,0,0,4.55,373,73.28,0.00,0.00
2603.29,8903,11716,0,0,4.50,373,73.28,0.00,0.00
2633.29,8903,11716,0,0,4.45,373,73.28,0.00,0.00
2663.29,8903,11716,0,0,4.40,373,73.28,0.00,0.00
2693.29,8903,11716,0,0,4.35,373,73.28,0.00,0.00
2723.29,8903,11716,0,0,4.30,373,73.28,0.00,0.00
2753.29,8903,11716,0,0,4.26,373,73.28,0.00,0.00
2783.29,8903,11716,0,0,4.21,373,73.28,0.00,0.00
2813.29,8903,11716,0,0,4.16,373,73.28,0.00,0.00
2843.29,8903,11716,0,0,4.12,373,73.28,0.00,0.00
2873.29,8903,11716,0,0,4.08,373,73.28,0.00,0.00
2903.29,8903,11716,0,0,4.04,373,73.28,0.00,0.00
2933.29,8903,11716,0,0,3.99,373,73.28,0.00,0.00
2963.29,8903,11716,0,0,3.95,373,73.28,0.00,0.00
2993.29,8903,11716,0,0,3.91,373,73.28,0.00,0.00
3023.29,8903,11716,0,0,3.88,373,73.28,0.00,0.00
3053.29,8903,11716,0,0,3.84,373,73.28,0.00,0.00
3083.29,8903,11716,0,0,3.80,373,73.28,0.00,0.00
3113.29,8903,11716,0,0,3.76,373,73.28,0.00,0.00
3143.29,8903,11716,0,0,3.73,373,73.28,0.00,0.00
3173.29,8903,11716,0,0,3.69,373,73.28,0.00,0.00
3203.29,8903,11716,0,0,3.66,373,73.28,0.00,0.00
3233.29,8903,11716,0,0,3.62,373,73.28,0.00,0.00
3263.29,8903,11716,0,0,3.59,373,73.28,0.00,0.00
3293.29,8903,11716,0,0,3.56,373,73.28,0.00,0.00
3323.29,8903,11716,0,0,3.53,373,73.28,0.00,0.00
3353.29,8903,11716,0,0,3.49,373,73.28,0.00,0.00
3383.29,8903,11716,0,0,3.46,373,73.28,0.00,0.00
3413.29,8903,11716,0,0,3.43,373,73.28,0.00,0.00
3443.29,8903,11716,0,0,3.40,373,73.28,0.00,0.00
3473.29,8903,11716,0,0,3.37,373,73.28,0.00,0.00
3503.29,8903,11716,0,0,3.34,373,73.28,0.00,0.00
3533.29,8903,11716,0,0,3.32,373,73.28,0.00,0.00
3563.29,8903,11716,0,0,3.29,373,73.28,0.00,0.00
3593.29,8903,11716,0,0,3.26,373,73.28,0.00,0.00
3653.29,8903,11716,0,0,3.21,373,73.28,0.00,0.00
3713.29,8903,11716,0,0,3.16,373,73.28,0.00,0.00
3773.29,8903,11716,0,0,3.10,373,73.28,0.00,0.00
3833.29,8903,11716,0,0,3.06,373,73.28,0.00,0.00
3893.29,8903,11716,0,0,3.01,373,73.28,0.00,0.00
3953.29,8903,11716,0,0,2.96,373,73.28,0.00,0.00
4013.29,8903,11716,0,0,2.92,373,73.28,0.00,0.00
4073.29,8903,11716,0,0,2.88,373,73.28,0.00,0.00
4133.29,8903,11716,0,0,2.83,373,73.28,0.00,0.00
4193.29,8903,11716,0,0,2.79,373,73.28,0.00,0.00
4253.29,8903,11716,0,0,2.75,373,73.28,0.00,0.00
4313.29,8903,11716,0,0,2.72,373,73.28,0.00,0.00
4373.29,8903,11716,0,0,2.68,373,73.28,0.00,0.00
4433.29,8903,11716,0,0,2.64,373,73.28,0.00,0.00
4493.29,8903,11716,0,0,2.61,373,73.28,0.00,0.00
4553.29,8903,11716,0,0,2.57,373,73.28,0.00,0.00
4613.30,8903,11716,0,0,2.54,373,73.28,0.00,0.00
4673.30,8903,11716,0,0,2.51,373,73.28,0.00,0.00
4733.30,8903,11716,0,0,2.48,373,73.28,0.00,0.00
4793.30,8903,11716,0,0,2.44,373,73.28,0.00,0.00
4853.30,8903,11716,0,0,2.41,373,73.28,0.00,0.00
4913.30,8903,11716,0,0,2.38,373,73.28,0.00,0.00
4973.30,8903,11716,0,0,2.36,373,73.28,0.00,0.00
5033.30,8903,11716,0,0,2.33,373,73.28,0.00,0.00
5093.30,8903,11716,0,0,2.30,373,73.28,0.00,0.00
5153.30,8903,11716,0,0,2.27,373,73.28,0.00,0.00
5213.30,8903,11716,0,0,2.25,373,73.28,0.00,0.00
5273.30,8903,11716,0,0,2.22,373,73.28,0.00,0.00
5333.30,8903,11716,0,0,2.20,373,73.28,0.00,0.00
5393.30,8903,11716,0,0,2.17,373,73.28,0.00,0.00
5453.30,8903,11716,0,0,2.15,373,73.28,0.00,0.00
5513.30,8903,11716,0,0,2.13,373,73.28,0.00,0.00
5573.30,8903,11716,0,0,2.10,373,73.28,0.00,0.00
5633.30,8903,11716,0,0,2.08,373,73.28,0.00,0.00
5693.30,8903,11716,0,0,2.06,373,73.28,0.00,0.00
5753.30,8903,11716,0,0,2.04,373,73.28,0.00,0.00
5813.30,8903,11716,0,0,2.02,373,73.28,0.00,0.00
5873.30,8903,11716,0,0,1.99,373,73.28,0.00,0.00
5933.30,8903,11716,0,0,1.97,373,73.28,0.00,0.00
5993.30,8903,11716,0,0,1.95,373,73.28,0.00,0.00
6053.30,8903,11716,0,0,1.94,373,73.28,0.00,0.00
6113.30,8903,11716,0,0,1.92,373,73.28,0.00,0.00
6173.30,8903,11716,0,0,1.90,373,73.28,0.00,0.00
6233.30,8903,11716,0,0,1.88,373,73.28,0.00,0.00
6293.30,8903,11716,0,0,1.86,373,73.28,0.00,0.00
6353.30,8903,11716,0,0,1.84,373,73.28,0.00,0.00
6413.30,8903,11716,0,0,1.83,373,73.28,0.00,0.00
6473.30,8903,11716,0,0,1.81,373,73.28,0.00,0.00
6533.30,8903,11716,0,0,1.79,373,73.28,0.00,0.00
6593.30,8903,11716,0,0,1.78,373,73.28,0.00,0.00
6653.30,8903,11716,0,0,1.76,373,73.28,0.00,0.00
6713.30,8903,11716,0,0,1.75,373,73.28,0.00,0.00
6773.30,8903,11716,0,0,1.73,373,73.28,0.00,0.00
6833.30,8903,11716,0,0,1.71,373,73.28,0.00,0.00
6893.30,8903,11716,0,0,1.70,373,73.28,0.00,0.00
6953.30,8903,11716,0,0,1.68,373,73.28,0.00,0.00
7013.30,8903,11716,0,0,1.67,373,73.28,0.00,0.00
7073.30,8903,11716,0,0,1.66,373,73.28,0.00,0.00
7133.30,8903,11716,0,0,1.64,373,73.28,0.00,0.00
7193.30,8903,11716,0,0,1.63,373,73.28,0.00,0.00
7253.30,8903,11716,0,0,1.62,373,73.28,0.00,0.00
7313.30,8903,11716,0,0,1.60,373,73.28,0.00,0.00
7373.30,8903,11716,0,0,1.59,373,73.28,0.00,0.00
7433.30,8903,11716,0,0,1.58,373,73.28,0.00,0.00
7493.30,8903,11716,0,0,1.56,373,73.28,0.00,0.00
7553.30,8903,11716,0,0,1.55,373,73.28,0.00,0.00
7613.30,8903,11716,0,0,1.54,373,73.28,0.00,0.00
7673.30,8903,11716,0,0,1.53,373,73.28,0.00,0.00
7733.30,8903,11716,0,0,1.52,373,73.28,0.00,0.00
7793.30,8903,11716,0,0,1.50,373,73.28,0.00,0.00
7853.30,8903,11716,0,0,1.49,373,73.28,0.00,0.00
7913.30,8903,11716,0,0,1.48,373,73.28,0.00,0.00
7973.30,8903,11716,0,0,1.47,373,73.28,0.00,0.00
8033.30,8903,11716,0,0,1.46,373,73.28,0.00,0.00
8093.30,8903,11716,0,0,1.45,373,73.28,0.00,0.00
8153.30,8903,11716,0,0,1.44,373,73.28,0.00,0.00
8213.30,8903,11716,0,0,1.43,373,73.28,0.00,0.00
8273.30,8903,11716,0,0,1.42,373,73.28,0.00,0.00
8333.30,8903,11716,0,0,1.41,373,73.28,0.00,0.00
8393.30,8903,11716,0,0,1.40,373,73.28,0.00,0.00
8453.30,8903,11716,0,0,1.39,373,73.28,0.00,0.00
8513.30,8903,11716,0,0,1.38,373,73.28,0.00,0.00
8573.30,8903,11716,0,0,1.37,373,73.28,0.00,0.00
8633.30,8903,11716,0,0,1.36,373,73.28,0.00,0.00
8693.30,8903,11716,0,0,1.35,373,73.28,0.00,0.00
8753.30,8903,11716,0,0,1.34,373,73.28,0.00,0.00
8813.30,8903,11716,0,0,1.33,373,73.28,0.00,0.00
8873.30,8903,11716,0,0,1.32,373,73.28,0.00,0.00
8933.30,8903,11716,0,0,1.31,373,73.28,0.00,0.00
8993.30,8903,11716,0,0,1.30,373,73.28,0.00,0.00
9053.30,8903,11716,0,0,1.29,373,73.28,0.00,0.00
9113.30,8903,11716,0,0,1.29,373,73.28,0.00,0.00
9173.30,8903,11716,0,0,1.28,373,73.28,0.00,0.00
9233.30,8903,11716,0,0,1.27,373,73.28,0.00,0.00
9293.30,8903,11716,0,0,1.26,373,73.28,0.00,0.00
9353.30,8903,11716,0,0,1.25,373,73.28,0.00,0.00
9413.30,8903,11716,0,0,1.24,373,73.28,0.00,0.00
9473.30,8903,11716,0,0,1.24,373,73.28,0.00,0.00
9533.30,8903,11716,0,0,1.23,373,73.28,0.00,0.00
9593.30,8903,11716,0,0,1.22,373,73.28,0.00,0.00
9653.30,8903,11716,0,0,1.21,373,73.28,0.00,0.00
9713.30,8903,11716,0,0,1.21,373,73.28,0.00,0.00
9773.30,8903,11716,0,0,1.20,373,73.28,0.00,0.00
9833.30,8903,11716,0,0,1.19,373,73.28,0.00,0.00
9893.30,8903,11716,0,0,1.18,373,73.28,0.00,0.00
9953.30,8903,11716,0,0,1.18,373,73.28,0.00,0.00
10013.30,8903,11716,0,0,1.17,373,73.28,0.00,0.00
10073.30,8903,11716,0,0,1.16,373,73.28,0.00,0.00
10133.30,8903,11716,0,0,1.16,373,73.28,0.00,0.00
10193.30,8903,11716,0,0,1.15,373,73.28,0.00,0.00
10253.30,8903,11716,0,0,1.14,373,73.28,0.00,0.00
10313.30,8903,11716,0,0,1.14,373,73.28,0.00,0.00
10373.30,8903,11716,0,0,1.13,373,73.28,0.00,0.00
10433.30,8903,11716,0,0,1.12,373,73.28,0.00,0.00
10493.30,8903,11716,0,0,1.12,373,73.28,0.00,0.00
10553.30,8903,11716,0,0,1.11,373,73.28,0.00,0.00
10613.30,8903,11716,0,0,1.10,373,73.28,0.00,0.00
10673.30,8903,11716,0,0,1.10,373,73.28,0.00,0.00
10733.30,8903,11716,0,0,1.09,373,73.28,0.00,0.00
10793.30,8903,11716,0,0,1.09,373,73.28,0.00,0.00
10853.30,8903,11716,0,0,1.08,373,73.28,0.00,0.00
10913.30,8903,11716,0,0,1.07,373,73.28,0.00,0.00
10973.30,8903,11716,0,0,1.07,373,73.28,0.00,0.00
11033.30,8903,11716,0,0,1.06,373,73.28,0.00,0.00
11093.30,8903,11716,0,0,1.06,373,73.28,0.00,0.00
11153.30,8903,11716,0,0,1.05,373,73.28,0.00,0.00
11213.30,8903,11716,0,0,1.04,373,73.28,0.00,0.00
11273.30,8903,11716,0,0,1.04,373,73.28,0.00,0.00
11333.30,8903,11716,0,0,1.03,373,73.28,0.00,0.00
11393.30,8903,11716,0,0,1.03,373,73.28,0.00,0.00
11453.30,8903,11716,0,0,1.02,373,73.28,0.00,0.00
11513.30,8903,11716,0,0,1.02,373,73.28,0.00,0.00
11573.30,8903,11716,0,0,1.01,373,73.28,0.00,0.00
11633.30,8903,11716,0,0,1.01,373,73.28,0.00,0.00
11693.30,8903,11716,0,0,1.00,373,73.28,0.00,0.00
11753.30,8903,11716,0,0,1.00,373,73.28,0.00,0.00
11813.30,8903,11716,0,0,0.99,373,73.28,0.00,0.00
11873.30,8903,11716,0,0,0.99,373,73.28,0.00,0.00
11933.30,8903,11716,0,0,0.98,373,73.28,0.00,0.00
11993.30,8903,11716,0,0,0.98,373,73.28,0.00,0.00
12053.30,8903,11716,0,0,0.97,373,73.28,0.00,0.00
12113.30,8903,11716,0,0,0.97,373,73.28,0.00,0.00
12173.30,8903,11716,0,0,0.96,373,73.28,0.00,0.00
12233.30,8903,11716,0,0,0.96,373,73.28,0.00,0.00
12293.30,8903,11716,0,0,0.95,373,73.28,0.00,0.00
12353.30,8903,11716,0,0,0.95,373,73.28,0.00,0.00
12413.30,8903,11716,0,0,0.94,373,73.28,0.00,0.00
12473.30,8903,11716,0,0,0.94,373,73.28,0.00,0.00
12533.30,8903,11716,0,0,0.93,373,73.28,0.00,0.00
12593.30,8903,11716,0,0,0.93,373,73.28,0.00,0.00
12653.30,8903,11716,0,0,0.93,373,73.28,0.00,0.00
12713.30,8903,11716,0,0,0.92,373,73.28,0.00,0.00
12773.30,8903,11716,0,0,0.92,373,73.28,0.00,0.00
12833.30,8903,11716,0,0,0.91,373,73.28,0.00,0.00
12893.30,8903,11716,0,0,0.91,373,73.28,0.00,0.00
12953.30,8903,11716,0,0,0.90,373,73.28,0.00,0.00
13013.30,8903,11716,0,0,0.90,373,73.28,0.00,0.00
13073.30,8903,11716,0,0,0.90,373,73.28,0.00,0.00
13133.30,8903,11716,0,0,0.89,373,73.28,0.00,0.00
13193.30,8903,11716,0,0,0.89,373,73.28,0.00,0.00
13253.30,8903,11716,0,0,0.88,373,73.28,0.00,0.00
13313.30,8903,11716,0,0,0.88,373,73.28,0.00,0.00
13373.30,8903,11716,0,0,0.88,373,73.28,0.00,0.00
13433.30,8903,11716,0,0,0.87,373,73.28,0.00,0.00
13493.30,8903,11716,0,0,0.87,373,73.28,0.00,0.00
13553.30,8903,11716,0,0,0.86,373,73.28,0.00,0.00
13613.30,8903,11716,0,0,0.86,373,73.28,0.00,0.00
13673.30,8903,11716,0,0,0.86,373,73.28,0.00,0.00
13733.30,8903,11716,0,0,0.85,373,73.28,0.00,0.00
13793.30,8903,11716,0,0,0.85,373,73.28,0.00,0.00
13853.30,8903,11716,0,0,0.85,373,73.28,0.00,0.00
13913.30,8903,11716,0,0,0.84,373,73.28,0.00,0.00
13973.30,8903,11716,0,0,0.84,373,73.28,0.00,0.00
14033.30,8903,11716,0,0,0.83,373,73.28,0.00,0.00
14093.30,8903,11716,0,0,0.83,373,73.28,0.00,0.00
14153.30,8903,11716,0,0,0.83,373,73.28,0.00,0.00
14213.30,8903,11716,0,0,0.82,373,73.28,0.00,0.00
14273.30,8903,11716,0,0,0.82,373,73.28,0.00,0.00
14333.30,8903,11716,0,0,0.82,373,73.28,0.00,0.00
14393.30,8903,11716,0,0,0.81,373,73.28,0.00,0.00
14453.30,8903,11716,0,0,0.81,373,73.28,0.00,0.00
14513.30,8903,11716,0,0,0.81,373,73.28,0.00,0.00
14573.30,8903,11716,0,0,0.80,373,73.28,0.00,0.00
14633.30,8903,11716,0,0,0.80,373,73.28,0.00,0.00
14693.30,8903,11716,0,0,0.80,373,73.28,0.00,0.00
14753.30,8903,11716,0,0,0.79,373,73.28,0.00,0.00
14813.30,8903,11716,0,0,0.79,373,73.28,0.00,0.00
14873.30,8903,11716,0,0,0.79,373,73.28,0.00,0.00
14933.30,8903,11716,0,0,0.78,373,73.28,0.00,0.00
14993.30,8903,11716,0,0,0.78,373,73.28,0.00,0.00
15053.30,8903,11716,0,0,0.78,373,73.28,0.00,0.00
15113.30,8903,11716,0,0,0.78,373,73.28,0.00,0.00
15173.30,8903,11716,0,0,0.77,373,73.28,0.00,0.00
15233.30,8903,11716,0,0,0.77,373,73.28,0.00,0.00
15293.30,8903,11716,0,0,0.77,373,73.28,0.00,0.00
15353.30,8903,11716,0,0,0.76,373,73.28,0.00,0.00
15413.30,8903,11716,0,0,0.76,373,73.28,0.00,0.00
15473.30,8903,11716,0,0,0.76,373,73.28,0.00,0.00
15533.30,8903,11716,0,0,0.75,373,73.28,0.00,0.00
15593.30,8903,11716,0,0,0.75,373,73.28,0.00,0.00
15653.30,8903,11716,0,0,0.75,373,73.28,0.00,0.00
15713.30,8903,11716,0,0,0.75,373,73.28,0.00,0.00
15773.30,8903,11716,0,0,0.74,373,73.28,0.00,0.00
15833.30,8903,11716,0,0,0.74,373,73.28,0.00,0.00
15893.30,8903,11716,0,0,0.74,373,73.28,0.00,0.00
15953.30,8903,11716,0,0,0.73,373,73.28,0.00,0.00
16013.30,8903,11716,0,0,0.73,373,73.28,0.00,0.00
16073.30,8903,11716,0,0,0.73,373,73.28,0.00,0.00
16133.30,8903,11716,0,0,0.73,373,73.28,0.00,0.00
16193.30,8903,11716,0,0,0.72,373,73.28,0.00,0.00
16253.30,8903,11716,0,0,0.72,373,73.28,0.00,0.00
16313.30,8903,11716,0,0,0.72,373,73.28,0.00,0.00
16373.30,8903,11716,0,0,0.72,373,73.28,0.00,0.00
16433.30,8903,11716,0,0,0.71,373,73.28,0.00,0.00
16493.30,8903,11716,0,0,0.71,373,73.28,0.00,0.00
16553.30,8903,11716,0,0,0.71,373,73.28,0.00,0.00
16613.30,8903,11716,0,0,0.71,373,73.28,0.00,0.00
16673.30,8903,11716,0,0,0.70,373,73.28,0.00,0.00
16733.30,8903,11716,0,0,0.70,373,73.28,0.00,0.00
16793.30,8903,11716,0,0,0.70,373,73.28,0.00,0.00
16853.30,8903,11716,0,0,0.70,373,73.28,0.00,0.00
16913.30,8903,11716,0,0,0.69,373,73.28,0.00,0.00
16973.30,8903,11716,0,0,0.69,373,73.28,0.00,0.00
17033.30,8903,11716,0,0,0.69,373,73.28,0.00,0.00
17093.30,8903,11716,0,0,0.69,373,73.28,0.00,0.00
17153.30,8903,11716,0,0,0.68,373,73.28,0.00,0.00
17213.30,8903,11716,0,0,0.68,373,73.28,0.00,0.00
17273.30,8903,11716,0,0,0.68,373,73.28,0.00,0.00
17333.30,8903,11716,0,0,0.68,373,73.28,0.00,0.00
17393.30,8903,11716,0,0,0.67,373,73.28,0.00,0.00
17453.30,8903,11716,0,0,0.67,373,73.28,0.00,0.00
17513.30,8903,11716,0,0,0.67,373,73.28,0.00,0.00
17573.30,8903,11716,0,0,0.67,373,73.28,0.00,0.00
17633.30,8903,11716,0,0,0.66,373,73.28,0.00,0.00
17693.30,8903,11716,0,0,0.66,373,73.28,0.00,0.00
17753.30,8903,11716,0,0,0.66,373,73.28,0.00,0.00
17813.30,8903,11716,0,0,0.66,373,73.28,0.00,0.00
17873.30,8903,11716,0,0,0.66,373,73.28,0.00,0.00
17933.30,8903,11716,0,0,0.65,373,73.28,0.00,0.00
17993.30,8903,11716,0,0,0.65,373,73.28,0.00,0.00
18053.30,8903,11716,0,0,0.65,373,73.28,0.00,0.00
18113.30,8903,11716,0,0,0.65,373,73.28,0.00,0.00
18173.30,8903,11716,0,0,0.64,373,73.28,0.00,0.00
18233.30,8903,11716,0,0,0.64,373,73.28,0.00,0.00
18293.30,8903,11716,0,0,0.64,373,73.28,0.00,0.00
18353.30,8903,11716,0,0,0.64,373,73.28,0.00,0.00
18413.30,8903,11716,0,0,0.64,373,73.28,0.00,0.00
18473.30,8903,11716,0,0,0.63,373,73.28,0.00,0.00
18533.30,8903,11716,0,0,0.63,373,73.28,0.00,0.00
18593.30,8903,11716,0,0,0.63,373,73.28,0.00,0.00
18653.30,8903,11716,0,0,0.63,373,73.28,0.00,0.00
18713.30,8903,11716,0,0,0.63,373,73.28,0.00,0.00
18773.30,8903,11716,0,0,0.62,373,73.28,0.00,0.00
18833.30,8903,11716,0,0,0.62,373,73.28,0.00,0.00
18893.30,8903,11716,0,0,0.62,373,73.28,0.00,0.00
18953.30,8903,11716,0,0,0.62,373,73.28,0.00,0.00
19013.30,8903,11716,0,0,0.62,373,73.28,0.00,0.00
19073.30,8903,11716,0,0,0.61,373,73.28,0.00,0.00
19133.30,8903,11716,0,0,0.61,373,73.28,0.00,0.00
19193.30,8903,11716,0,0,0.61,373,73.28,0.00,0.00
19253.30,8903,11716,0,0,0.61,373,73.28,0.00,0.00
19313.30,8903,11716,0,0,0.61,373,73.28,0.00,0.00
19373.30,8903,11716,0,0,0.60,373,73.28,0.00,0.00
19433.30,8903,11716,0,0,0.60,373,73.28,0.00,0.00
19493.30,8903,11716,0,0,0.60,373,73.28,0.00,0.00
19553.30,8903,11716,0,0,0.60,373,73.28,0.00,0.00
19613.30,8903,11716,0,0,0.60,373,73.28,0.00,0.00
19673.30,8903,11716,0,0,0.60,373,73.28,0.00,0.00
19733.30,8903,11716,0,0,0.59,373,73.28,0.00,0.00
19793.30,8903,11716,0,0,0.59,373,73.28,0.00,0.00
19853.30,8903,11716,0,0,0.59,373,73.28,0.00,0.00
19913.30,8903,11716,0,0,0.59,373,73.28,0.00,0.00
19973.30,8903,11716,0,0,0.59,373,73.28,0.00,0.00
20033.30,8903,11716,0,0,0.58,373,73.28,0.00,0.00
20093.30,8903,11716,0,0,0.58,373,73.28,0.00,0.00
20153.30,8903,11716,0,0,0.58,373,73.28,0.00,0.00
20213.30,8903,11716,0,0,0.58,373,73.28,0.00,0.00
20273.30,8903,11716,0,0,0.58,373,73.28,0.00,0.00
20333.30,8903,11716,0,0,0.58,373,73.28,0.00,0.00
20393.30,8903,11716,0,0,0.57,373,73.28,0.00,0.00
20453.30,8903,11716,0,0,0.57,373,73.28,0.00,0.00
20513.30,8903,11716,0,0,0.57,373,73.28,0.00,0.00
20573.30,8903,11716,0,0,0.57,373,73.28,0.00,0.00
20633.30,8903,11716,0,0,0.57,373,73.28,0.00,0.00
20693.30,8903,11716,0,0,0.57,373,73.28,0.00,0.00
20753.30,8903,11716,0,0,0.56,373,73.28,0.00,0.00
20813.30,8903,11716,0,0,0.56,373,73.28,0.00,0.00
20873.30,8903,11716,0,0,0.56,373,73.28,0.00,0.00
20933.30,8903,11716,0,0,0.56,373,73.28,0.00,0.00
20993.30,8903,11716,0,0,0.56,373,73.28,0.00,0.00
21053.30,8903,11716,0,0,0.56,373,73.28,0.00,0.00
21113.30,8903,11716,0,0,0.55,373,73.28,0.00,0.00
21173.30,8903,11716,0,0,0.55,373,73.28,0.00,0.00
21233.30,8903,11716,0,0,0.55,373,73.28,0.00,0.00
21293.30,8903,11716,0,0,0.55,373,73.28,0.00,0.00
21353.30,8903,11716,0,0,0.55,373,73.28,0.00,0.00
21413.30,8903,11716,0,0,0.55,373,73.28,0.00,0.00
21473.30,8903,11716,0,0,0.55,373,73.28,0.00,0.00
21533.30,8903,11716,0,0,0.54,373,73.28,0.00,0.00
21593.30,8903,11716,0,0,0.54,373,73.28,0.00,0.00
21653.30,8903,11716,0,0,0.54,373,73.28,0.00,0.00
21713.30,8903,11716,0,0,0.54,373,73.28,0.00,0.00
21773.30,8903,11716,0,0,0.54,373,73.28,0.00,0.00
21833.30,8903,11716,0,0,0.54,373,73.28,0.00,0.00
21893.30,8903,11716,0,0,0.54,373,73.28,0.00,0.00
21953.30,8903,11716,0,0,0.53,373,73.28,0.00,0.00
22013.30,8903,11716,0,0,0.53,373,73.28,0.00,0.00
22073.30,8903,11716,0,0,0.53,373,73.28,0.00,0.00
22133.30,8903,11716,0,0,0.53,373,73.28,0.00,0.00
22193.30,8903,11716,0,0,0.53,373,73.28,0.00,0.00
22253.30,8903,11716,0,0,0.53,373,73.28,0.00,0.00
22313.30,8903,11716,0,0,0.53,373,73.28,0.00,0.00
22373.30,8903,11716,0,0,0.52,373,73.28,0.00,0.00
22433.30,8903,11716,0,0,0.52,373,73.28,0.00,0.00
22493.30,8903,11716,0,0,0.52,373,73.28,0.00,0.00
22553.30,8903,11716,0,0,0.52,373,73.28,0.00,0.00
22613.30,8903,11716,0,0,0.52,373,73.28,0.00,0.00
22673.30,8903,11716,0,0,0.52,373,73.28,0.00,0.00
22733.30,8903,11716,0,0,0.52,373,73.28,0.00,0.00
22793.30,8903,11716,0,0,0.51,373,73.28,0.00,0.00
22853.30,8903,11716,0,0,0.51,373,73.28,0.00,0.00
22913.30,8903,11716,0,0,0.51,373,73.28,0.00,0.00
22973.30,8903,11716,0,0,0.51,373,73.28,0.00,0.00
23033.30,8903,11716,0,0,0.51,373,73.28,0.00,0.00
23093.30,8903,11716,0,0,0.51,373,73.28,0.00,0.00
23153.30,8903,11716,0,0,0.51,373,73.28,0.00,0.00
23213.30,8903,11716,0,0,0.50,373,73.28,0.00,0.00
23273.30,8903,11716,0,0,0.50,373,73.28,0.00,0.00
23333.30,8903,11716,0,0,0.50,373,73.28,0.00,0.00
23393.30,8903,11716,0,0,0.50,373,73.28,0.00,0.00
23453.30,8903,11716,0,0,0.50,373,73.28,0.00,0.00
23513.30,8903,11716,0,0,0.50,373,73.28,0.00,0.00
23573.30,8903,11716,0,0,0.50,373,73.28,0.00,0.00
23633.30,8903,11716,0,0,0.50,373,73.28,0.00,0.00
23693.30,8903,11716,0,0,0.49,373,73.28,0.00,0.00
23753.30,8903,11716,0,0,0.49,373,73.28,0.00,0.00
23813.30,8903,11716,0,0,0.49,373,73.28,0.00,0.00
23873.30,8903,11716,0,0,0.49,373,73.28,0.00,0.00
23933.30,8903,11716,0,0,0.49,373,73.28,0.00,0.00
23993.30,8903,11716,0,0,0.49,373,73.28,0.00,0.00
24053.30,8903,11716,0,0,0.49,373,73.28,0.00,0.00
24113.30,8903,11716,0,0,0.49,373,73.28,0.00,0.00
24173.30,8903,11716,0,0,0.48,373,73.28,0.00,0.00
24233.30,8903,11716,0,0,0.48,373,73.28,0.00,0.00
24293.30,8903,11716,0,0,0.48,373,73.28,0.00,0.00
24353.30,8903,11716,0,0,0.48,373,73.28,0.00,0.00
24413.30,8903,11716,0,0,0.48,373,73.28,0.00,0.00
24473.30,8903,11716,0,0,0.48,373,73.28,0.00,0.00
24533.30,8903,11716,0,0,0.48,373,73.28,0.00,0.00
24593.30,8903,11716,0,0,0.48,373,73.28,0.00,0.00
24653.30,8903,11716,0,0,0.48,373,73.28,0.00,0.00
24713.30,8903,11716,0,0,0.47,373,73.28,0.00,0.00
24773.30,8903,11716,0,0,0.47,373,73.28,0.00,0.00
24833.30,8903,11716,0,0,0.47,373,73.28,0.00,0.00
24893.30,8903,11716,0,0,0.47,373,73.28,0.00,0.00
24953.30,8903,11716,0,0,0.47,373,73.28,0.00,0.00
25013.30,8903,11716,0,0,0.47,373,73.28,0.00,0.00
25073.30,8903,11716,0,0,0.47,373,73.28,0.00,0.00
25133.30,8903,11716,0,0,0.47,373,73.28,0.00,0.00
25193.30,8903,11716,0,0,0.47,373,73.28,0.00,0.00
25253.30,8903,11716,0,0,0.46,373,73.28,0.00,0.00
25313.30,8903,11716,0,0,0.46,373,73.28,0.00,0.00
25373.30,8903,11716,0,0,0.46,373,73.28,0.00,0.00
25433.30,8903,11716,0,0,0.46,373,73.28,0.00,0.00
25493.30,8903,11716,0,0,0.46,373,73.28,0.00,0.00
25553.30,8903,11716,0,0,0.46,373,73.28,0.00,0.00
25613.30,8903,11716,0,0,0.46,373,73.28,0.00,0.00
25673.30,8903,11716,0,0,0.46,373,73.28,0.00,0.00
25733.30,8903,11716,0,0,0.46,373,73.28,0.00,0.00
25793.30,8903,11716,0,0,0.45,373,73.28,0.00,0.00
25853.30,8903,11716,0,0,0.45,373,73.28,0.00,0.00
25913.30,8903,11716,0,0,0.45,373,73.28,0.00,0.00
25973.30,8903,11716,0,0,0.45,373,73.28,0.00,0.00
26033.30,8903,11716,0,0,0.45,373,73.28,0.00,0.00
26093.30,8903,11716,0,0,0.45,373,73.28,0.00,0.00
26153.30,8903,11716,0,0,0.45,373,73.28,0.00,0.00
26213.30,8903,11716,0,0,0.45,373,73.28,0.00,0.00
26273.30,8903,11716,0,0,0.45,373,73.28,0.00,0.00
26333.30,8903,11716,0,0,0.44,373,73.28,0.00,0.00
26393.30,8903,11716,0,0,0.44,373,73.28,0.00,0.00
26453.30,8903,11716,0,0,0.44,373,73.28,0.00,0.00
26513.30,8903,11716,0,0,0.44,373,73.28,0.00,0.00
26573.30,8903,11716,0,0,0.44,373,73.28,0.00,0.00
26633.30,8903,11716,0,0,0.44,373,73.28,0.00,0.00
26693.30,8903,11716,0,0,0.44,373,73.28,0.00,0.00
26753.30,8903,11716,0,0,0.44,373,73.28,0.00,0.00
26813.30,8903,11716,0,0,0.44,373,73.28,0.00,0.00
26873.30,8903,11716,0,0,0.44,373,73.28,0.00,0.00
26933.30,8903,11716,0,0,0.44,373,73.28,0.00,0.00
26993.30,8903,11716,0,0,0.43,373,73.28,0.00,0.00
27053.30,8903,11716,0,0,0.43,373,73.28,0.00,0.00
27113.30,8903,11716,0,0,0.43,373,73.28,0.00,0.00
27173.30,8903,11716,0,0,0.43,373,73.28,0.00,0.00
27233.30,8903,11716,0,0,0.43,373,73.28,0.00,0.00
27293.30,8903,11716,0,0,0.43,373,73.28,0.00,0.00
27353.30,8903,11716,0,0,0.43,373,73.28,0.00,0.00
27413.30,8903,11716,0,0,0.43,373,73.28,0.00,0.00
27473.30,8903,11716,0,0,0.43,373,73.28,0.00,0.00
27533.30,8903,11716,0,0,0.43,373,73.28,0.00,0.00
27593.30,8903,11716,0,0,0.42,373,73.28,0.00,0.00
27653.30,8903,11716,0,0,0.42,373,73.28,0.00,0.00
27713.30,8903,11716,0,0,0.42,373,73.28,0.00,0.00
27773.30,8903,11716,0,0,0.42,373,73.28,0.00,0.00
27833.30,8903,11716,0,0,0.42,373,73.28,0.00,0.00
27893.30,8903,11716,0,0,0.42,373,73.28,0.00,0.00
27953.30,8903,11716,0,0,0.42,373,73.28,0.00,0.00
28013.30,8903,11716,0,0,0.42,373,73.28,0.00,0.00
28073.30,8903,11716,0,0,0.42,373,73.28,0.00,0.00
28133.30,8903,11716,0,0,0.42,373,73.28,0.00,0.00
28193.30,8903,11716,0,0,0.42,373,73.28,0.00,0.00
28253.30,8903,11716,0,0,0.41,373,73.28,0.00,0.00
28313.30,8903,11716,0,0,0.41,373,73.28,0.00,0.00
28373.30,8903,11716,0,0,0.41,373,73.28,0.00,0.00
28433.30,8903,11716,0,0,0.41,373,73.28,0.00,0.00
28493.30,8903,11716,0,0,0.41,373,73.28,0.00,0.00
28553.30,8903,11716,0,0,0.41,373,73.28,0.00,0.00
28613.30,8903,11716,0,0,0.41,373,73.28,0.00,0.00
28673.30,8903,11716,0,0,0.41,373,73.28,0.00,0.00
28733.30,8903,11716,0,0,0.41,373,73.28,0.00,0.00
28793.30,8903,11716,0,0,0.41,373,73.28,0.00,0.00
28853.30,8903,11716,0,0,0.41,373,73.28,0.00,0.00
28913.30,8903,11716,0,0,0.41,373,73.28,0.00,0.00
28973.30,8903,11716,0,0,0.40,373,73.28,0.00,0.00
29033.30,8903,11716,0,0,0.40,373,73.28,0.00,0.00
29093.30,8903,11716,0,0,0.40,373,73.28,0.00,0.00
29153.30,8903,11716,0,0,0.40,373,73.28,0.00,0.00
29213.30,8903,11716,0,0,0.40,373,73.28,0.00,0.00
29273.30,8903,11716,0,0,0.40,373,73.28,0.00,0.00
29333.30,8903,11716,0,0,0.40,373,73.28,0.00,0.00
29393.30,8903,11716,0,0,0.40,373,73.28,0.00,0.00
29453.30,8903,11716,0,0,0.40,373,73.28,0.00,0.00
29513.30,8903,11716,0,0,0.40,373,73.28,0.00,0.00
29573.30,8903,11716,0,0,0.40,373,73.28,0.00,0.00
29633.30,8903,11716,0,0,0.40,373,73.28,0.00,0.00
29693.30,8903,11716,0,0,0.39,373,73.28,0.00,0.00
29753.30,8903,11716,0,0,0.39,373,73.28,0.00,0.00
29813.30,8903,11716,0,0,0.39,373,73.28,0.00,0.00
29873.30,8903,11716,0,0,0.39,373,73.28,0.00,0.00
29933.30,8903,11716,0,0,0.39,373,73.28,0.00,0.00
29993.30,8903,11716,0,0,0.39,373,73.28,0.00,0.00
30053.30,8903,11716,0,0,0.39,373,73.28,0.00,0.00
30113.30,8903,11716,0,0,0.39,373,73.28,0.00,0.00
30173.30,8903,11716,0,0,0.39,373,73.28,0.00,0.00
30233.30,8903,11716,0,0,0.39,373,73.28,0.00,0.00
30293.30,8903,11716,0,0,0.39,373,73.28,0.00,0.00
30353.30,8903,11716,0,0,0.39,373,73.28,0.00,0.00
30413.30,8903,11716,0,0,0.39,373,73.28,0.00,0.00
30473.30,8903,11716,0,0,0.38,373,73.28,0.00,0.00
30533.30,8903,11716,0,0,0.38,373,73.28,0.00,0.00
30593.30,8903,11716,0,0,0.38,373,73.28,0.00,0.00
30653.30,8903,11716,0,0,0.38,373,73.28,0.00,0.00
30713.30,8903,11716,0,0,0.38,373,73.28,0.00,0.00
30773.30,8903,11716,0,0,0.38,373,73.28,0.00,0.00
30833.30,8903,11716,0,0,0.38,373,73.28,0.00,0.00
30893.30,8903,11716,0,0,0.38,373,73.28,0.00,0.00
30953.30,8903,11716,0,0,0.38,373,73.28,0.00,0.00
31013.30,8903,11716,0,0,0.38,373,73.28,0.00,0.00
31073.30,8903,11716,0,0,0.38,373,73.28,0.00,0.00
31133.30,8903,11716,0,0,0.38,373,73.28,0.00,0.00
31193.30,8903,11716,0,0,0.38,373,73.28,0.00,0.00
31253.30,8903,11716,0,0,0.37,373,73.28,0.00,0.00
31313.30,8903,11716,0,0,0.37,373,73.28,0.00,0.00
31373.30,8903,11716,0,0,0.37,373,73.28,0.00,0.00
31433.30,8903,11716,0,0,0.37,373,73.28,0.00,0.00
31493.30,8903,11716,0,0,0.37,373,73.28,0.00,0.00
31553.30,8903,11716,0,0,0.37,373,73.28,0.00,0.00
31613.30,8903,11716,0,0,0.37,373,73.28,0.00,0.00
31673.30,8903,11716,0,0,0.37,373,73.28,0.00,0.00
31733.30,8903,11716,0,0,0.37,373,73.28,0.00,0.00
31793.30,8903,11716,0,0,0.37,373,73.28,0.00,0.00
31853.30,8903,11716,0,0,0.37,373,73.28,0.00,0.00
31913.30,8903,11716,0,0,0.37,373,73.28,0.00,0.00
31973.30,8903,11716,0,0,0.37,373,73.28,0.00,0.00
32033.30,8903,11716,0,0,0.37,373,73.28,0.00,0.00
32093.30,8903,11716,0,0,0.37,373,73.28,0.00,0.00
32153.30,8903,11716,0,0,0.36,373,73.28,0.00,0.00
32213.30,8903,11716,0,0,0.36,373,73.28,0.00,0.00
32273.30,8903,11716,0,0,0.36,373,73.28,0.00,0.00
32333.30,8903,11716,0,0,0.36,373,73.28,0.00,0.00
32393.30,8903,11716,0,0,0.36,373,73.28,0.00,0.00
32453.30,8903,11716,0,0,0.36,373,73.28,0.00,0.00
32513.30,8903,11716,0,0,0.36,373,73.28,0.00,0.00
32573.30,8903,11716,0,0,0.36,373,73.28,0.00,0.00
32633.30,8903,11716,0,0,0.36,373,73.28,0.00,0.00
32693.30,8903,11716,0,0,0.36,373,73.28,0.00,0.00
32753.30,8903,11716,0,0,0.36,373,73.28,0.00,0.00
32813.30,8903,11716,0,0,0.36,373,73.28,0.00,0.00
32873.30,8903,11716,0,0,0.36,373,73.28,0.00,0.00
32933.30,8903,11716,0,0,0.36,373,73.28,0.00,0.00
32993.30,8903,11716,0,0,0.36,373,73.28,0.00,0.00
33053.30,8903,11716,0,0,0.35,373,73.28,0.00,0.00
33113.30,8903,11716,0,0,0.35,373,73.28,0.00,0.00
33173.30,8903,11716,0,0,0.35,373,73.28,0.00,0.00
33233.30,8903,11716,0,0,0.35,373,73.28,0.00,0.00
33293.30,8903,11716,0,0,0.35,373,73.28,0.00,0.00
33353.30,8903,11716,0,0,0.35,373,73.28,0.00,0.00
33413.30,8903,11716,0,0,0.35,373,73.28,0.00,0.00
33473.30,8903,11716,0,0,0.35,373,73.28,0.00,0.00
33533.30,8903,11716,0,0,0.35,373,73.28,0.00,0.00
33593.30,8903,11716,0,0,0.35,373,73.28,0.00,0.00
33653.30,8903,11716,0,0,0.35,373,73.28,0.00,0.00
33713.30,8903,11716,0,0,0.35,373,73.28,0.00,0.00
33773.30,8903,11716,0,0,0.35,373,73.28,0.00,0.00
33833.30,8903,11716,0,0,0.35,373,73.28,0.00,0.00
33893.30,8903,11716,0,0,0.35,373,73.28,0.00,0.00
33953.30,8903,11716,0,0,0.35,373,73.28,0.00,0.00
34013.30,8903,11716,0,0,0.34,373,73.28,0.00,0.00
34073.30,8903,11716,0,0,0.34,373,73.28,0.00,0.00
34133.30,8903,11716,0,0,0.34,373,73.28,0.00,0.00
34193.30,8903,11716,0,0,0.34,373,73.28,0.00,0.00
34253.30,8903,11716,0,0,0.34,373,73.28,0.00,0.00
34313.30,8903,11716,0,0,0.34,373,73.28,0.00,0.00
34373.30,8903,11716,0,0,0.34,373,73.28,0.00,0.00
34433.30,8903,11716,0,0,0.34,373,73.28,0.00,0.00
34493.30,8903,11716,0,0,0.34,373,73.28,0.00,0.00
34553.30,8903,11716,0,0,0.34,373,73.28,0.00,0.00
34613.30,8903,11716,0,0,0.34,373,73.28,0.00,0.00
34673.30,8903,11716,0,0,0.34,373,73.28,0.00,0.00
34733.30,8903,11716,0,0,0.34,373,73.28,0.00,0.00
34793.30,8903,11716,0,0,0.34,373,73.28,0.00,0.00
34853.30,8903,11716,0,0,0.34,373,73.28,0.00,0.00
34913.30,8903,11716,0,0,0.34,373,73.28,0.00,0.00
34973.30,8903,11716,0,0,0.33,373,73.28,0.00,0.00
35033.30,8903,11716,0,0,0.33,373,73.28,0.00,0.00
35093.30,8903,11716,0,0,0.33,373,73.28,0.00,0.00
35153.30,8903,11716,0,0,0.33,373,73.28,0.00,0.00
35213.30,8903,11716,0,0,0.33,373,73.28,0.00,0.00
35273.30,8903,11716,0,0,0.33,373,73.28,0.00,0.00
35333.30,8903,11716,0,0,0.33,373,73.28,0.00,0.00
35393.30,8903,11716,0,0,0.33,373,73.28,0.00,0.00
35453.30,8903,11716,0,0,0.33,373,73.28,0.00,0.00
35513.30,8903,11716,0,0,0.33,373,73.28,0.00,0.00
35573.30,8903,11716,0,0,0.33,373,73.28,0.00,0.00
35633.30,8903,11716,0,0,0.33,373,73.28,0.00,0.00
35693.30,8903,11716,0,0,0.33,373,73.28,0.00,0.00
35753.30,8903,11716,0,0,0.33,373,73.28,0.00,0.00
35813.30,8903,11716,0,0,0.33,373,73.28,0.00,0.00
35873.30,8903,11716,0,0,0.33,373,73.28,0.00,0.00
35933.30,8903,11716,0,0,0.33,373,73.28,0.00,0.00
35993.30,8903,11716,0,0,0.33,373,73.28,0.00,0.00
36053.30,8903,11716,0,0,0.32,373,73.28,0.00,0.00
36113.30,8903,11716,0,0,0.32,373,73.28,0.00,0.00
36173.30,8903,11716,0,0,0.32,373,73.28,0.00,0.00
36233.30,8903,11716,0,0,0.32,373,73.28,0.00,0.00
36293.30,8903,11716,0,0,0.32,373,73.28,0.00,0.00
36353.30,8903,11716,0,0,0.32,373,73.28,0.00,0.00
36413.30,8903,11716,0,0,0.32,373,73.28,0.00,0.00
36473.30,8903,11716,0,0,0.32,373,73.28,0.00,0.00
36533.30,8903,11716,0,0,0.32,373,73.28,0.00,0.00
36593.30,8903,11716,0,0,0.32,373,73.28,0.00,0.00
36653.30,8903,11716,0,0,0.32,373,73.28,0.00,0.00
36713.30,8903,11716,0,0,0.32,373,73.28,0.00,0.00
36773.30,8903,11716,0,0,0.32,373,73.28,0.00,0.00
36833.30,8903,11716,0,0,0.32,373,73.28,0.00,0.00
36893.30,8903,11716,0,0,0.32,373,73.28,0.00,0.00
36953.30,8903,11716,0,0,0.32,373,73.28,0.00,0.00
37013.30,8903,11716,0,0,0.32,373,73.28,0.00,0.00
37073.30,8903,11716,0,0,0.32,373,73.28,0.00,0.00
37133.30,8903,11716,0,0,0.32,373,73.28,0.00,0.00
37193.30,8903,11716,0,0,0.32,373,73.28,0.00,0.00
37253.30,8903,11716,0,0,0.31,373,73.28,0.00,0.00
37313.30,8903,11716,0,0,0.31,373,73.28,0.00,0.00
37373.30,8903,11716,0,0,0.31,373,73.28,0.00,0.00
37433.30,8903,11716,0,0,0.31,373,73.28,0.00,0.00
37493.30,8903,11716,0,0,0.31,373,73.28,0.00,0.00
37553.30,8903,11716,0,0,0.31,373,73.28,0.00,0.00
37613.30,8903,11716,0,0,0.31,373,73.28,0.00,0.00
37673.30,8903,11716,0,0,0.31,373,73.28,0.00,0.00
37733.30,8903,11716,0,0,0.31,373,73.28,0.00,0.00
37793.30,8903,11716,0,0,0.31,373,73.28,0.00,0.00
37853.30,8903,11716,0,0,0.31,373,73.28,0.00,0.00
37913.30,8903,11716,0,0,0.31,373,73.28,0.00,0.00
37973.30,8903,11716,0,0,0.31,373,73.28,0.00,0.00
38033.30,8903,11716,0,0,0.31,373,73.28,0.00,0.00
38093.30,8903,11716,0,0,0.31,373,73.28,0.00,0.00
38153.30,8903,11716,0,0,0.31,373,73.28,0.00,0.00
38213.30,8903,11716,0,0,0.31,373,73.28,0.00,0.00
38273.30,8903,11716,0,0,0.31,373,73.28,0.00,0.00
38333.30,8903,11716,0,0,0.31,373,73.28,0.00,0.00
38393.30,8903,11716,0,0,0.31,373,73.28,0.00,0.00
38453.30,8903,11716,0,0,0.30,373,73.28,0.00,0.00
38513.30,8903,11716,0,0,0.30,373,73.28,0.00,0.00
38573.30,8903,11716,0,0,0.30,373,73.28,0.00,0.00
38633.30,8903,11716,0,0,0.30,373,73.28,0.00,0.00
38693.30,8903,11716,0,0,0.30,373,73.28,0.00,0.00
38753.30,8903,11716,0,0,0.30,373,73.28,0.00,0.00
38813.30,8903,11716,0,0,0.30,373,73.28,0.00,0.00
38873.30,8903,11716,0,0,0.30,373,73.28,0.00,0.00
38933.30,8903,11716,0,0,0.30,373,73.28,0.00,0.00
38993.30,8903,11716,0,0,0.30,373,73.28,0.00,0.00
39053.30,8903,11716,0,0,0.30,373,73.28,0.00,0.00
39113.30,8903,11716,0,0,0.30,373,73.28,0.00,0.00
39173.30,8903,11716,0,0,0.30,373,73.28,0.00,0.00
39233.30,8903,11716,0,0,0.30,373,73.28,0.00,0.00
39293.30,8903,11716,0,0,0.30,373,73.28,0.00,0.00
39353.30,8903,11716,0,0,0.30,373,73.28,0.00,0.00
39413.30,8903,11716,0,0,0.30,373,73.28,0.00,0.00
39473.30,8903,11716,0,0,0.30,373,73.28,0.00,0.00
39533.30,8903,11716,0,0,0.30,373,73.28,0.00,0.00
39593.30,8903,11716,0,0,0.30,373,73.28,0.00,0.00
39653.30,8903,11716,0,0,0.30,373,73.28,0.00,0.00
39713.30,8903,11716,0,0,0.30,373,73.28,0.00,0.00
39773.30,8903,11716,0,0,0.29,373,73.28,0.00,0.00
39833.30,8903,11716,0,0,0.29,373,73.28,0.00,0.00
39893.30,8903,11716,0,0,0.29,373,73.28,0.00,0.00
39953.30,8903,11716,0,0,0.29,373,73.28,0.00,0.00
40013.30,8903,11716,0,0,0.29,373,73.28,0.00,0.00
40073.30,8903,11716,0,0,0.29,373,73.28,0.00,0.00
40133.30,8903,11716,0,0,0.29,373,73.28,0.00,0.00
40193.30,8903,11716,0,0,0.29,373,73.28,0.00,0.00
40253.30,8903,11716,0,0,0.29,373,73.28,0.00,0.00
40313.30,8903,11716,0,0,0.29,373,73.28,0.00,0.00
40373.30,8903,11716,0,0,0.29,373,73.28,0.00,0.00
40433.30,8903,11716,0,0,0.29,373,73.28,0.00,0.00
40493.30,8903,11716,0,0,0.29,373,73.28,0.00,0.00
40553.30,8903,11716,0,0,0.29,373,73.28,0.00,0.00
40613.30,8903,11716,0,0,0.29,373,73.28,0.00,0.00
40673.30,8903,11716,0,0,0.29,373,73.28,0.00,0.00
40733.30,8903,11716,0,0,0.29,373,73.28,0.00,0.00
40793.30,8903,11716,0,0,0.29,373,73.28,0.00,0.00
40853.30,8903,11716,0,0,0.29,373,73.28,0.00,0.00
40913.30,8903,11716,0,0,0.29,373,73.28,0.00,0.00
40973.30,8903,11716,0,0,0.29,373,73.28,0.00,0.00
41033.30,8903,11716,0,0,0.29,373,73.28,0.00,0.00
41093.30,8903,11716,0,0,0.29,373,73.28,0.00,0.00
41153.30,8903,11716,0,0,0.28,373,73.28,0.00,0.00
41213.30,8903,11716,0,0,0.28,373,73.28,0.00,0.00
41273.30,8903,11716,0,0,0.28,373,73.28,0.00,0.00
41333.30,8903,11716,0,0,0.28,373,73.28,0.00,0.00
41393.30,8903,11716,0,0,0.28,373,73.28,0.00,0.00
41453.30,8903,11716,0,0,0.28,373,73.28,0.00,0.00
41513.30,8903,11716,0,0,0.28,373,73.28,0.00,0.00
41573.30,8903,11716,0,0,0.28,373,73.28,0.00,0.00
41633.30,8903,11716,0,0,0.28,373,73.28,0.00,0.00
41693.30,8903,11716,0,0,0.28,373,73.28,0.00,0.00
41753.30,8903,11716,0,0,0.28,373,73.28,0.00,0.00
41813.30,8903,11716,0,0,0.28,373,73.28,0.00,0.00
41873.30,8903,11716,0,0,0.28,373,73.28,0.00,0.00
41933.30,8903,11716,0,0,0.28,373,73.28,0.00,0.00
41993.30,8903,11716,0,0,0.28,373,73.28,0.00,0.00
42053.30,8903,11716,0,0,0.28,373,73.28,0.00,0.00
42113.30,8903,11716,0,0,0.28,373,73.28,0.00,0.00
42173.30,8903,11716,0,0,0.28,373,73.28,0.00,0.00
42233.30,8903,11716,0,0,0.28,373,73.28,0.00,0.00
42293.30,8903,11716,0,0,0.28,373,73.28,0.00,0.00
42353.30,8903,11716,0,0,0.28,373,73.28,0.00,0.00
42413.30,8903,11716,0,0,0.28,373,73.28,0.00,0.00
42473.30,8903,11716,0,0,0.28,373,73.28,0.00,0.00
42533.30,8903,11716,0,0,0.28,373,73.28,0.00,0.00
42593.30,8903,11716,0,0,0.28,373,73.28,0.00,0.00
42653.30,8903,11716,0,0,0.27,373,73.28,0.00,0.00
42713.30,8903,11716,0,0,0.27,373,73.28,0.00,0.00
42773.30,8903,11716,0,0,0.27,373,73.28,0.00,0.00
42833.30,8903,11716,0,0,0.27,373,73.28,0.00,0.00
42893.30,8903,11716,0,0,0.27,373,73.28,0.00,0.00
42953.30,8903,11716,0,0,0.27,373,73.28,0.00,0.00
43013.30,8903,11716,0,0,0.27,373,73.28,0.00,0.00
43073.30,8903,11716,0,0,0.27,373,73.28,0.00,0.00
43133.30,8903,11716,0,0,0.27,373,73.28,0.00,0.00
43193.30,8903,11716,0,0,0.27,373,73.28,0.00,0.00
43253.30,8903,11716,0,0,0.27,373,73.28,0.00,0.00
43313.30,8903,11716,0,0,0.27,373,73.28,0.00,0.00
43373.30,8903,11716,0,0,0.27,373,73.28,0.00,0.00
43433.30,8903,11716,0,0,0.27,373,73.28,0.00,0.00
43493.30,8903,11716,0,0,0.27,373,73.28,0.00,0.00
43553.30,8903,11716,0,0,0.27,373,73.28,0.00,0.00
43613.30,8903,11716,0,0,0.27,373,73.28,0.00,0.00
43673.30,8903,11716,0,0,0.27,373,73.28,0.00,0.00
43733.30,8903,11716,0,0,0.27,373,73.28,0.00,0.00
43793.30,8903,11716,0,0,0.27,373,73.28,0.00,0.00
43853.30,8903,11716,0,0,0.27,373,73.28,0.00,0.00
43913.30,8903,11716,0,0,0.27,373,73.28,0.00,0.00
43973.30,8903,11716,0,0,0.27,373,73.28,0.00,0.00
44033.30,8903,11716,0,0,0.27,373,73.28,0.00,0.00
44093.30,8903,11716,0,0,0.27,373,73.28,0.00,0.00
44153.30,8903,11716,0,0,0.27,373,73.28,0.00,0.00
44213.30,8903,11716,0,0,0.26,373,73.28,0.00,0.00
44273.30,8903,11716,0,0,0.26,373,73.28,0.00,0.00
44333.30,8903,11716,0,0,0.26,373,73.28,0.00,0.00
44393.30,8903,11716,0,0,0.26,373,73.28,0.00,0.00
44453.30,8903,11716,0,0,0.26,373,73.28,0.00,0.00
44513.30,8903,11716,0,0,0.26,373,73.28,0.00,0.00
44573.30,8903,11716,0,0,0.26,373,73.28,0.00,0.00
44633.30,8903,11716,0,0,0.26,373,73.28,0.00,0.00
44693.30,8903,11716,0,0,0.26,373,73.28,0.00,0.00
44753.30,8903,11716,0,0,0.26,373,73.28,0.00,0.00
44813.30,8903,11716,0,0,0.26,373,73.28,0.00,0.00
44873.30,8903,11716,0,0,0.26,373,73.28,0.00,0.00
44933.30,8903,11716,0,0,0.26,373,73.28,0.00,0.00
44993.30,8903,11716,0,0,0.26,373,73.28,0.00,0.00
45053.30,8903,11716,0,0,0.26,373,73.28,0.00,0.00
45113.30,8903,11716,0,0,0.26,373,73.28,0.00,0.00
45173.30,8903,11716,0,0,0.26,373,73.28,0.00,0.00
45233.30,8903,11716,0,0,0.26,373,73.28,0.00,0.00
45293.30,8903,11716,0,0,0.26,373,73.28,0.00,0.00
45353.30,8903,11716,0,0,0.26,373,73.28,0.00,0.00
45413.30,8903,11716,0,0,0.26,373,73.28,0.00,0.00
45473.30,8903,11716,0,0,0.26,373,73.28,0.00,0.00
45533.30,8903,11716,0,0,0.26,373,73.28,0.00,0.00
45593.30,8903,11716,0,0,0.26,373,73.28,0.00,0.00
45653.30,8903,11716,0,0,0.26,373,73.28,0.00,0.00
45713.30,8903,11716,0,0,0.26,373,73.28,0.00,0.00
45773.30,8903,11716,0,0,0.26,373,73.28,0.00,0.00
45833.30,8903,11716,0,0,0.26,373,73.28,0.00,0.00
45893.30,8903,11716,0,0,0.26,373,73.28,0.00,0.00
45953.30,8903,11716,0,0,0.25,373,73.28,0.00,0.00
46013.30,8903,11716,0,0,0.25,373,73.28,0.00,0.00
46073.30,8903,11716,0,0,0.25,373,73.28,0.00,0.00
46133.30,8903,11716,0,0,0.25,373,73.28,0.00,0.00
46193.30,8903,11716,0,0,0.25,373,73.28,0.00,0.00
46253.30,8903,11716,0,0,0.25,373,73.28,0.00,0.00
46313.30,8903,11716,0,0,0.25,373,73.28,0.00,0.00
46373.30,8903,11716,0,0,0.25,373,73.28,0.00,0.00
46433.30,8903,11716,0,0,0.25,373,73.28,0.00,0.00
46493.30,8903,11716,0,0,0.25,373,73.28,0.00,0.00
46553.30,8903,11716,0,0,0.25,373,73.28,0.00,0.00
46613.30,8903,11716,0,0,0.25,373,73.28,0.00,0.00
46673.30,8903,11716,0,0,0.25,373,73.28,0.00,0.00
46733.30,8903,11716,0,0,0.25,373,73.28,0.00,0.00
46793.30,8903,11716,0,0,0.25,373,73.28,0.00,0.00
46853.30,8903,11716,0,0,0.25,373,73.28,0.00,0.00
46913.30,8903,11716,0,0,0.25,373,73.28,0.00,0.00
46973.30,8903,11716,0,0,0.25,373,73.28,0.00,0.00
47033.30,8903,11716,0,0,0.25,373,73.28,0.00,0.00
47093.30,8903,11716,0,0,0.25,373,73.28,0.00,0.00
47153.30,8903,11716,0,0,0.25,373,73.28,0.00,0.00
47213.30,8903,11716,0,0,0.25,373,73.28,0.00,0.00
47273.30,8903,11716,0,0,0.25,373,73.28,0.00,0.00
47333.30,8903,11716,0,0,0.25,373,73.28,0.00,0.00
47393.30,8903,11716,0,0,0.25,373,73.28,0.00,0.00
47453.30,8903,11716,0,0,0.25,373,73.28,0.00,0.00
47513.30,8903,11716,0,0,0.25,373,73.28,0.00,0.00
47573.30,8903,11716,0,0,0.25,373,73.28,0.00,0.00
47633.30,8903,11716,0,0,0.25,373,73.28,0.00,0.00
47693.30,8903,11716,0,0,0.25,373,73.28,0.00,0.00
47753.30,8903,11716,0,0,0.25,373,73.28,0.00,0.00
47813.30,8903,11716,0,0,0.25,373,73.28,0.00,0.00
47873.30,8903,11716,0,0,0.24,373,73.28,0.00,0.00
47933.30,8903,11716,0,0,0.24,373,73.28,0.00,0.00
47993.30,8903,11716,0,0,0.24,373,73.28,0.00,0.00
48053.30,8903,11716,0,0,0.24,373,73.28,0.00,0.00
48113.30,8903,11716,0,0,0.24,373,73.28,0.00,0.00
48173.30,8903,11716,0,0,0.24,373,73.28,0.00,0.00
48233.30,8903,11716,0,0,0.24,373,73.28,0.00,0.00
48293.30,8903,11716,0,0,0.24,373,73.28,0.00,0.00
48353.30,8903,11716,0,0,0.24,373,73.28,0.00,0.00
48413.30,8903,11716,0,0,0.24,373,73.28,0.00,0.00
48473.30,8903,11716,0,0,0.24,373,73.28,0.00,0.00
48533.30,8903,11716,0,0,0.24,373,73.28,0.00,0.00
48593.30,8903,11716,0,0,0.24,373,73.28,0.00,0.00
48653.30,8903,11716,0,0,0.24,373,73.28,0.00,0.00
48713.30,8903,11716,0,0,0.24,373,73.28,0.00,0.00
48773.30,8903,11716,0,0,0.24,373,73.28,0.00,0.00
48833.30,8903,11716,0,0,0.24,373,73.28,0.00,0.00
48893.30,8903,11716,0,0,0.24,373,73.28,0.00,0.00
48953.30,8903,11716,0,0,0.24,373,73.28,0.00,0.00
49013.30,8903,11716,0,0,0.24,373,73.28,0.00,0.00
49073.30,8903,11716,0,0,0.24,373,73.28,0.00,0.00
49133.30,8903,11716,0,0,0.24,373,73.28,0.00,0.00
49193.30,8903,11716,0,0,0.24,373,73.28,0.00,0.00
49253.30,8903,11716,0,0,0.24,373,73.28,0.00,0.00
49313.30,8903,11716,0,0,0.24,373,73.28,0.00,0.00
49373.30,8903,11716,0,0,0.24,373,73.28,0.00,0.00
49433.30,8903,11716,0,0,0.24,373,73.28,0.00,0.00
49493.30,8903,11716,0,0,0.24,373,73.28,0.00,0.00
49553.30,8903,11716,0,0,0.24,373,73.28,0.00,0.00
49613.30,8903,11716,0,0,0.24,373,73.28,0.00,0.00
49673.30,8903,11716,0,0,0.24,373,73.28,0.00,0.00
49733.30,8903,11716,0,0,0.24,373,73.28,0.00,0.00
49793.30,8903,11716,0,0,0.24,373,73.28,0.00,0.00
49853.30,8903,11716,0,0,0.24,373,73.28,0.00,0.00
49913.30,8903,11716,0,0,0.23,373,73.28,0.00,0.00
49973.30,8903,11716,0,0,0.23,373,73.28,0.00,0.00
50033.30,8903,11716,0,0,0.23,373,73.28,0.00,0.00
50093.30,8903,11716,0,0,0.23,373,73.28,0.00,0.00
50153.30,8903,11716,0,0,0.23,373,73.28,0.00,0.00
50213.30,8903,11716,0,0,0.23,373,73.28,0.00,0.00
50273.30,8903,11716,0,0,0.23,373,73.28,0.00,0.00
50333.30,8903,11716,0,0,0.23,373,73.28,0.00,0.00
50393.30,8903,11716,0,0,0.23,373,73.28,0.00,0.00
50453.30,8903,11716,0,0,0.23,373,73.28,0.00,0.00
50513.30,8903,11716,0,0,0.23,373,73.28,0.00,0.00
50573.30,8903,11716,0,0,0.23,373,73.28,0.00,0.00
50633.30,8903,11716,0,0,0.23,373,73.28,0.00,0.00
50693.30,8903,11716,0,0,0.23,373,73.28,0.00,0.00
50753.30,8903,11716,0,0,0.23,373,73.28,0.00,0.00
50813.30,8903,11716,0,0,0.23,373,73.28,0.00,0.00
50873.30,8903,11716,0,0,0.23,373,73.28,0.00,0.00
50933.30,8903,11716,0,0,0.23,373,73.28,0.00,0.00
50993.30,8903,11716,0,0,0.23,373,73.28,0.00,0.00
51053.30,8903,11716,0,0,0.23,373,73.28,0.00,0.00
51113.30,8903,11716,0,0,0.23,373,73.28,0.00,0.00
51173.30,8903,11716,0,0,0.23,373,73.28,0.00,0.00
51233.30,8903,11716,0,0,0.23,373,73.28,0.00,0.00
51293.30,8903,11716,0,0,0.23,373,73.28,0.00,0.00
51353.30,8903,11716,0,0,0.23,373,73.28,0.00,0.00
51413.30,8903,11716,0,0,0.23,373,73.28,0.00,0.00
51473.30,8903,11716,0,0,0.23,373,73.28,0.00,0.00
51533.30,8903,11716,0,0,0.23,373,73.28,0.00,0.00
51593.30,8903,11716,0,0,0.23,373,73.28,0.00,0.00
51653.30,8903,11716,0,0,0.23,373,73.28,0.00,0.00
51713.30,8903,11716,0,0,0.23,373,73.28,0.00,0.00
51773.30,8903,11716,0,0,0.23,373,73.28,0.00,0.00
51833.30,8903,11716,0,0,0.23,373,73.28,0.00,0.00
51893.30,8903,11716,0,0,0.23,373,73.28,0.00,0.00
51953.30,8903,11716,0,0,0.23,373,73.28,0.00,0.00
52013.30,8903,11716,0,0,0.23,373,73.28,0.00,0.00
52073.30,8903,11716,0,0,0.22,373,73.28,0.00,0.00
52133.30,8903,11716,0,0,0.22,373,73.28,0.00,0.00
52193.30,8903,11716,0,0,0.22,373,73.28,0.00,0.00
52253.30,8903,11716,0,0,0.22,373,73.28,0.00,0.00
52313.30,8903,11716,0,0,0.22,373,73.28,0.00,0.00
52373.30,8903,11716,0,0,0.22,373,73.28,0.00,0.00
52433.30,8903,11716,0,0,0.22,373,73.28,0.00,0.00
52493.30,8903,11716,0,0,0.22,373,73.28,0.00,0.00
52553.30,8903,11716,0,0,0.22,373,73.28,0.00,0.00
52613.30,8903,11716,0,0,0.22,373,73.28,0.00,0.00
52673.30,8903,11716,0,0,0.22,373,73.28,0.00,0.00
52733.30,8903,11716,0,0,0.22,373,73.28,0.00,0.00
52793.30,8903,11716,0,0,0.22,373,73.28,0.00,0.00
52853.30,8903,11716,0,0,0.22,373,73.28,0.00,0.00
52913.30,8903,11716,0,0,0.22,373,73.28,0.00,0.00
52973.30,8903,11716,0,0,0.22,373,73.28,0.00,0.00
53033.30,8903,11716,0,0,0.22,373,73.28,0.00,0.00
53093.30,8903,11716,0,0,0.22,373,73.28,0.00,0.00
53153.30,8903,11716,0,0,0.22,373,73.28,0.00,0.00
53213.30,8903,11716,0,0,0.22,373,73.28,0.00,0.00
53273.30,8903,11716,0,0,0.22,373,73.28,0.00,0.00
53333.30,8903,11716,0,0,0.22,373,73.28,0.00,0.00
53393.30,8903,11716,0,0,0.22,373,73.28,0.00,0.00
53453.30,8903,11716,0,0,0.22,373,73.28,0.00,0.00
53513.30,8903,11716,0,0,0.22,373,73.28,0.00,0.00
53573.30,8903,11716,0,0,0.22,373,73.28,0.00,0.00
53633.30,8903,11716,0,0,0.22,373,73.28,0.00,0.00
53693.30,8903,11716,0,0,0.22,373,73.28,0.00,0.00
53753.30,8903,11716,0,0,0.22,373,73.28,0.00,0.00
53813.30,8903,11716,0,0,0.22,373,73.28,0.00,0.00
53873.30,8903,11716,0,0,0.22,373,73.28,0.00,0.00
53933.30,8903,11716,0,0,0.22,373,73.28,0.00,0.00
53993.30,8903,11716,0,0,0.22,373,73.28,0.00,0.00
54053.30,8903,11716,0,0,0.22,373,73.28,0.00,0.00
54113.30,8903,11716,0,0,0.22,373,73.28,0.00,0.00
54173.30,8903,11716,0,0,0.22,373,73.28,0.00,0.00
54233.30,8903,11716,0,0,0.22,373,73.28,0.00,0.00
54293.30,8903,11716,0,0,0.22,373,73.28,0.00,0.00
54353.30,8903,11716,0,0,0.22,373,73.28,0.00,0.00
54413.30,8903,11716,0,0,0.22,373,73.28,0.00,0.00
54473.30,8903,11716,0,0,0.22,373,73.28,0.00,0.00
54533.30,8903,11716,0,0,0.21,373,73.28,0.00,0.00
54593.30,8903,11716,0,0,0.21,373,73.28,0.00,0.00
54653.30,8903,11716,0,0,0.21,373,73.28,0.00,0.00
54713.30,8903,11716,0,0,0.21,373,73.28,0.00,0.00
54773.30,8903,11716,0,0,0.21,373,73.28,0.00,0.00
54833.30,8903,11716,0,0,0.21,373,73.28,0.00,0.00
54893.30,8903,11716,0,0,0.21,373,73.28,0.00,0.00
54953.30,8903,11716,0,0,0.21,373,73.28,0.00,0.00
55013.30,8903,11716,0,0,0.21,373,73.28,0.00,0.00
55073.30,8903,11716,0,0,0.21,373,73.28,0.00,0.00
55133.30,8903,11716,0,0,0.21,373,73.28,0.00,0.00
55193.30,8903,11716,0,0,0.21,373,73.28,0.00,0.00
55253.30,8903,11716,0,0,0.21,373,73.28,0.00,0.00
55313.30,8903,11716,0,0,0.21,373,73.28,0.00,0.00
55373.30,8903,11716,0,0,0.21,373,73.28,0.00,0.00
55433.30,8903,11716,0,0,0.21,373,73.28,0.00,0.00
55493.30,8903,11716,0,0,0.21,373,73.28,0.00,0.00
55553.30,8903,11716,0,0,0.21,373,73.28,0.00,0.00
55613.30,8903,11716,0,0,0.21,373,73.28,0.00,0.00
55673.30,8903,11716,0,0,0.21,373,73.28,0.00,0.00
55733.30,8903,11716,0,0,0.21,373,73.28,0.00,0.00
55793.30,8903,11716,0,0,0.21,373,73.28,0.00,0.00
55853.30,8903,11716,0,0,0.21,373,73.28,0.00,0.00
55913.30,8903,11716,0,0,0.21,373,73.28,0.00,0.00
55973.30,8903,11716,0,0,0.21,373,73.28,0.00,0.00
56033.30,8903,11716,0,0,0.21,373,73.28,0.00,0.00
56093.30,8903,11716,0,0,0.21,373,73.28,0.00,0.00
56153.30,8903,11716,0,0,0.21,373,73.28,0.00,0.00
56213.30,8903,11716,0,0,0.21,373,73.28,0.00,0.00
56273.30,8903,11716,0,0,0.21,373,73.28,0.00,0.00
56333.30,8903,11716,0,0,0.21,373,73.28,0.00,0.00
56393.30,8903,11716,0,0,0.21,373,73.28,0.00,0.00
56453.30,8903,11716,0,0,0.21,373,73.28,0.00,0.00
56513.30,8903,11716,0,0,0.21,373,73.28,0.00,0.00
56573.30,8903,11716,0,0,0.21,373,73.28,0.00,0.00
56633.30,8903,11716,0,0,0.21,373,73.28,0.00,0.00
56693.30,8903,11716,0,0,0.21,373,73.28,0.00,0.00
56753.30,8903,11716,0,0,0.21,373,73.28,0.00,0.00
56813.30,8903,11716,0,0,0.21,373,73.28,0.00,0.00
56873.30,8903,11716,0,0,0.21,373,73.28,0.00,0.00
56933.30,8903,11716,0,0,0.21,373,73.28,0.00,0.00
56993.30,8903,11716,0,0,0.21,373,73.28,0.00,0.00
57053.30,8903,11716,0,0,0.21,373,73.28,0.00,0.00
57113.30,8903,11716,0,0,0.21,373,73.28,0.00,0.00
57173.30,8903,11716,0,0,0.20,373,73.28,0.00,0.00
57233.30,8903,11716,0,0,0.20,373,73.28,0.00,0.00
57293.30,8903,11716,0,0,0.20,373,73.28,0.00,0.00
57353.30,8903,11716,0,0,0.20,373,73.28,0.00,0.00
57413.30,8903,11716,0,0,0.20,373,73.28,0.00,0.00
57473.30,8903,11716,0,0,0.20,373,73.28,0.00,0.00
57533.30,8903,11716,0,0,0.20,373,73.28,0.00,0.00
57593.30,8903,11716,0,0,0.20,373,73.28,0.00,0.00
57653.30,8903,11716,0,0,0.20,373,73.28,0.00,0.00
57713.30,8903,11716,0,0,0.20,373,73.28,0.00,0.00
57773.30,8903,11716,0,0,0.20,373,73.28,0.00,0.00
57833.30,8903,11716,0,0,0.20,373,73.28,0.00,0.00
57893.30,8903,11716,0,0,0.20,373,73.28,0.00,0.00
57953.30,8903,11716,0,0,0.20,373,73.28,0.00,0.00
58013.30,8903,11716,0,0,0.20,373,73.28,0.00,0.00
58073.30,8903,11716,0,0,0.20,373,73.28,0.00,0.00
58133.30,8903,11716,0,0,0.20,373,73.28,0.00,0.00
58193.30,8903,11716,0,0,0.20,373,73.28,0.00,0.00
58253.30,8903,11716,0,0,0.20,373,73.28,0.00,0.00
58313.30,8903,11716,0,0,0.20,373,73.28,0.00,0.00
58373.30,8903,11716,0,0,0.20,373,73.28,0.00,0.00
58433.30,8903,11716,0,0,0.20,373,73.28,0.00,0.00
58493.30,8903,11716,0,0,0.20,373,73.28,0.00,0.00
58553.30,8903,11716,0,0,0.20,373,73.28,0.00,0.00
58613.30,8903,11716,0,0,0.20,373,73.28,0.00,0.00
58673.30,8903,11716,0,0,0.20,373,73.28,0.00,0.00
58733.30,8903,11716,0,0,0.20,373,73.28,0.00,0.00
58793.30,8903,11716,0,0,0.20,373,73.28,0.00,0.00
58853.30,8903,11716,0,0,0.20,373,73.28,0.00,0.00
58913.30,8903,11716,0,0,0.20,373,73.28,0.00,0.00
58973.30,8903,11716,0,0,0.20,373,73.28,0.00,0.00
59033.30,8903,11716,0,0,0.20,373,73.28,0.00,0.00
59093.30,8903,11716,0,0,0.20,373,73.28,0.00,0.00
59153.30,8903,11716,0,0,0.20,373,73.28,0.00,0.00
59213.30,8903,11716,0,0,0.20,373,73.28,0.00,0.00
59273.30,8903,11716,0,0,0.20,373,73.28,0.00,0.00
59333.30,8903,11716,0,0,0.20,373,73.28,0.00,0.00
59393.30,8903,11716,0,0,0.20,373,73.28,0.00,0.00
59453.30,8903,11716,0,0,0.20,373,73.28,0.00,0.00
59513.30,8903,11716,0,0,0.20,373,73.28,0.00,0.00
59573.30,8903,11716,0,0,0.20,373,73.28,0.00,0.00
59633.30,8903,11716,0,0,0.20,373,73.28,0.00,0.00
59693.30,8903,11716,0,0,0.20,373,73.28,0.00,0.00
59753.30,8903,11716,0,0,0.20,373,73.28,0.00,0.00
59813.30,8903,11716,0,0,0.20,373,73.28,0.00,0.00
59873.30,8903,11716,0,0,0.20,373,73.28,0.00,0.00
59933.30,8903,11716,0,0,0.20,373,73.28,0.00,0.00
59993.30,8903,11716,0,0,0.20,373,73.28,0.00,0.00
60053.30,8903,11716,0,0,0.20,373,73.28,0.00,0.00
60113.30,8903,11716,0,0,0.19,373,73.28,0.00,0.00
60173.30,8903,11716,0,0,0.19,373,73.28,0.00,0.00
60233.30,8903,11716,0,0,0.19,373,73.28,0.00,0.00
60293.30,8903,11716,0,0,0.19,373,73.28,0.00,0.00
60353.30,8903,11716,0,0,0.19,373,73.28,0.00,0.00
60413.30,8903,11716,0,0,0.19,373,73.28,0.00,0.00
60473.30,8903,11716,0,0,0.19,373,73.28,0.00,0.00
60533.30,8903,11716,0,0,0.19,373,73.28,0.00,0.00
60593.30,8903,11716,0,0,0.19,373,73.28,0.00,0.00
60653.30,8903,11716,0,0,0.19,373,73.28,0.00,0.00
60713.30,8903,11716,0,0,0.19,373,73.28,0.00,0.00
60773.30,8903,11716,0,0,0.19,373,73.28,0.00,0.00
60833.30,8903,11716,0,0,0.19,373,73.28,0.00,0.00
60893.30,8903,11716,0,0,0.19,373,73.28,0.00,0.00
60953.30,8903,11716,0,0,0.19,373,73.28,0.00,0.00
61013.30,8903,11716,0,0,0.19,373,73.28,0.00,0.00
61073.30,8903,11716,0,0,0.19,373,73.28,0.00,0.00
61133.30,8903,11716,0,0,0.19,373,73.28,0.00,0.00
61193.30,8903,11716,0,0,0.19,373,73.28,0.00,0.00
61253.30,8903,11716,0,0,0.19,373,73.28,0.00,0.00
61313.30,8903,11716,0,0,0.19,373,73.28,0.00,0.00
61373.30,8903,11716,0,0,0.19,373,73.28,0.00,0.00
61433.30,8903,11716,0,0,0.19,373,73.28,0.00,0.00
61493.30,8903,11716,0,0,0.19,373,73.28,0.00,0.00
61553.30,8903,11716,0,0,0.19,373,73.28,0.00,0.00
61613.30,8903,11716,0,0,0.19,373,73.28,0.00,0.00
61673.30,8903,11716,0,0,0.19,373,73.28,0.00,0.00
61733.30,8903,11716,0,0,0.19,373,73.28,0.00,0.00
61793.30,8903,11716,0,0,0.19,373,73.28,0.00,0.00
61853.30,8903,11716,0,0,0.19,373,73.28,0.00,0.00
61913.30,8903,11716,0,0,0.19,373,73.28,0.00,0.00
61973.30,8903,11716,0,0,0.19,373,73.28,0.00,0.00
62033.30,8903,11716,0,0,0.19,373,73.28,0.00,0.00
62093.30,8903,11716,0,0,0.19,373,73.28,0.00,0.00
62153.30,8903,11716,0,0,0.19,373,73.28,0.00,0.00
62213.30,8903,11716,0,0,0.19,373,73.28,0.00,0.00
62273.30,8903,11716,0,0,0.19,373,73.28,0.00,0.00
62333.30,8903,11716,0,0,0.19,373,73.28,0.00,0.00
62393.30,8903,11716,0,0,0.19,373,73.28,0.00,0.00
62453.30,8903,11716,0,0,0.19,373,73.28,0.00,0.00
62513.30,8903,11716,0,0,0.19,373,73.28,0.00,0.00
62573.30,8903,11716,0,0,0.19,373,73.28,0.00,0.00
62633.30,8903,11716,0,0,0.19,373,73.28,0.00,0.00
62693.30,8903,11716,0,0,0.19,373,73.28,0.00,0.00
62753.30,8903,11716,0,0,0.19,373,73.28,0.00,0.00
62813.30,8903,11716,0,0,0.19,373,73.28,0.00,0.00
62873.30,8903,11716,0,0,0.19,373,73.28,0.00,0.00
62933.30,8903,11716,0,0,0.19,373,73.28,0.00,0.00
62993.30,8903,11716,0,0,0.19,373,73.28,0.00,0.00
63053.30,8903,11716,0,0,0.19,373,73.28,0.00,0.00
63113.30,8903,11716,0,0,0.19,373,73.28,0.00,0.00
63173.30,8903,11716,0,0,0.19,373,73.28,0.00,0.00
63233.30,8903,11716,0,0,0.19,373,73.28,0.00,0.00
63293.30,8903,11716,0,0,0.19,373,73.28,0.00,0.00
63353.30,8903,11716,0,0,0.18,373,73.28,0.00,0.00
63413.30,8903,11716,0,0,0.18,373,73.28,0.00,0.00
63473.30,8903,11716,0,0,0.18,373,73.28,0.00,0.00
63533.30,8903,11716,0,0,0.18,373,73.28,0.00,0.00
63593.30,8903,11716,0,0,0.18,373,73.28,0.00,0.00
63653.30,8903,11716,0,0,0.18,373,73.28,0.00,0.00
63713.30,8903,11716,0,0,0.18,373,73.28,0.00,0.00
63773.30,8903,11716,0,0,0.18,373,73.28,0.00,0.00
63833.30,8903,11716,0,0,0.18,373,73.28,0.00,0.00
63893.30,8903,11716,0,0,0.18,373,73.28,0.00,0.00
63953.30,8903,11716,0,0,0.18,373,73.28,0.00,0.00
64013.30,8903,11716,0,0,0.18,373,73.28,0.00,0.00
64073.30,8903,11716,0,0,0.18,373,73.28,0.00,0.00
64133.30,8903,11716,0,0,0.18,373,73.28,0.00,0.00
64193.30,8903,11716,0,0,0.18,373,73.28,0.00,0.00
64253.30,8903,11716,0,0,0.18,373,73.28,0.00,0.00
64313.30,8903,11716,0,0,0.18,373,73.28,0.00,0.00
64373.30,8903,11716,0,0,0.18,373,73.28,0.00,0.00
64433.30,8903,11716,0,0,0.18,373,73.28,0.00,0.00
64493.30,8903,11716,0,0,0.18,373,73.28,0.00,0.00
64553.30,8903,11716,0,0,0.18,373,73.28,0.00,0.00
64613.30,8903,11716,0,0,0.18,373,73.28,0.00,0.00
64673.30,8903,11716,0,0,0.18,373,73.28,0.00,0.00
64733.30,8903,11716,0,0,0.18,373,73.28,0.00,0.00
64793.30,8903,11716,0,0,0.18,373,73.28,0.00,0.00
64853.30,8903,11716,0,0,0.18,373,73.28,0.00,0.00
64913.30,8903,11716,0,0,0.18,373,73.28,0.00,0.00
64973.30,8903,11716,0,0,0.18,373,73.28,0.00,0.00
65033.30,8903,11716,0,0,0.18,373,73.28,0.00,0.00
65093.30,8903,11716,0,0,0.18,373,73.28,0.00,0.00
65153.30,8903,11716,0,0,0.18,373,73.28,0.00,0.00
65213.30,8903,11716,0,0,0.18,373,73.28,0.00,0.00
65273.30,8903,11716,0,0,0.18,373,73.28,0.00,0.00
65333.30,8903,11716,0,0,0.18,373,73.28,0.00,0.00
65393.30,8903,11716,0,0,0.18,373,73.28,0.00,0.00
65453.30,8903,11716,0,0,0.18,373,73.28,0.00,0.00
65513.30,8903,11716,0,0,0.18,373,73.28,0.00,0.00
65573.30,8903,11716,0,0,0.18,373,73.28,0.00,0.00
65633.30,8903,11716,0,0,0.18,373,73.28,0.00,0.00
65693.30,8903,11716,0,0,0.18,373,73.28,0.00,0.00
65753.30,8903,11716,0,0,0.18,373,73.28,0.00,0.00
65813.30,8903,11716,0,0,0.18,373,73.28,0.00,0.00
65873.30,8903,11716,0,0,0.18,373,73.28,0.00,0.00
65933.30,8903,11716,0,0,0.18,373,73.28,0.00,0.00
65993.30,8903,11716,0,0,0.18,373,73.28,0.00,0.00
66053.30,8903,11716,0,0,0.18,373,73.28,0.00,0.00
66113.30,8903,11716,0,0,0.18,373,73.28,0.00,0.00
66173.30,8903,11716,0,0,0.18,373,73.28,0.00,0.00
66233.30,8903,11716,0,0,0.18,373,73.28,0.00,0.00
66293.30,8903,11716,0,0,0.18,373,73.28,0.00,0.00
66353.30,8903,11716,0,0,0.18,373,73.28,0.00,0.00
66413.30,8903,11716,0,0,0.18,373,73.28,0.00,0.00
66473.30,8903,11716,0,0,0.18,373,73.28,0.00,0.00
66533.30,8903,11716,0,0,0.18,373,73.28,0.00,0.00
66593.30,8903,11716,0,0,0.18,373,73.28,0.00,0.00
66653.30,8903,11716,0,0,0.18,373,73.28,0.00,0.00
66713.30,8903,11716,0,0,0.18,373,73.28,0.00,0.00
66773.30,8903,11716,0,0,0.18,373,73.28,0.00,0.00
66833.30,8903,11716,0,0,0.18,373,73.28,0.00,0.00
66893.30,8903,11716,0,0,0.18,373,73.28,0.00,0.00
66953.30,8903,11716,0,0,0.17,373,73.28,0.00,0.00
67013.30,8903,11716,0,0,0.17,373,73.28,0.00,0.00
67073.30,8903,11716,0,0,0.17,373,73.28,0.00,0.00
67133.30,8903,11716,0,0,0.17,373,73.28,0.00,0.00
67193.30,8903,11716,0,0,0.17,373,73.28,0.00,0.00
67253.30,8903,11716,0,0,0.17,373,73.28,0.00,0.00
67313.30,8903,11716,0,0,0.17,373,73.28,0.00,0.00
67373.30,8903,11716,0,0,0.17,373,73.28,0.00,0.00
67433.30,8903,11716,0,0,0.17,373,73.28,0.00,0.00
67493.30,8903,11716,0,0,0.17,373,73.28,0.00,0.00
67553.30,8903,11716,0,0,0.17,373,73.28,0.00,0.00
67613.30,8903,11716,0,0,0.17,373,73.28,0.00,0.00
67673.30,8903,11716,0,0,0.17,373,73.28,0.00,0.00
67733.30,8903,11716,0,0,0.17,373,73.28,0.00,0.00
67793.30,8903,11716,0,0,0.17,373,73.28,0.00,0.00
67853.30,8903,11716,0,0,0.17,373,73.28,0.00,0.00
67913.30,8903,11716,0,0,0.17,373,73.28,0.00,0.00
67973.30,8903,11716,0,0,0.17,373,73.28,0.00,0.00
68033.30,8903,11716,0,0,0.17,373,73.28,0.00,0.00
68093.30,8903,11716,0,0,0.17,373,73.28,0.00,0.00
68153.30,8903,11716,0,0,0.17,373,73.28,0.00,0.00
68213.30,8903,11716,0,0,0.17,373,73.28,0.00,0.00
68273.30,8903,11716,0,0,0.17,373,73.28,0.00,0.00
68333.30,8903,11716,0,0,0.17,373,73.28,0.00,0.00
68393.30,8903,11716,0,0,0.17,373,73.28,0.00,0.00
68453.30,8903,11716,0,0,0.17,373,73.28,0.00,0.00
68513.30,8903,11716,0,0,0.17,373,73.28,0.00,0.00
68573.30,8903,11716,0,0,0.17,373,73.28,0.00,0.00
68633.30,8903,11716,0,0,0.17,373,73.28,0.00,0.00
68693.30,8903,11716,0,0,0.17,373,73.28,0.00,0.00
68753.30,8903,11716,0,0,0.17,373,73.28,0.00,0.00
68813.30,8903,11716,0,0,0.17,373,73.28,0.00,0.00
68873.30,8903,11716,0,0,0.17,373,73.28,0.00,0.00
68933.30,8903,11716,0,0,0.17,373,73.28,0.00,0.00
68993.30,8903,11716,0,0,0.17,373,73.28,0.00,0.00
69053.30,8903,11716,0,0,0.17,373,73.28,0.00,0.00
69113.30,8903,11716,0,0,0.17,373,73.28,0.00,0.00
69173.30,8903,11716,0,0,0.17,373,73.28,0.00,0.00
69233.30,8903,11716,0,0,0.17,373,73.28,0.00,0.00
69293.30,8903,11716,0,0,0.17,373,73.28,0.00,0.00
69353.30,8903,11716,0,0,0.17,373,73.28,0.00,0.00
69413.30,8903,11716,0,0,0.17,373,73.28,0.00,0.00
69473.30,8903,11716,0,0,0.17,373,73.28,0.00,0.00
69533.30,8903,11716,0,0,0.17,373,73.28,0.00,0.00
69593.30,8903,11716,0,0,0.17,373,73.28,0.00,0.00
69653.30,8903,11716,0,0,0.17,373,73.28,0.00,0.00
69713.30,8903,11716,0,0,0.17,373,73.28,0.00,0.00
69773.30,8903,11716,0,0,0.17,373,73.28,0.00,0.00
69833.30,8903,11716,0,0,0.17,373,73.28,0.00,0.00
69893.30,8903,11716,0,0,0.17,373,73.28,0.00,0.00
69953.30,8903,11716,0,0,0.17,373,73.28,0.00,0.00
70013.30,8903,11716,0,0,0.17,373,73.28,0.00,0.00
70073.30,8903,11716,0,0,0.17,373,73.28,0.00,0.00
70133.30,8903,11716,0,0,0.17,373,73.28,0.00,0.00
70193.30,8903,11716,0,0,0.17,373,73.28,0.00,0.00
70253.30,8903,11716,0,0,0.17,373,73.28,0.00,0.00
70313.30,8903,11716,0,0,0.17,373,73.28,0.00,0.00
70373.30,8903,11716,0,0,0.17,373,73.28,0.00,0.00
70433.30,8903,11716,0,0,0.17,373,73.28,0.00,0.00
70493.30,8903,11716,0,0,0.17,373,73.28,0.00,0.00
70553.30,8903,11716,0,0,0.17,373,73.28,0.00,0.00
70613.30,8903,11716,0,0,0.17,373,73.28,0.00,0.00
70673.30,8903,11716,0,0,0.17,373,73.28,0.00,0.00
70733.30,8903,11716,0,0,0.17,373,73.28,0.00,0.00
70793.30,8903,11716,0,0,0.17,373,73.28,0.00,0.00
70853.30,8903,11716,0,0,0.17,373,73.28,0.00,0.00
70913.30,8903,11716,0,0,0.17,373,73.28,0.00,0.00
70973.30,8903,11716,0,0,0.17,373,73.28,0.00,0.00
71033.30,8903,11716,0,0,0.16,373,73.28,0.00,0.00
71093.30,8903,11716,0,0,0.16,373,73.28,0.00,0.00
71153.30,8903,11716,0,0,0.16,373,73.28,0.00,0.00
71213.30,8903,11716,0,0,0.16,373,73.28,0.00,0.00
71273.30,8903,11716,0,0,0.16,373,73.28,0.00,0.00
71333.30,8903,11716,0,0,0.16,373,73.28,0.00,0.00
71393.30,8903,11716,0,0,0.16,373,73.28,0.00,0.00
71453.30,8903,11716,0,0,0.16,373,73.28,0.00,0.00
71513.30,8903,11716,0,0,0.16,373,73.28,0.00,0.00
71573.30,8903,11716,0,0,0.16,373,73.28,0.00,0.00
71633.30,8903,11716,0,0,0.16,373,73.28,0.00,0.00
71693.30,8903,11716,0,0,0.16,373,73.28,0.00,0.00
71753.30,8903,11716,0,0,0.16,373,73.28,0.00,0.00
71813.30,8903,11716,0,0,0.16,373,73.28,0.00,0.00
71873.30,8903,11716,0,0,0.16,373,73.28,0.00,0.00
71933.30,8903,11716,0,0,0.16,373,73.28,0.00,0.00
71993.30,8903,11716,0,0,0.16,373,73.28,0.00,0.00
72053.30,8903,11716,0,0,0.16,373,73.28,0.00,0.00
72113.30,8903,11716,0,0,0.16,373,73.28,0.00,0.00
72173.30,8903,11716,0,0,0.16,373,73.28,0.00,0.00
72233.30,8903,11716,0,0,0.16,373,73.28,0.00,0.00
72293.30,8903,11716,0,0,0.16,373,73.28,0.00,0.00
72353.30,8903,11716,0,0,0.16,373,73.28,0.00,0.00
72413.30,8903,11716,0,0,0.16,373,73.28,0.00,0.00
72473.30,8903,11716,0,0,0.16,373,73.28,0.00,0.00
72533.30,8903,11716,0,0,0.16,373,73.28,0.00,0.00
72593.30,8903,11716,0,0,0.16,373,73.28,0.00,0.00
72653.30,8903,11716,0,0,0.16,373,73.28,0.00,0.00
72713.30,8903,11716,0,0,0.16,373,73.28,0.00,0.00
72773.30,8903,11716,0,0,0.16,373,73.28,0.00,0.00
72833.30,8903,11716,0,0,0.16,373,73.28,0.00,0.00
72893.30,8903,11716,0,0,0.16,373,73.28,0.00,0.00
72953.30,8903,11716,0,0,0.16,373,73.28,0.00,0.00
73013.30,8903,11716,0,0,0.16,373,73.28,0.00,0.00
73073.30,8903,11716,0,0,0.16,373,73.28,0.00,0.00
73133.30,8903,11716,0,0,0.16,373,73.28,0.00,0.00
73193.30,8903,11716,0,0,0.16,373,73.28,0.00,0.00
73253.30,8903,11716,0,0,0.16,373,73.28,0.00,0.00
73313.30,8903,11716,0,0,0.16,373,73.28,0.00,0.00
73373.30,8903,11716,0,0,0.16,373,73.28,0.00,0.00
73433.30,8903,11716,0,0,0.16,373,73.28,0.00,0.00
73493.30,8903,11716,0,0,0.16,373,73.28,0.00,0.00
73553.30,8903,11716,0,0,0.16,373,73.28,0.00,0.00
73613.30,8903,11716,0,0,0.16,373,73.28,0.00,0.00
73673.30,8903,11716,0,0,0.16,373,73.28,0.00,0.00
73733.30,8903,11716,0,0,0.16,373,73.28,0.00,0.00
73793.30,8903,11716,0,0,0.16,373,73.28,0.00,0.00
73853.30,8903,11716,0,0,0.16,373,73.28,0.00,0.00
73913.30,8903,11716,0,0,0.16,373,73.28,0.00,0.00
73973.30,8903,11716,0,0,0.16,373,73.28,0.00,0.00
74033.30,8903,11716,0,0,0.16,373,73.28,0.00,0.00
74093.30,8903,11716,0,0,0.16,373,73.28,0.00,0.00
74153.30,8903,11716,0,0,0.16,373,73.28,0.00,0.00
74213.30,8903,11716,0,0,0.16,373,73.28,0.00,0.00
74273.30,8903,11716,0,0,0.16,373,73.28,0.00,0.00
74333.30,8903,11716,0,0,0.16,373,73.28,0.00,0.00
74393.30,8903,11716,0,0,0.16,373,73.28,0.00,0.00
74453.30,8903,11716,0,0,0.16,373,73.28,0.00,0.00
74513.30,8903,11716,0,0,0.16,373,73.28,0.00,0.00
74573.30,8903,11716,0,0,0.16,373,73.28,0.00,0.00
74633.30,8903,11716,0,0,0.16,373,73.28,0.00,0.00
74693.30,8903,11716,0,0,0.16,373,73.28,0.00,0.00
74753.30,8903,11716,0,0,0.16,373,73.28,0.00,0.00
74813.30,8903,11716,0,0,0.16,373,73.28,0.00,0.00
74873.30,8903,11716,0,0,0.16,373,73.28,0.00,0.00
74933.30,8903,11716,0,0,0.16,373,73.28,0.00,0.00
74993.30,8903,11716,0,0,0.16,373,73.28,0.00,0.00
75053.30,8903,11716,0,0,0.16,373,73.28,0.00,0.00
75113.30,8903,11716,0,0,0.16,373,73.28,0.00,0.00
75173.30,8903,11716,0,0,0.16,373,73.28,0.00,0.00
75233.30,8903,11716,0,0,0.16,373,73.28,0.00,0.00
75293.30,8903,11716,0,0,0.16,373,73.28,0.00,0.00
75353.30,8903,11716,0,0,0.16,373,73.28,0.00,0.00
75413.30,8903,11716,0,0,0.16,373,73.28,0.00,0.00
75473.30,8903,11716,0,0,0.16,373,73.28,0.00,0.00
75533.30,8903,11716,0,0,0.16,373,73.28,0.00,0.00
75593.30,8903,11716,0,0,0.15,373,73.28,0.00,0.00
75653.30,8903,11716,0,0,0.15,373,73.28,0.00,0.00
75713.30,8903,11716,0,0,0.15,373,73.28,0.00,0.00
75773.30,8903,11716,0,0,0.15,373,73.28,0.00,0.00
75833.30,8903,11716,0,0,0.15,373,73.28,0.00,0.00
75893.30,8903,11716,0,0,0.15,373,73.28,0.00,0.00
75953.30,8903,11716,0,0,0.15,373,73.28,0.00,0.00
76013.30,8903,11716,0,0,0.15,373,73.28,0.00,0.00
76073.30,8903,11716,0,0,0.15,373,73.28,0.00,0.00
76133.30,8903,11716,0,0,0.15,373,73.28,0.00,0.00
76193.30,8903,11716,0,0,0.15,373,73.28,0.00,0.00
76253.30,8903,11716,0,0,0.15,373,73.28,0.00,0.00
76313.30,8903,11716,0,0,0.15,373,73.28,0.00,0.00
76373.30,8903,11716,0,0,0.15,373,73.28,0.00,0.00
76433.30,8903,11716,0,0,0.15,373,73.28,0.00,0.00
76493.30,8903,11716,0,0,0.15,373,73.28,0.00,0.00
76553.30,8903,11716,0,0,0.15,373,73.28,0.00,0.00
76613.30,8903,11716,0,0,0.15,373,73.28,0.00,0.00
76673.30,8903,11716,0,0,0.15,373,73.28,0.00,0.00
76733.30,8903,11716,0,0,0.15,373,73.28,0.00,0.00
76793.30,8903,11716,0,0,0.15,373,73.28,0.00,0.00
76853.30,8903,11716,0,0,0.15,373,73.28,0.00,0.00
76913.30,8903,11716,0,0,0.15,373,73.28,0.00,0.00
76973.30,8903,11716,0,0,0.15,373,73.28,0.00,0.00
77033.30,8903,11716,0,0,0.15,373,73.28,0.00,0.00
77093.30,8903,11716,0,0,0.15,373,73.28,0.00,0.00
77153.30,8903,11716,0,0,0.15,373,73.28,0.00,0.00
77213.30,8903,11716,0,0,0.15,373,73.28,0.00,0.00
77273.30,8903,11716,0,0,0.15,373,73.28,0.00,0.00
77333.30,8903,11716,0,0,0.15,373,73.28,0.00,0.00
77393.30,8903,11716,0,0,0.15,373,73.28,0.00,0.00
77453.30,8903,11716,0,0,0.15,373,73.28,0.00,0.00
77513.30,8903,11716,0,0,0.15,373,73.28,0.00,0.00
77573.30,8903,11716,0,0,0.15,373,73.28,0.00,0.00
77633.30,8903,11716,0,0,0.15,373,73.28,0.00,0.00
77693.30,8903,11716,0,0,0.15,373,73.28,0.00,0.00
77753.30,8903,11716,0,0,0.15,373,73.28,0.00,0.00
77813.30,8903,11716,0,0,0.15,373,73.28,0.00,0.00
77873.30,8903,11716,0,0,0.15,373,73.28,0.00,0.00
77933.30,8903,11716,0,0,0.15,373,73.28,0.00,0.00
77993.30,8903,11716,0,0,0.15,373,73.28,0.00,0.00
78053.30,8903,11716,0,0,0.15,373,73.28,0.00,0.00
78113.30,8903,11716,0,0,0.15,373,73.28,0.00,0.00
78173.30,8903,11716,0,0,0.15,373,73.28,0.00,0.00
78233.30,8903,11716,0,0,0.15,373,73.28,0.00,0.00
78293.30,8903,11716,0,0,0.15,373,73.28,0.00,0.00
78353.30,8903,11716,0,0,0.15,373,73.28,0.00,0.00
78413.30,8903,11716,0,0,0.15,373,73.28,0.00,0.00
78473.30,8903,11716,0,0,0.15,373,73.28,0.00,0.00
78533.30,8903,11716,0,0,0.15,373,73.28,0.00,0.00
78593.30,8903,11716,0,0,0.15,373,73.28,0.00,0.00
78653.30,8903,11716,0,0,0.15,373,73.28,0.00,0.00
78713.30,8903,11716,0,0,0.15,373,73.28,0.00,0.00
78773.30,8903,11716,0,0,0.15,373,73.28,0.00,0.00
78833.30,8903,11716,0,0,0.15,373,73.28,0.00,0.00
78893.30,8903,11716,0,0,0.15,373,73.28,0.00,0.00
78953.30,8903,11716,0,0,0.15,373,73.28,0.00,0.00
79013.30,8903,11716,0,0,0.15,373,73.28,0.00,0.00
79073.30,8903,11716,0,0,0.15,373,73.28,0.00,0.00
79133.30,8903,11716,0,0,0.15,373,73.28,0.00,0.00
79193.30,8903,11716,0,0,0.15,373,73.28,0.00,0.00
79253.30,8903,11716,0,0,0.15,373,73.28,0.00,0.00
79313.30,8903,11716,0,0,0.15,373,73.28,0.00,0.00
79373.30,8903,11716,0,0,0.15,373,73.28,0.00,0.00
79433.30,8903,11716,0,0,0.15,373,73.28,0.00,0.00
79493.30,8903,11716,0,0,0.15,373,73.28,0.00,0.00
79553.30,8903,11716,0,0,0.15,373,73.28,0.00,0.00
79613.30,8903,11716,0,0,0.15,373,73.28,0.00,0.00
79673.30,8903,11716,0,0,0.15,373,73.28,0.00,0.00
79733.30,8903,11716,0,0,0.15,373,73.28,0.00,0.00
79793.30,8903,11716,0,0,0.15,373,73.28,0.00,0.00
79853.30,8903,11716,0,0,0.15,373,73.28,0.00,0.00
79913.30,8903,11716,0,0,0.15,373,73.28,0.00,0.00
79973.30,8903,11716,0,0,0.15,373,73.28,0.00,0.00
80033.30,8903,11716,0,0,0.15,373,73.28,0.00,0.00
80093.30,8903,11716,0,0,0.15,373,73.28,0.00,0.00
80153.30,8903,11716,0,0,0.15,373,73.28,0.00,0.00
80213.30,8903,11716,0,0,0.15,373,73.28,0.00,0.00
80273.30,8903,11716,0,0,0.15,373,73.28,0.00,0.00
80333.30,8903,11716,0,0,0.15,373,73.28,0.00,0.00
80393.30,8903,11716,0,0,0.15,373,73.28,0.00,0.00
80453.30,8903,11716,0,0,0.15,373,73.28,0.00,0.00
80513.30,8903,11716,0,0,0.15,373,73.28,0.00,0.00
80573.30,8903,11716,0,0,0.15,373,73.28,0.00,0.00
80633.30,8903,11716,0,0,0.15,373,73.28,0.00,0.00
80693.30,8903,11716,0,0,0.15,373,73.28,0.00,0.00
80753.30,8903,11716,0,0,0.15,373,73.28,0.00,0.00
80813.30,8903,11716,0,0,0.14,373,73.28,0.00,0.00
80873.30,8903,11716,0,0,0.14,373,73.28,0.00,0.00
80933.30,8903,11716,0,0,0.14,373,73.28,0.00,0.00
80993.30,8903,11716,0,0,0.14,373,73.28,0.00,0.00
81053.30,8903,11716,0,0,0.14,373,73.28,0.00,0.00
81113.30,8903,11716,0,0,0.14,373,73.28,0.00,0.00
81173.30,8903,11716,0,0,0.14,373,73.28,0.00,0.00
81233.30,8903,11716,0,0,0.14,373,73.28,0.00,0.00
81293.30,8903,11716,0,0,0.14,373,73.28,0.00,0.00
81353.30,8903,11716,0,0,0.14,373,73.28,0.00,0.00
81413.30,8903,11716,0,0,0.14,373,73.28,0.00,0.00
81473.30,8903,11716,0,0,0.14,373,73.28,0.00,0.00
81533.30,8903,11716,0,0,0.14,373,73.28,0.00,0.00
81593.30,8903,11716,0,0,0.14,373,73.28,0.00,0.00
81653.30,8903,11716,0,0,0.14,373,73.28,0.00,0.00
81713.30,8903,11716,0,0,0.14,373,73.28,0.00,0.00
81773.30,8903,11716,0,0,0.14,373,73.28,0.00,0.00
81833.30,8903,11716,0,0,0.14,373,73.28,0.00,0.00
81893.30,8903,11716,0,0,0.14,373,73.28,0.00,0.00
81953.30,8903,11716,0,0,0.14,373,73.28,0.00,0.00
82013.30,8903,11716,0,0,0.14,373,73.28,0.00,0.00
82073.30,8903,11716,0,0,0.14,373,73.28,0.00,0.00
82133.30,8903,11716,0,0,0.14,373,73.28,0.00,0.00
82193.30,8903,11716,0,0,0.14,373,73.28,0.00,0.00
82253.30,8903,11716,0,0,0.14,373,73.28,0.00,0.00
82313.30,8903,11716,0,0,0.14,373,73.28,0.00,0.00
82373.30,8903,11716,0,0,0.14,373,73.28,0.00,0.00
82433.30,8903,11716,0,0,0.14,373,73.28,0.00,0.00
82493.30,8903,11716,0,0,0.14,373,73.28,0.00,0.00
82553.30,8903,11716,0,0,0.14,373,73.28,0.00,0.00
82613.30,8903,11716,0,0,0.14,373,73.28,0.00,0.00
82673.30,8903,11716,0,0,0.14,373,73.28,0.00,0.00
82733.30,8903,11716,0,0,0.14,373,73.28,0.00,0.00
82793.30,8903,11716,0,0,0.14,373,73.28,0.00,0.00
82853.30,8903,11716,0,0,0.14,373,73.28,0.00,0.00
82913.30,8903,11716,0,0,0.14,373,73.28,0.00,0.00
82973.30,8903,11716,0,0,0.14,373,73.28,0.00,0.00
83033.30,8903,11716,0,0,0.14,373,73.28,0.00,0.00
83093.30,8903,11716,0,0,0.14,373,73.28,0.00,0.00
83153.30,8903,11716,0,0,0.14,373,73.28,0.00,0.00
83213.30,8903,11716,0,0,0.14,373,73.28,0.00,0.00
83273.30,8903,11716,0,0,0.14,373,73.28,0.00,0.00
83333.30,8903,11716,0,0,0.14,373,73.28,0.00,0.00
83393.30,8903,11716,0,0,0.14,373,73.28,0.00,0.00
83453.30,8903,11716,0,0,0.14,373,73.28,0.00,0.00
83513.30,8903,11716,0,0,0.14,373,73.28,0.00,0.00
83573.30,8903,11716,0,0,0.14,373,73.28,0.00,0.00
83633.30,8903,11716,0,0,0.14,373,73.28,0.00,0.00
83693.30,8903,11716,0,0,0.14,373,73.28,0.00,0.00
83753.30,8903,11716,0,0,0.14,373,73.28,0.00,0.00
83813.30,8903,11716,0,0,0.14,373,73.28,0.00,0.00
83873.30,8903,11716,0,0,0.14,373,73.28,0.00,0.00
83933.30,8903,11716,0,0,0.14,373,73.28,0.00,0.00
83993.30,8903,11716,0,0,0.14,373,73.28,0.00,0.00
84053.30,8903,11716,0,0,0.14,373,73.28,0.00,0.00
84113.30,8903,11716,0,0,0.14,373,73.28,0.00,0.00
84173.30,8903,11716,0,0,0.14,373,73.28,0.00,0.00
84233.30,8903,11716,0,0,0.14,373,73.28,0.00,0.00
84293.30,8903,11716,0,0,0.14,373,73.28,0.00,0.00
84353.30,8903,11716,0,0,0.14,373,73.28,0.00,0.00
84413.30,8903,11716,0,0,0.14,373,73.28,0.00,0.00
84473.30,8903,11716,0,0,0.14,373,73.28,0.00,0.00
84533.30,8903,11716,0,0,0.14,373,73.28,0.00,0.00
84593.30,8903,11716,0,0,0.14,373,73.28,0.00,0.00
84653.30,8903,11716,0,0,0.14,373,73.28,0.00,0.00
84713.30,8903,11716,0,0,0.14,373,73.28,0.00,0.00
84773.30,8903,11716,0,0,0.14,373,73.28,0.00,0.00
84833.30,8903,11716,0,0,0.14,373,73.28,0.00,0.00
84893.30,8903,11716,0,0,0.14,373,73.28,0.00,0.00
84953.30,8903,11716,0,0,0.14,373,73.28,0.00,0.00
85013.30,8903,11716,0,0,0.14,373,73.28,0.00,0.00
85073.30,8903,11716,0,0,0.14,373,73.28,0.00,0.00
85133.30,8903,11716,0,0,0.14,373,73.28,0.00,0.00
85193.30,8903,11716,0,0,0.14,373,73.28,0.00,0.00
85253.30,8903,11716,0,0,0.14,373,73.28,0.00,0.00
85313.30,8903,11716,0,0,0.14,373,73.28,0.00,0.00
85373.30,8903,11716,0,0,0.14,373,73.28,0.00,0.00
85433.30,8903,11716,0,0,0.14,373,73.28,0.00,0.00
85493.30,8903,11716,0,0,0.14,373,73.28,0.00,0.00
85553.30,8903,11716,0,0,0.14,373,73.28,0.00,0.00
85613.30,8903,11716,0,0,0.14,373,73.28,0.00,0.00
85673.30,8903,11716,0,0,0.14,373,73.28,0.00,0.00
85733.30,8903,11716,0,0,0.14,373,73.28,0.00,0.00
85793.30,8903,11716,0,0,0.14,373,73.28,0.00,0.00
85853.30,8903,11716,0,0,0.14,373,73.28,0.00,0.00
85913.30,8903,11716,0,0,0.14,373,73.28,0.00,0.00
85973.30,8903,11716,0,0,0.14,373,73.28,0.00,0.00
86033.30,8903,11716,0,0,0.14,373,73.28,0.00,0.00
86093.30,8903,11716,0,0,0.14,373,73.28,0.00,0.00
86153.30,8903,11716,0,0,0.14,373,73.28,0.00,0.00
86213.30,8903,11716,0,0,0.14,373,73.28,0.00,0.00
86273.30,8903,11716,0,0,0.14,373,73.28,0.00,0.00
86333.30,8903,11716,0,0,0.14,373,73.28,0.00,0.00
86393.30,8903,11716,0,0,0.14,373,73.28,0.00,0.00
