elapsed_time,unique_edges,total_execs,crash_count,hang_count,exec_speed,queue_size,last_new_find,last_crash,last_hang
0.00,0,0,0,0,0.00,0,0.00,0.00,0.00
14.33,4530,2078,0,0,145.02,943,14.14,0.00,0.00
33.25,5154,5061,0,0,152.20,1005,32.27,0.00,0.00
43.25,5397,6316,0,0,146.03,1036,41.61,0.00,0.00
53.25,5397,6316,0,0,118.61,1036,41.61,0.00,0.00
63.25,5397,6316,0,0,99.85,1036,41.61,0.00,0.00
73.25,5397,6316,0,0,86.22,1036,41.61,0.00,0.00
83.25,5397,6316,0,0,75.87,1036,41.61,0.00,0.00
93.25,5397,6316,0,0,67.73,1036,41.61,0.00,0.00
103.25,5397,6316,0,0,61.17,1036,41.61,0.00,0.00
113.25,5397,6316,0,0,55.77,1036,41.61,0.00,0.00
123.25,5397,6316,0,0,51.24,1036,41.61,0.00,0.00
133.25,5397,6316,0,0,47.40,1036,41.61,0.00,0.00
143.25,5397,6316,0,0,44.09,1036,41.61,0.00,0.00
153.25,5397,6316,0,0,41.21,1036,41.61,0.00,0.00
163.25,5397,6316,0,0,38.69,1036,41.61,0.00,0.00
173.25,5397,6316,0,0,36.46,1036,41.61,0.00,0.00
183.25,5397,6316,0,0,34.47,1036,41.61,0.00,0.00
193.25,5397,6316,0,0,32.68,1036,41.61,0.00,0.00
203.25,5397,6316,0,0,31.07,1036,41.61,0.00,0.00
213.25,5397,6316,0,0,29.62,1036,41.61,0.00,0.00
223.25,5397,6316,0,0,28.29,1036,41.61,0.00,0.00
233.25,5397,6316,0,0,27.08,1036,41.61,0.00,0.00
243.25,5397,6316,0,0,25.96,1036,41.61,0.00,0.00
253.25,5397,6316,0,0,24.94,1036,41.61,0.00,0.00
263.25,5397,6316,0,0,23.99,1036,41.61,0.00,0.00
273.25,5397,6316,0,0,23.11,1036,41.61,0.00,0.00
283.25,5397,6316,0,0,22.30,1036,41.61,0.00,0.00
293.25,5397,6316,0,0,21.54,1036,41.61,0.00,0.00
303.25,5397,6316,0,0,20.83,1036,41.61,0.00,0.00
313.25,5397,6316,0,0,20.16,1036,41.61,0.00,0.00
323.25,5397,6316,0,0,19.54,1036,41.61,0.00,0.00
333.25,5397,6316,0,0,18.95,1036,41.61,0.00,0.00
343.25,5397,6316,0,0,18.40,1036,41.61,0.00,0.00
353.25,5397,6316,0,0,17.88,1036,41.61,0.00,0.00
363.25,5397,6316,0,0,17.39,1036,41.61,0.00,0.00
373.25,5397,6316,0,0,16.92,1036,41.61,0.00,0.00
383.25,5397,6316,0,0,16.48,1036,41.61,0.00,0.00
393.25,5397,6316,0,0,16.06,1036,41.61,0.00,0.00
403.25,5397,6316,0,0,15.66,1036,41.61,0.00,0.00
413.25,5397,6316,0,0,15.28,1036,41.61,0.00,0.00
423.25,5397,6316,0,0,14.92,1036,41.61,0.00,0.00
433.25,5397,6316,0,0,14.58,1036,41.61,0.00,0.00
443.25,5397,6316,0,0,14.25,1036,41.61,0.00,0.00
453.25,5397,6316,0,0,13.93,1036,41.61,0.00,0.00
463.25,5397,6316,0,0,13.63,1036,41.61,0.00,0.00
473.25,5397,6316,0,0,13.35,1036,41.61,0.00,0.00
483.25,5397,6316,0,0,13.07,1036,41.61,0.00,0.00
493.25,5397,6316,0,0,12.80,1036,41.61,0.00,0.00
503.25,5397,6316,0,0,12.55,1036,41.61,0.00,0.00
513.25,5397,6316,0,0,12.31,1036,41.61,0.00,0.00
523.25,5397,6316,0,0,12.07,1036,41.61,0.00,0.00
533.25,5397,6316,0,0,11.84,1036,41.61,0.00,0.00
543.25,5397,6316,0,0,11.63,1036,41.61,0.00,0.00
553.25,5397,6316,0,0,11.42,1036,41.61,0.00,0.00
563.25,5397,6316,0,0,11.21,1036,41.61,0.00,0.00
573.25,5397,6316,0,0,11.02,1036,41.61,0.00,0.00
583.25,5397,6316,0,0,10.83,1036,41.61,0.00,0.00
593.25,5397,6316,0,0,10.65,1036,41.61,0.00,0.00
623.25,5397,6316,0,0,10.13,1036,41.61,0.00,0.00
653.25,5397,6316,0,0,9.67,1036,41.61,0.00,0.00
683.25,5397,6316,0,0,9.24,1036,41.61,0.00,0.00
713.25,5397,6316,0,0,8.86,1036,41.61,0.00,0.00
743.25,5397,6316,0,0,8.50,1036,41.61,0.00,0.00
773.25,5397,6316,0,0,8.17,1036,41.61,0.00,0.00
803.25,5397,6316,0,0,7.86,1036,41.61,0.00,0.00
833.25,5397,6316,0,0,7.58,1036,41.61,0.00,0.00
863.25,5397,6316,0,0,7.32,1036,41.61,0.00,0.00
893.25,5397,6316,0,0,7.07,1036,41.61,0.00,0.00
923.25,5397,6316,0,0,6.84,1036,41.61,0.00,0.00
953.25,5397,6316,0,0,6.63,1036,41.61,0.00,0.00
983.25,5397,6316,0,0,6.42,1036,41.61,0.00,0.00
1013.25,5397,6316,0,0,6.23,1036,41.61,0.00,0.00
1043.25,5397,6316,0,0,6.05,1036,41.61,0.00,0.00
1073.25,5397,6316,0,0,5.88,1036,41.61,0.00,0.00
1103.25,5397,6316,0,0,5.72,1036,41.61,0.00,0.00
1133.25,5397,6316,0,0,5.57,1036,41.61,0.00,0.00
1163.25,5397,6316,0,0,5.43,1036,41.61,0.00,0.00
1193.25,5397,6316,0,0,5.29,1036,41.61,0.00,0.00
1223.25,5397,6316,0,0,5.16,1036,41.61,0.00,0.00
1253.25,5397,6316,0,0,5.04,1036,41.61,0.00,0.00
1283.25,5397,6316,0,0,4.92,1036,41.61,0.00,0.00
1313.25,5397,6316,0,0,4.81,1036,41.61,0.00,0.00
1343.25,5397,6316,0,0,4.70,1036,41.61,0.00,0.00
1373.25,5397,6316,0,0,4.60,1036,41.61,0.00,0.00
1403.25,5397,6316,0,0,4.50,1036,41.61,0.00,0.00
1433.25,5397,6316,0,0,4.41,1036,41.61,0.00,0.00
1463.25,5397,6316,0,0,4.32,1036,41.61,0.00,0.00
1493.25,5397,6316,0,0,4.23,1036,41.61,0.00,0.00
1523.25,5397,6316,0,0,4.15,1036,41.61,0.00,0.00
1553.25,5397,6316,0,0,4.07,1036,41.61,0.00,0.00
1583.25,5397,6316,0,0,3.99,1036,41.61,0.00,0.00
1613.25,5397,6316,0,0,3.92,1036,41.61,0.00,0.00
1643.25,5397,6316,0,0,3.84,1036,41.61,0.00,0.00
1673.25,5397,6316,0,0,3.77,1036,41.61,0.00,0.00
1703.25,5397,6316,0,0,3.71,1036,41.61,0.00,0.00
1733.25,5397,6316,0,0,3.64,1036,41.61,0.00,0.00
1763.25,5397,6316,0,0,3.58,1036,41.61,0.00,0.00
1793.25,5397,6316,0,0,3.52,1036,41.61,0.00,0.00
1823.25,5397,6316,0,0,3.46,1036,41.61,0.00,0.00
1853.25,5397,6316,0,0,3.41,1036,41.61,0.00,0.00
1883.25,5397,6316,0,0,3.35,1036,41.61,0.00,0.00
1913.25,5397,6316,0,0,3.30,1036,41.61,0.00,0.00
1943.25,5397,6316,0,0,3.25,1036,41.61,0.00,0.00
1973.25,5397,6316,0,0,3.20,1036,41.61,0.00,0.00
2003.25,5397,6316,0,0,3.15,1036,41.61,0.00,0.00
2033.25,5397,6316,0,0,3.11,1036,41.61,0.00,0.00
2063.25,5397,6316,0,0,3.06,1036,41.61,0.00,0.00
2093.25,5397,6316,0,0,3.02,1036,41.61,0.00,0.00
2123.25,5397,6316,0,0,2.97,1036,41.61,0.00,0.00
2153.25,5397,6316,0,0,2.93,1036,41.61,0.00,0.00
2183.25,5397,6316,0,0,2.89,1036,41.61,0.00,0.00
2213.25,5397,6316,0,0,2.85,1036,41.61,0.00,0.00
2243.25,5397,6316,0,0,2.82,1036,41.61,0.00,0.00
2273.25,5397,6316,0,0,2.78,1036,41.61,0.00,0.00
2303.25,5397,6316,0,0,2.74,1036,41.61,0.00,0.00
2333.25,5397,6316,0,0,2.71,1036,41.61,0.00,0.00
2363.25,5397,6316,0,0,2.67,1036,41.61,0.00,0.00
2393.25,5397,6316,0,0,2.64,1036,41.61,0.00,0.00
2423.25,5397,6316,0,0,2.61,1036,41.61,0.00,0.00
2453.25,5397,6316,0,0,2.57,1036,41.61,0.00,0.00
2483.25,5397,6316,0,0,2.54,1036,41.61,0.00,0.00
2513.25,5397,6316,0,0,2.51,1036,41.61,0.00,0.00
2543.25,5397,6316,0,0,2.48,1036,41.61,0.00,0.00
2573.25,5397,6316,0,0,2.45,1036,41.61,0.00,0.00
2603.25,5397,6316,0,0,2.43,1036,41.61,0.00,0.00
2633.25,5397,6316,0,0,2.40,1036,41.61,0.00,0.00
2663.25,5397,6316,0,0,2.37,1036,41.61,0.00,0.00
2693.25,5397,6316,0,0,2.35,1036,41.61,0.00,0.00
2723.25,5397,6316,0,0,2.32,1036,41.61,0.00,0.00
2753.25,5397,6316,0,0,2.29,1036,41.61,0.00,0.00
2783.25,5397,6316,0,0,2.27,1036,41.61,0.00,0.00
2813.25,5397,6316,0,0,2.25,1036,41.61,0.00,0.00
2843.25,5397,6316,0,0,2.22,1036,41.61,0.00,0.00
2873.25,5397,6316,0,0,2.20,1036,41.61,0.00,0.00
2903.25,5397,6316,0,0,2.18,1036,41.61,0.00,0.00
2933.25,5397,6316,0,0,2.15,1036,41.61,0.00,0.00
2963.25,5397,6316,0,0,2.13,1036,41.61,0.00,0.00
2993.25,5397,6316,0,0,2.11,1036,41.61,0.00,0.00
3023.25,5397,6316,0,0,2.09,1036,41.61,0.00,0.00
3053.25,5397,6316,0,0,2.07,1036,41.61,0.00,0.00
3083.25,5397,6316,0,0,2.05,1036,41.61,0.00,0.00
3113.25,5397,6316,0,0,2.03,1036,41.61,0.00,0.00
3143.25,5397,6316,0,0,2.01,1036,41.61,0.00,0.00
3173.25,5397,6316,0,0,1.99,1036,41.61,0.00,0.00
3203.25,5397,6316,0,0,1.97,1036,41.61,0.00,0.00
3233.25,5397,6316,0,0,1.95,1036,41.61,0.00,0.00
3263.25,5397,6316,0,0,1.94,1036,41.61,0.00,0.00
3293.25,5397,6316,0,0,1.92,1036,41.61,0.00,0.00
3323.25,5397,6316,0,0,1.90,1036,41.61,0.00,0.00
3353.25,5397,6316,0,0,1.88,1036,41.61,0.00,0.00
3383.25,5397,6316,0,0,1.87,1036,41.61,0.00,0.00
3413.25,5397,6316,0,0,1.85,1036,41.61,0.00,0.00
3443.25,5397,6316,0,0,1.83,1036,41.61,0.00,0.00
3473.25,5397,6316,0,0,1.82,1036,41.61,0.00,0.00
3503.25,5397,6316,0,0,1.80,1036,41.61,0.00,0.00
3533.25,5397,6316,0,0,1.79,1036,41.61,0.00,0.00
3563.25,5397,6316,0,0,1.77,1036,41.61,0.00,0.00
3593.25,5397,6316,0,0,1.76,1036,41.61,0.00,0.00
3653.25,5397,6316,0,0,1.73,1036,41.61,0.00,0.00
3713.25,5397,6316,0,0,1.70,1036,41.61,0.00,0.00
3773.25,5397,6316,0,0,1.67,1036,41.61,0.00,0.00
3833.25,5397,6316,0,0,1.65,1036,41.61,0.00,0.00
3893.25,5397,6316,0,0,1.62,1036,41.61,0.00,0.00
3953.25,5397,6316,0,0,1.60,1036,41.61,0.00,0.00
4013.25,5397,6316,0,0,1.57,1036,41.61,0.00,0.00
4073.25,5397,6316,0,0,1.55,1036,41.61,0.00,0.00
4133.25,5397,6316,0,0,1.53,1036,41.61,0.00,0.00
4193.25,5397,6316,0,0,1.51,1036,41.61,0.00,0.00
4253.25,5397,6316,0,0,1.48,1036,41.61,0.00,0.00
4313.25,5397,6316,0,0,1.46,1036,41.61,0.00,0.00
4373.25,5397,6316,0,0,1.44,1036,41.61,0.00,0.00
4433.25,5397,6316,0,0,1.42,1036,41.61,0.00,0.00
4493.25,5397,6316,0,0,1.41,1036,41.61,0.00,0.00
4553.25,5397,6316,0,0,1.39,1036,41.61,0.00,0.00
4613.25,5397,6316,0,0,1.37,1036,41.61,0.00,0.00
4673.25,5397,6316,0,0,1.35,1036,41.61,0.00,0.00
4733.25,5397,6316,0,0,1.33,1036,41.61,0.00,0.00
4793.25,5397,6316,0,0,1.32,1036,41.61,0.00,0.00
4853.25,5397,6316,0,0,1.30,1036,41.61,0.00,0.00
4913.25,5397,6316,0,0,1.29,1036,41.61,0.00,0.00
4973.25,5397,6316,0,0,1.27,1036,41.61,0.00,0.00
5033.25,5397,6316,0,0,1.25,1036,41.61,0.00,0.00
5093.25,5397,6316,0,0,1.24,1036,41.61,0.00,0.00
5153.25,5397,6316,0,0,1.23,1036,41.61,0.00,0.00
5213.25,5397,6316,0,0,1.21,1036,41.61,0.00,0.00
5273.25,5397,6316,0,0,1.20,1036,41.61,0.00,0.00
5333.25,5397,6316,0,0,1.18,1036,41.61,0.00,0.00
5393.25,5397,6316,0,0,1.17,1036,41.61,0.00,0.00
5453.25,5397,6316,0,0,1.16,1036,41.61,0.00,0.00
5513.25,5397,6316,0,0,1.15,1036,41.61,0.00,0.00
5573.25,5397,6316,0,0,1.13,1036,41.61,0.00,0.00
5633.25,5397,6316,0,0,1.12,1036,41.61,0.00,0.00
5693.25,5397,6316,0,0,1.11,1036,41.61,0.00,0.00
5753.25,5397,6316,0,0,1.10,1036,41.61,0.00,0.00
5813.25,5397,6316,0,0,1.09,1036,41.61,0.00,0.00
5873.25,5397,6316,0,0,1.08,1036,41.61,0.00,0.00
5933.25,5397,6316,0,0,1.06,1036,41.61,0.00,0.00
5993.25,5397,6316,0,0,1.05,1036,41.61,0.00,0.00
6053.25,5397,6316,0,0,1.04,1036,41.61,0.00,0.00
6113.25,5397,6316,0,0,1.03,1036,41.61,0.00,0.00
6173.25,5397,6316,0,0,1.02,1036,41.61,0.00,0.00
6233.25,5397,6316,0,0,1.01,1036,41.61,0.00,0.00
6293.25,5397,6316,0,0,1.00,1036,41.61,0.00,0.00
6353.25,5397,6316,0,0,0.99,1036,41.61,0.00,0.00
6413.25,5397,6316,0,0,0.98,1036,41.61,0.00,0.00
6473.25,5397,6316,0,0,0.98,1036,41.61,0.00,0.00
6533.25,5397,6316,0,0,0.97,1036,41.61,0.00,0.00
6593.25,5397,6316,0,0,0.96,1036,41.61,0.00,0.00
6653.25,5397,6316,0,0,0.95,1036,41.61,0.00,0.00
6713.25,5397,6316,0,0,0.94,1036,41.61,0.00,0.00
6773.25,5397,6316,0,0,0.93,1036,41.61,0.00,0.00
6833.25,5397,6316,0,0,0.92,1036,41.61,0.00,0.00
6893.25,5397,6316,0,0,0.92,1036,41.61,0.00,0.00
6953.25,5397,6316,0,0,0.91,1036,41.61,0.00,0.00
7013.25,5397,6316,0,0,0.90,1036,41.61,0.00,0.00
7073.25,5397,6316,0,0,0.89,1036,41.61,0.00,0.00
7133.25,5397,6316,0,0,0.89,1036,41.61,0.00,0.00
7193.25,5397,6316,0,0,0.88,1036,41.61,0.00,0.00
7253.25,5397,6316,0,0,0.87,1036,41.61,0.00,0.00
7313.25,5397,6316,0,0,0.86,1036,41.61,0.00,0.00
7373.25,5397,6316,0,0,0.86,1036,41.61,0.00,0.00
7433.25,5397,6316,0,0,0.85,1036,41.61,0.00,0.00
7493.25,5397,6316,0,0,0.84,1036,41.61,0.00,0.00
7553.25,5397,6316,0,0,0.84,1036,41.61,0.00,0.00
7613.25,5397,6316,0,0,0.83,1036,41.61,0.00,0.00
7673.25,5397,6316,0,0,0.82,1036,41.61,0.00,0.00
7733.25,5397,6316,0,0,0.82,1036,41.61,0.00,0.00
7793.25,5397,6316,0,0,0.81,1036,41.61,0.00,0.00
7853.25,5397,6316,0,0,0.80,1036,41.61,0.00,0.00
7913.25,5397,6316,0,0,0.80,1036,41.61,0.00,0.00
7973.25,5397,6316,0,0,0.79,1036,41.61,0.00,0.00
8033.25,5397,6316,0,0,0.79,1036,41.61,0.00,0.00
8093.25,5397,6316,0,0,0.78,1036,41.61,0.00,0.00
8153.25,5397,6316,0,0,0.77,1036,41.61,0.00,0.00
8213.25,5397,6316,0,0,0.77,1036,41.61,0.00,0.00
8273.25,5397,6316,0,0,0.76,1036,41.61,0.00,0.00
8333.25,5397,6316,0,0,0.76,1036,41.61,0.00,0.00
8393.25,5397,6316,0,0,0.75,1036,41.61,0.00,0.00
8453.25,5397,6316,0,0,0.75,1036,41.61,0.00,0.00
8513.25,5397,6316,0,0,0.74,1036,41.61,0.00,0.00
8573.25,5397,6316,0,0,0.74,1036,41.61,0.00,0.00
8633.25,5397,6316,0,0,0.73,1036,41.61,0.00,0.00
8693.25,5397,6316,0,0,0.73,1036,41.61,0.00,0.00
8753.25,5397,6316,0,0,0.72,1036,41.61,0.00,0.00
8813.25,5397,6316,0,0,0.72,1036,41.61,0.00,0.00
8873.25,5397,6316,0,0,0.71,1036,41.61,0.00,0.00
8933.25,5397,6316,0,0,0.71,1036,41.61,0.00,0.00
8993.25,5397,6316,0,0,0.70,1036,41.61,0.00,0.00
9053.25,5397,6316,0,0,0.70,1036,41.61,0.00,0.00
9113.25,5397,6316,0,0,0.69,1036,41.61,0.00,0.00
9173.25,5397,6316,0,0,0.69,1036,41.61,0.00,0.00
9233.25,5397,6316,0,0,0.68,1036,41.61,0.00,0.00
9293.25,5397,6316,0,0,0.68,1036,41.61,0.00,0.00
9353.25,5397,6316,0,0,0.68,1036,41.61,0.00,0.00
9413.25,5397,6316,0,0,0.67,1036,41.61,0.00,0.00
9473.25,5397,6316,0,0,0.67,1036,41.61,0.00,0.00
9533.25,5397,6316,0,0,0.66,1036,41.61,0.00,0.00
9593.25,5397,6316,0,0,0.66,1036,41.61,0.00,0.00
9653.25,5397,6316,0,0,0.65,1036,41.61,0.00,0.00
9713.25,5397,6316,0,0,0.65,1036,41.61,0.00,0.00
9773.25,5397,6316,0,0,0.65,1036,41.61,0.00,0.00
9833.25,5397,6316,0,0,0.64,1036,41.61,0.00,0.00
9893.25,5397,6316,0,0,0.64,1036,41.61,0.00,0.00
9953.25,5397,6316,0,0,0.63,1036,41.61,0.00,0.00
10013.25,5397,6316,0,0,0.63,1036,41.61,0.00,0.00
10073.25,5397,6316,0,0,0.63,1036,41.61,0.00,0.00
10133.25,5397,6316,0,0,0.62,1036,41.61,0.00,0.00
10193.25,5397,6316,0,0,0.62,1036,41.61,0.00,0.00
10253.25,5397,6316,0,0,0.62,1036,41.61,0.00,0.00
10313.25,5397,6316,0,0,0.61,1036,41.61,0.00,0.00
10373.25,5397,6316,0,0,0.61,1036,41.61,0.00,0.00
10433.25,5397,6316,0,0,0.61,1036,41.61,0.00,0.00
10493.25,5397,6316,0,0,0.60,1036,41.61,0.00,0.00
10553.25,5397,6316,0,0,0.60,1036,41.61,0.00,0.00
10613.25,5397,6316,0,0,0.60,1036,41.61,0.00,0.00
10673.25,5397,6316,0,0,0.59,1036,41.61,0.00,0.00
10733.25,5397,6316,0,0,0.59,1036,41.61,0.00,0.00
10793.25,5397,6316,0,0,0.59,1036,41.61,0.00,0.00
10853.25,5397,6316,0,0,0.58,1036,41.61,0.00,0.00
10913.25,5397,6316,0,0,0.58,1036,41.61,0.00,0.00
10973.25,5397,6316,0,0,0.58,1036,41.61,0.00,0.00
11033.25,5397,6316,0,0,0.57,1036,41.61,0.00,0.00
11093.25,5397,6316,0,0,0.57,1036,41.61,0.00,0.00
11153.25,5397,6316,0,0,0.57,1036,41.61,0.00,0.00
11213.25,5397,6316,0,0,0.56,1036,41.61,0.00,0.00
11273.25,5397,6316,0,0,0.56,1036,41.61,0.00,0.00
11333.25,5397,6316,0,0,0.56,1036,41.61,0.00,0.00
11393.25,5397,6316,0,0,0.55,1036,41.61,0.00,0.00
11453.25,5397,6316,0,0,0.55,1036,41.61,0.00,0.00
11513.25,5397,6316,0,0,0.55,1036,41.61,0.00,0.00
11573.25,5397,6316,0,0,0.55,1036,41.61,0.00,0.00
11633.25,5397,6316,0,0,0.54,1036,41.61,0.00,0.00
11693.25,5397,6316,0,0,0.54,1036,41.61,0.00,0.00
11753.25,5397,6316,0,0,0.54,1036,41.61,0.00,0.00
11813.25,5397,6316,0,0,0.53,1036,41.61,0.00,0.00
11873.25,5397,6316,0,0,0.53,1036,41.61,0.00,0.00
11933.25,5397,6316,0,0,0.53,1036,41.61,0.00,0.00
11993.25,5397,6316,0,0,0.53,1036,41.61,0.00,0.00
12053.25,5397,6316,0,0,0.52,1036,41.61,0.00,0.00
12113.25,5397,6316,0,0,0.52,1036,41.61,0.00,0.00
12173.25,5397,6316,0,0,0.52,1036,41.61,0.00,0.00
12233.25,5397,6316,0,0,0.52,1036,41.61,0.00,0.00
12293.25,5397,6316,0,0,0.51,1036,41.61,0.00,0.00
12353.25,5397,6316,0,0,0.51,1036,41.61,0.00,0.00
12413.25,5397,6316,0,0,0.51,1036,41.61,0.00,0.00
12473.25,5397,6316,0,0,0.51,1036,41.61,0.00,0.00
12533.25,5397,6316,0,0,0.50,1036,41.61,0.00,0.00
12593.25,5397,6316,0,0,0.50,1036,41.61,0.00,0.00
12653.25,5397,6316,0,0,0.50,1036,41.61,0.00,0.00
12713.25,5397,6316,0,0,0.50,1036,41.61,0.00,0.00
12773.25,5397,6316,0,0,0.49,1036,41.61,0.00,0.00
12833.25,5397,6316,0,0,0.49,1036,41.61,0.00,0.00
12893.25,5397,6316,0,0,0.49,1036,41.61,0.00,0.00
12953.25,5397,6316,0,0,0.49,1036,41.61,0.00,0.00
13013.25,5397,6316,0,0,0.49,1036,41.61,0.00,0.00
13073.25,5397,6316,0,0,0.48,1036,41.61,0.00,0.00
13133.25,5397,6316,0,0,0.48,1036,41.61,0.00,0.00
13193.25,5397,6316,0,0,0.48,1036,41.61,0.00,0.00
13253.25,5397,6316,0,0,0.48,1036,41.61,0.00,0.00
13313.25,5397,6316,0,0,0.47,1036,41.61,0.00,0.00
13373.25,5397,6316,0,0,0.47,1036,41.61,0.00,0.00
13433.25,5397,6316,0,0,0.47,1036,41.61,0.00,0.00
13493.25,5397,6316,0,0,0.47,1036,41.61,0.00,0.00
13553.25,5397,6316,0,0,0.47,1036,41.61,0.00,0.00
13613.25,5397,6316,0,0,0.46,1036,41.61,0.00,0.00
13673.25,5397,6316,0,0,0.46,1036,41.61,0.00,0.00
13733.25,5397,6316,0,0,0.46,1036,41.61,0.00,0.00
13793.25,5397,6316,0,0,0.46,1036,41.61,0.00,0.00
13853.25,5397,6316,0,0,0.46,1036,41.61,0.00,0.00
13913.25,5397,6316,0,0,0.45,1036,41.61,0.00,0.00
13973.25,5397,6316,0,0,0.45,1036,41.61,0.00,0.00
14033.25,5397,6316,0,0,0.45,1036,41.61,0.00,0.00
14093.25,5397,6316,0,0,0.45,1036,41.61,0.00,0.00
14153.25,5397,6316,0,0,0.45,1036,41.61,0.00,0.00
14213.25,5397,6316,0,0,0.44,1036,41.61,0.00,0.00
14273.25,5397,6316,0,0,0.44,1036,41.61,0.00,0.00
14333.25,5397,6316,0,0,0.44,1036,41.61,0.00,0.00
14393.25,5397,6316,0,0,0.44,1036,41.61,0.00,0.00
14453.25,5397,6316,0,0,0.44,1036,41.61,0.00,0.00
14513.25,5397,6316,0,0,0.44,1036,41.61,0.00,0.00
14573.25,5397,6316,0,0,0.43,1036,41.61,0.00,0.00
14633.25,5397,6316,0,0,0.43,1036,41.61,0.00,0.00
14693.25,5397,6316,0,0,0.43,1036,41.61,0.00,0.00
14753.26,5397,6316,0,0,0.43,1036,41.61,0.00,0.00
14813.26,5397,6316,0,0,0.43,1036,41.61,0.00,0.00
14873.26,5397,6316,0,0,0.42,1036,41.61,0.00,0.00
14933.26,5397,6316,0,0,0.42,1036,41.61,0.00,0.00
14993.26,5397,6316,0,0,0.42,1036,41.61,0.00,0.00
15053.26,5397,6316,0,0,0.42,1036,41.61,0.00,0.00
15113.26,5397,6316,0,0,0.42,1036,41.61,0.00,0.00
15173.26,5397,6316,0,0,0.42,1036,41.61,0.00,0.00
15233.26,5397,6316,0,0,0.41,1036,41.61,0.00,0.00
15293.26,5397,6316,0,0,0.41,1036,41.61,0.00,0.00
15353.26,5397,6316,0,0,0.41,1036,41.61,0.00,0.00
15413.26,5397,6316,0,0,0.41,1036,41.61,0.00,0.00
15473.26,5397,6316,0,0,0.41,1036,41.61,0.00,0.00
15533.26,5397,6316,0,0,0.41,1036,41.61,0.00,0.00
15593.26,5397,6316,0,0,0.41,1036,41.61,0.00,0.00
15653.26,5397,6316,0,0,0.40,1036,41.61,0.00,0.00
15713.26,5397,6316,0,0,0.40,1036,41.61,0.00,0.00
15773.26,5397,6316,0,0,0.40,1036,41.61,0.00,0.00
15833.26,5397,6316,0,0,0.40,1036,41.61,0.00,0.00
15893.26,5397,6316,0,0,0.40,1036,41.61,0.00,0.00
15953.26,5397,6316,0,0,0.40,1036,41.61,0.00,0.00
16013.26,5397,6316,0,0,0.39,1036,41.61,0.00,0.00
16073.26,5397,6316,0,0,0.39,1036,41.61,0.00,0.00
16133.26,5397,6316,0,0,0.39,1036,41.61,0.00,0.00
16193.26,5397,6316,0,0,0.39,1036,41.61,0.00,0.00
16253.26,5397,6316,0,0,0.39,1036,41.61,0.00,0.00
16313.26,5397,6316,0,0,0.39,1036,41.61,0.00,0.00
16373.26,5397,6316,0,0,0.39,1036,41.61,0.00,0.00
16433.26,5397,6316,0,0,0.38,1036,41.61,0.00,0.00
16493.26,5397,6316,0,0,0.38,1036,41.61,0.00,0.00
16553.26,5397,6316,0,0,0.38,1036,41.61,0.00,0.00
16613.26,5397,6316,0,0,0.38,1036,41.61,0.00,0.00
16673.26,5397,6316,0,0,0.38,1036,41.61,0.00,0.00
16733.26,5397,6316,0,0,0.38,1036,41.61,0.00,0.00
16793.26,5397,6316,0,0,0.38,1036,41.61,0.00,0.00
16853.26,5397,6316,0,0,0.37,1036,41.61,0.00,0.00
16913.26,5397,6316,0,0,0.37,1036,41.61,0.00,0.00
16973.26,5397,6316,0,0,0.37,1036,41.61,0.00,0.00
17033.26,5397,6316,0,0,0.37,1036,41.61,0.00,0.00
17093.26,5397,6316,0,0,0.37,1036,41.61,0.00,0.00
17153.26,5397,6316,0,0,0.37,1036,41.61,0.00,0.00
17213.26,5397,6316,0,0,0.37,1036,41.61,0.00,0.00
17273.26,5397,6316,0,0,0.37,1036,41.61,0.00,0.00
17333.26,5397,6316,0,0,0.36,1036,41.61,0.00,0.00
17393.26,5397,6316,0,0,0.36,1036,41.61,0.00,0.00
17453.26,5397,6316,0,0,0.36,1036,41.61,0.00,0.00
17513.26,5397,6316,0,0,0.36,1036,41.61,0.00,0.00
17573.26,5397,6316,0,0,0.36,1036,41.61,0.00,0.00
17633.26,5397,6316,0,0,0.36,1036,41.61,0.00,0.00
17693.26,5397,6316,0,0,0.36,1036,41.61,0.00,0.00
17753.26,5397,6316,0,0,0.36,1036,41.61,0.00,0.00
17813.26,5397,6316,0,0,0.35,1036,41.61,0.00,0.00
17873.26,5397,6316,0,0,0.35,1036,41.61,0.00,0.00
17933.26,5397,6316,0,0,0.35,1036,41.61,0.00,0.00
17993.26,5397,6316,0,0,0.35,1036,41.61,0.00,0.00
18053.26,5397,6316,0,0,0.35,1036,41.61,0.00,0.00
18113.26,5397,6316,0,0,0.35,1036,41.61,0.00,0.00
18173.26,5397,6316,0,0,0.35,1036,41.61,0.00,0.00
18233.26,5397,6316,0,0,0.35,1036,41.61,0.00,0.00
18293.26,5397,6316,0,0,0.35,1036,41.61,0.00,0.00
18353.26,5397,6316,0,0,0.34,1036,41.61,0.00,0.00
18413.26,5397,6316,0,0,0.34,1036,41.61,0.00,0.00
18473.26,5397,6316,0,0,0.34,1036,41.61,0.00,0.00
18533.26,5397,6316,0,0,0.34,1036,41.61,0.00,0.00
18593.26,5397,6316,0,0,0.34,1036,41.61,0.00,0.00
18653.26,5397,6316,0,0,0.34,1036,41.61,0.00,0.00
18713.26,5397,6316,0,0,0.34,1036,41.61,0.00,0.00
18773.26,5397,6316,0,0,0.34,1036,41.61,0.00,0.00
18833.26,5397,6316,0,0,0.34,1036,41.61,0.00,0.00
18893.26,5397,6316,0,0,0.33,1036,41.61,0.00,0.00
18953.26,5397,6316,0,0,0.33,1036,41.61,0.00,0.00
19013.26,5397,6316,0,0,0.33,1036,41.61,0.00,0.00
19073.26,5397,6316,0,0,0.33,1036,41.61,0.00,0.00
19133.26,5397,6316,0,0,0.33,1036,41.61,0.00,0.00
19193.26,5397,6316,0,0,0.33,1036,41.61,0.00,0.00
19253.26,5397,6316,0,0,0.33,1036,41.61,0.00,0.00
19313.26,5397,6316,0,0,0.33,1036,41.61,0.00,0.00
19373.26,5397,6316,0,0,0.33,1036,41.61,0.00,0.00
19433.26,5397,6316,0,0,0.33,1036,41.61,0.00,0.00
19493.26,5397,6316,0,0,0.32,1036,41.61,0.00,0.00
19553.26,5397,6316,0,0,0.32,1036,41.61,0.00,0.00
19613.26,5397,6316,0,0,0.32,1036,41.61,0.00,0.00
19673.26,5397,6316,0,0,0.32,1036,41.61,0.00,0.00
19733.26,5397,6316,0,0,0.32,1036,41.61,0.00,0.00
19793.26,5397,6316,0,0,0.32,1036,41.61,0.00,0.00
19853.26,5397,6316,0,0,0.32,1036,41.61,0.00,0.00
19913.26,5397,6316,0,0,0.32,1036,41.61,0.00,0.00
19973.26,5397,6316,0,0,0.32,1036,41.61,0.00,0.00
20033.26,5397,6316,0,0,0.32,1036,41.61,0.00,0.00
20093.26,5397,6316,0,0,0.31,1036,41.61,0.00,0.00
20153.26,5397,6316,0,0,0.31,1036,41.61,0.00,0.00
20213.26,5397,6316,0,0,0.31,1036,41.61,0.00,0.00
20273.26,5397,6316,0,0,0.31,1036,41.61,0.00,0.00
20333.26,5397,6316,0,0,0.31,1036,41.61,0.00,0.00
20393.26,5397,6316,0,0,0.31,1036,41.61,0.00,0.00
20453.26,5397,6316,0,0,0.31,1036,41.61,0.00,0.00
20513.26,5397,6316,0,0,0.31,1036,41.61,0.00,0.00
20573.26,5397,6316,0,0,0.31,1036,41.61,0.00,0.00
20633.26,5397,6316,0,0,0.31,1036,41.61,0.00,0.00
20693.26,5397,6316,0,0,0.31,1036,41.61,0.00,0.00
20753.26,5397,6316,0,0,0.30,1036,41.61,0.00,0.00
20813.26,5397,6316,0,0,0.30,1036,41.61,0.00,0.00
20873.26,5397,6316,0,0,0.30,1036,41.61,0.00,0.00
20933.26,5397,6316,0,0,0.30,1036,41.61,0.00,0.00
20993.26,5397,6316,0,0,0.30,1036,41.61,0.00,0.00
21053.26,5397,6316,0,0,0.30,1036,41.61,0.00,0.00
21113.26,5397,6316,0,0,0.30,1036,41.61,0.00,0.00
21173.26,5397,6316,0,0,0.30,1036,41.61,0.00,0.00
21233.26,5397,6316,0,0,0.30,1036,41.61,0.00,0.00
21293.26,5397,6316,0,0,0.30,1036,41.61,0.00,0.00
21353.26,5397,6316,0,0,0.30,1036,41.61,0.00,0.00
21413.26,5397,6316,0,0,0.29,1036,41.61,0.00,0.00
21473.26,5397,6316,0,0,0.29,1036,41.61,0.00,0.00
21533.26,5397,6316,0,0,0.29,1036,41.61,0.00,0.00
21593.26,5397,6316,0,0,0.29,1036,41.61,0.00,0.00
21653.26,5397,6316,0,0,0.29,1036,41.61,0.00,0.00
21713.26,5397,6316,0,0,0.29,1036,41.61,0.00,0.00
21773.26,5397,6316,0,0,0.29,1036,41.61,0.00,0.00
21833.26,5397,6316,0,0,0.29,1036,41.61,0.00,0.00
21893.26,5397,6316,0,0,0.29,1036,41.61,0.00,0.00
21953.26,5397,6316,0,0,0.29,1036,41.61,0.00,0.00
22013.26,5397,6316,0,0,0.29,1036,41.61,0.00,0.00
22073.26,5397,6316,0,0,0.29,1036,41.61,0.00,0.00
22133.26,5397,6316,0,0,0.29,1036,41.61,0.00,0.00
22193.26,5397,6316,0,0,0.28,1036,41.61,0.00,0.00
22253.26,5397,6316,0,0,0.28,1036,41.61,0.00,0.00
22313.26,5397,6316,0,0,0.28,1036,41.61,0.00,0.00
22373.26,5397,6316,0,0,0.28,1036,41.61,0.00,0.00
22433.26,5397,6316,0,0,0.28,1036,41.61,0.00,0.00
22493.26,5397,6316,0,0,0.28,1036,41.61,0.00,0.00
22553.26,5397,6316,0,0,0.28,1036,41.61,0.00,0.00
22613.26,5397,6316,0,0,0.28,1036,41.61,0.00,0.00
22673.26,5397,6316,0,0,0.28,1036,41.61,0.00,0.00
22733.26,5397,6316,0,0,0.28,1036,41.61,0.00,0.00
22793.26,5397,6316,0,0,0.28,1036,41.61,0.00,0.00
22853.26,5397,6316,0,0,0.28,1036,41.61,0.00,0.00
22913.26,5397,6316,0,0,0.28,1036,41.61,0.00,0.00
22973.26,5397,6316,0,0,0.27,1036,41.61,0.00,0.00
23033.26,5397,6316,0,0,0.27,1036,41.61,0.00,0.00
23093.26,5397,6316,0,0,0.27,1036,41.61,0.00,0.00
23153.26,5397,6316,0,0,0.27,1036,41.61,0.00,0.00
23213.26,5397,6316,0,0,0.27,1036,41.61,0.00,0.00
23273.26,5397,6316,0,0,0.27,1036,41.61,0.00,0.00
23333.26,5397,6316,0,0,0.27,1036,41.61,0.00,0.00
23393.26,5397,6316,0,0,0.27,1036,41.61,0.00,0.00
23453.26,5397,6316,0,0,0.27,1036,41.61,0.00,0.00
23513.26,5397,6316,0,0,0.27,1036,41.61,0.00,0.00
23573.26,5397,6316,0,0,0.27,1036,41.61,0.00,0.00
23633.26,5397,6316,0,0,0.27,1036,41.61,0.00,0.00
23693.26,5397,6316,0,0,0.27,1036,41.61,0.00,0.00
23753.26,5397,6316,0,0,0.27,1036,41.61,0.00,0.00
23813.26,5397,6316,0,0,0.27,1036,41.61,0.00,0.00
23873.26,5397,6316,0,0,0.26,1036,41.61,0.00,0.00
23933.26,5397,6316,0,0,0.26,1036,41.61,0.00,0.00
23993.26,5397,6316,0,0,0.26,1036,41.61,0.00,0.00
24053.26,5397,6316,0,0,0.26,1036,41.61,0.00,0.00
24113.26,5397,6316,0,0,0.26,1036,41.61,0.00,0.00
24173.26,5397,6316,0,0,0.26,1036,41.61,0.00,0.00
24233.26,5397,6316,0,0,0.26,1036,41.61,0.00,0.00
24293.26,5397,6316,0,0,0.26,1036,41.61,0.00,0.00
24353.26,5397,6316,0,0,0.26,1036,41.61,0.00,0.00
24413.26,5397,6316,0,0,0.26,1036,41.61,0.00,0.00
24473.26,5397,6316,0,0,0.26,1036,41.61,0.00,0.00
24533.26,5397,6316,0,0,0.26,1036,41.61,0.00,0.00
24593.26,5397,6316,0,0,0.26,1036,41.61,0.00,0.00
24653.26,5397,6316,0,0,0.26,1036,41.61,0.00,0.00
24713.26,5397,6316,0,0,0.26,1036,41.61,0.00,0.00
24773.26,5397,6316,0,0,0.25,1036,41.61,0.00,0.00
24833.26,5397,6316,0,0,0.25,1036,41.61,0.00,0.00
24893.26,5397,6316,0,0,0.25,1036,41.61,0.00,0.00
24953.26,5397,6316,0,0,0.25,1036,41.61,0.00,0.00
25013.26,5397,6316,0,0,0.25,1036,41.61,0.00,0.00
25073.26,5397,6316,0,0,0.25,1036,41.61,0.00,0.00
25133.26,5397,6316,0,0,0.25,1036,41.61,0.00,0.00
25193.26,5397,6316,0,0,0.25,1036,41.61,0.00,0.00
25253.26,5397,6316,0,0,0.25,1036,41.61,0.00,0.00
25313.26,5397,6316,0,0,0.25,1036,41.61,0.00,0.00
25373.26,5397,6316,0,0,0.25,1036,41.61,0.00,0.00
25433.26,5397,6316,0,0,0.25,1036,41.61,0.00,0.00
25493.26,5397,6316,0,0,0.25,1036,41.61,0.00,0.00
25553.26,5397,6316,0,0,0.25,1036,41.61,0.00,0.00
25613.26,5397,6316,0,0,0.25,1036,41.61,0.00,0.00
25673.26,5397,6316,0,0,0.25,1036,41.61,0.00,0.00
25733.26,5397,6316,0,0,0.25,1036,41.61,0.00,0.00
25793.26,5397,6316,0,0,0.24,1036,41.61,0.00,0.00
25853.26,5397,6316,0,0,0.24,1036,41.61,0.00,0.00
25913.26,5397,6316,0,0,0.24,1036,41.61,0.00,0.00
25973.26,5397,6316,0,0,0.24,1036,41.61,0.00,0.00
26033.26,5397,6316,0,0,0.24,1036,41.61,0.00,0.00
26093.26,5397,6316,0,0,0.24,1036,41.61,0.00,0.00
26153.26,5397,6316,0,0,0.24,1036,41.61,0.00,0.00
26213.26,5397,6316,0,0,0.24,1036,41.61,0.00,0.00
26273.26,5397,6316,0,0,0.24,1036,41.61,0.00,0.00
26333.26,5397,6316,0,0,0.24,1036,41.61,0.00,0.00
26393.26,5397,6316,0,0,0.24,1036,41.61,0.00,0.00
26453.26,5397,6316,0,0,0.24,1036,41.61,0.00,0.00
26513.26,5397,6316,0,0,0.24,1036,41.61,0.00,0.00
26573.26,5397,6316,0,0,0.24,1036,41.61,0.00,0.00
26633.26,5397,6316,0,0,0.24,1036,41.61,0.00,0.00
26693.26,5397,6316,0,0,0.24,1036,41.61,0.00,0.00
26753.26,5397,6316,0,0,0.24,1036,41.61,0.00,0.00
26813.26,5397,6316,0,0,0.24,1036,41.61,0.00,0.00
26873.26,5397,6316,0,0,0.24,1036,41.61,0.00,0.00
26933.26,5397,6316,0,0,0.23,1036,41.61,0.00,0.00
26993.26,5397,6316,0,0,0.23,1036,41.61,0.00,0.00
27053.26,5397,6316,0,0,0.23,1036,41.61,0.00,0.00
27113.26,5397,6316,0,0,0.23,1036,41.61,0.00,0.00
27173.26,5397,6316,0,0,0.23,1036,41.61,0.00,0.00
27233.26,5397,6316,0,0,0.23,1036,41.61,0.00,0.00
27293.26,5397,6316,0,0,0.23,1036,41.61,0.00,0.00
27353.26,5397,6316,0,0,0.23,1036,41.61,0.00,0.00
27413.26,5397,6316,0,0,0.23,1036,41.61,0.00,0.00
27473.26,5397,6316,0,0,0.23,1036,41.61,0.00,0.00
27533.26,5397,6316,0,0,0.23,1036,41.61,0.00,0.00
27593.26,5397,6316,0,0,0.23,1036,41.61,0.00,0.00
27653.26,5397,6316,0,0,0.23,1036,41.61,0.00,0.00
27713.26,5397,6316,0,0,0.23,1036,41.61,0.00,0.00
27773.26,5397,6316,0,0,0.23,1036,41.61,0.00,0.00
27833.26,5397,6316,0,0,0.23,1036,41.61,0.00,0.00
27893.26,5397,6316,0,0,0.23,1036,41.61,0.00,0.00
27953.26,5397,6316,0,0,0.23,1036,41.61,0.00,0.00
28013.26,5397,6316,0,0,0.23,1036,41.61,0.00,0.00
28073.26,5397,6316,0,0,0.22,1036,41.61,0.00,0.00
28133.26,5397,6316,0,0,0.22,1036,41.61,0.00,0.00
28193.26,5397,6316,0,0,0.22,1036,41.61,0.00,0.00
28253.26,5397,6316,0,0,0.22,1036,41.61,0.00,0.00
28313.26,5397,6316,0,0,0.22,1036,41.61,0.00,0.00
28373.26,5397,6316,0,0,0.22,1036,41.61,0.00,0.00
28433.26,5397,6316,0,0,0.22,1036,41.61,0.00,0.00
28493.26,5397,6316,0,0,0.22,1036,41.61,0.00,0.00
28553.26,5397,6316,0,0,0.22,1036,41.61,0.00,0.00
28613.26,5397,6316,0,0,0.22,1036,41.61,0.00,0.00
28673.26,5397,6316,0,0,0.22,1036,41.61,0.00,0.00
28733.26,5397,6316,0,0,0.22,1036,41.61,0.00,0.00
28793.26,5397,6316,0,0,0.22,1036,41.61,0.00,0.00
28853.26,5397,6316,0,0,0.22,1036,41.61,0.00,0.00
28913.26,5397,6316,0,0,0.22,1036,41.61,0.00,0.00
28973.26,5397,6316,0,0,0.22,1036,41.61,0.00,0.00
29033.26,5397,6316,0,0,0.22,1036,41.61,0.00,0.00
29093.26,5397,6316,0,0,0.22,1036,41.61,0.00,0.00
29153.26,5397,6316,0,0,0.22,1036,41.61,0.00,0.00
29213.26,5397,6316,0,0,0.22,1036,41.61,0.00,0.00
29273.26,5397,6316,0,0,0.22,1036,41.61,0.00,0.00
29333.26,5397,6316,0,0,0.22,1036,41.61,0.00,0.00
29393.26,5397,6316,0,0,0.21,1036,41.61,0.00,0.00
29453.26,5397,6316,0,0,0.21,1036,41.61,0.00,0.00
29513.26,5397,6316,0,0,0.21,1036,41.61,0.00,0.00
29573.26,5397,6316,0,0,0.21,1036,41.61,0.00,0.00
29633.26,5397,6316,0,0,0.21,1036,41.61,0.00,0.00
29693.26,5397,6316,0,0,0.21,1036,41.61,0.00,0.00
29753.26,5397,6316,0,0,0.21,1036,41.61,0.00,0.00
29813.26,5397,6316,0,0,0.21,1036,41.61,0.00,0.00
29873.26,5397,6316,0,0,0.21,1036,41.61,0.00,0.00
29933.26,5397,6316,0,0,0.21,1036,41.61,0.00,0.00
29993.26,5397,6316,0,0,0.21,1036,41.61,0.00,0.00
30053.26,5397,6316,0,0,0.21,1036,41.61,0.00,0.00
30113.26,5397,6316,0,0,0.21,1036,41.61,0.00,0.00
30173.26,5397,6316,0,0,0.21,1036,41.61,0.00,0.00
30233.26,5397,6316,0,0,0.21,1036,41.61,0.00,0.00
30293.26,5397,6316,0,0,0.21,1036,41.61,0.00,0.00
30353.26,5397,6316,0,0,0.21,1036,41.61,0.00,0.00
30413.26,5397,6316,0,0,0.21,1036,41.61,0.00,0.00
30473.26,5397,6316,0,0,0.21,1036,41.61,0.00,0.00
30533.26,5397,6316,0,0,0.21,1036,41.61,0.00,0.00
30593.26,5397,6316,0,0,0.21,1036,41.61,0.00,0.00
30653.26,5397,6316,0,0,0.21,1036,41.61,0.00,0.00
30713.26,5397,6316,0,0,0.21,1036,41.61,0.00,0.00
30773.26,5397,6316,0,0,0.21,1036,41.61,0.00,0.00
30833.26,5397,6316,0,0,0.20,1036,41.61,0.00,0.00
30893.26,5397,6316,0,0,0.20,1036,41.61,0.00,0.00
30953.26,5397,6316,0,0,0.20,1036,41.61,0.00,0.00
31013.26,5397,6316,0,0,0.20,1036,41.61,0.00,0.00
31073.26,5397,6316,0,0,0.20,1036,41.61,0.00,0.00
31133.26,5397,6316,0,0,0.20,1036,41.61,0.00,0.00
31193.26,5397,6316,0,0,0.20,1036,41.61,0.00,0.00
31253.26,5397,6316,0,0,0.20,1036,41.61,0.00,0.00
31313.26,5397,6316,0,0,0.20,1036,41.61,0.00,0.00
31373.26,5397,6316,0,0,0.20,1036,41.61,0.00,0.00
31433.26,5397,6316,0,0,0.20,1036,41.61,0.00,0.00
31493.26,5397,6316,0,0,0.20,1036,41.61,0.00,0.00
31553.26,5397,6316,0,0,0.20,1036,41.61,0.00,0.00
31613.26,5397,6316,0,0,0.20,1036,41.61,0.00,0.00
31673.26,5397,6316,0,0,0.20,1036,41.61,0.00,0.00
31733.26,5397,6316,0,0,0.20,1036,41.61,0.00,0.00
31793.26,5397,6316,0,0,0.20,1036,41.61,0.00,0.00
31853.26,5397,6316,0,0,0.20,1036,41.61,0.00,0.00
31913.26,5397,6316,0,0,0.20,1036,41.61,0.00,0.00
31973.26,5397,6316,0,0,0.20,1036,41.61,0.00,0.00
32033.26,5397,6316,0,0,0.20,1036,41.61,0.00,0.00
32093.26,5397,6316,0,0,0.20,1036,41.61,0.00,0.00
32153.26,5397,6316,0,0,0.20,1036,41.61,0.00,0.00
32213.26,5397,6316,0,0,0.20,1036,41.61,0.00,0.00
32273.26,5397,6316,0,0,0.20,1036,41.61,0.00,0.00
32333.26,5397,6316,0,0,0.20,1036,41.61,0.00,0.00
32393.26,5397,6316,0,0,0.19,1036,41.61,0.00,0.00
32453.26,5397,6316,0,0,0.19,1036,41.61,0.00,0.00
32513.26,5397,6316,0,0,0.19,1036,41.61,0.00,0.00
32573.26,5397,6316,0,0,0.19,1036,41.61,0.00,0.00
32633.26,5397,6316,0,0,0.19,1036,41.61,0.00,0.00
32693.26,5397,6316,0,0,0.19,1036,41.61,0.00,0.00
32753.26,5397,6316,0,0,0.19,1036,41.61,0.00,0.00
32813.26,5397,6316,0,0,0.19,1036,41.61,0.00,0.00
32873.26,5397,6316,0,0,0.19,1036,41.61,0.00,0.00
32933.26,5397,6316,0,0,0.19,1036,41.61,0.00,0.00
32993.26,5397,6316,0,0,0.19,1036,41.61,0.00,0.00
33053.26,5397,6316,0,0,0.19,1036,41.61,0.00,0.00
33113.26,5397,6316,0,0,0.19,1036,41.61,0.00,0.00
33173.26,5397,6316,0,0,0.19,1036,41.61,0.00,0.00
33233.26,5397,6316,0,0,0.19,1036,41.61,0.00,0.00
33293.26,5397,6316,0,0,0.19,1036,41.61,0.00,0.00
33353.26,5397,6316,0,0,0.19,1036,41.61,0.00,0.00
33413.26,5397,6316,0,0,0.19,1036,41.61,0.00,0.00
33473.26,5397,6316,0,0,0.19,1036,41.61,0.00,0.00
33533.26,5397,6316,0,0,0.19,1036,41.61,0.00,0.00
33593.26,5397,6316,0,0,0.19,1036,41.61,0.00,0.00
33653.26,5397,6316,0,0,0.19,1036,41.61,0.00,0.00
33713.26,5397,6316,0,0,0.19,1036,41.61,0.00,0.00
33773.26,5397,6316,0,0,0.19,1036,41.61,0.00,0.00
33833.26,5397,6316,0,0,0.19,1036,41.61,0.00,0.00
33893.26,5397,6316,0,0,0.19,1036,41.61,0.00,0.00
33953.26,5397,6316,0,0,0.19,1036,41.61,0.00,0.00
34013.26,5397,6316,0,0,0.19,1036,41.61,0.00,0.00
34073.26,5397,6316,0,0,0.19,1036,41.61,0.00,0.00
34133.26,5397,6316,0,0,0.19,1036,41.61,0.00,0.00
34193.26,5397,6316,0,0,0.18,1036,41.61,0.00,0.00
34253.26,5397,6316,0,0,0.18,1036,41.61,0.00,0.00
34313.26,5397,6316,0,0,0.18,1036,41.61,0.00,0.00
34373.26,5397,6316,0,0,0.18,1036,41.61,0.00,0.00
34433.26,5397,6316,0,0,0.18,1036,41.61,0.00,0.00
34493.26,5397,6316,0,0,0.18,1036,41.61,0.00,0.00
34553.26,5397,6316,0,0,0.18,1036,41.61,0.00,0.00
34613.26,5397,6316,0,0,0.18,1036,41.61,0.00,0.00
34673.26,5397,6316,0,0,0.18,1036,41.61,0.00,0.00
34733.26,5397,6316,0,0,0.18,1036,41.61,0.00,0.00
34793.26,5397,6316,0,0,0.18,1036,41.61,0.00,0.00
34853.26,5397,6316,0,0,0.18,1036,41.61,0.00,0.00
34913.26,5397,6316,0,0,0.18,1036,41.61,0.00,0.00
34973.26,5397,6316,0,0,0.18,1036,41.61,0.00,0.00
35033.26,5397,6316,0,0,0.18,1036,41.61,0.00,0.00
35093.26,5397,6316,0,0,0.18,1036,41.61,0.00,0.00
35153.26,5397,6316,0,0,0.18,1036,41.61,0.00,0.00
35213.26,5397,6316,0,0,0.18,1036,41.61,0.00,0.00
35273.26,5397,6316,0,0,0.18,1036,41.61,0.00,0.00
35333.26,5397,6316,0,0,0.18,1036,41.61,0.00,0.00
35393.26,5397,6316,0,0,0.18,1036,41.61,0.00,0.00
35453.26,5397,6316,0,0,0.18,1036,41.61,0.00,0.00
35513.26,5397,6316,0,0,0.18,1036,41.61,0.00,0.00
35573.26,5397,6316,0,0,0.18,1036,41.61,0.00,0.00
35633.26,5397,6316,0,0,0.18,1036,41.61,0.00,0.00
35693.26,5397,6316,0,0,0.18,1036,41.61,0.00,0.00
35753.26,5397,6316,0,0,0.18,1036,41.61,0.00,0.00
35813.26,5397,6316,0,0,0.18,1036,41.61,0.00,0.00
35873.26,5397,6316,0,0,0.18,1036,41.61,0.00,0.00
35933.26,5397,6316,0,0,0.18,1036,41.61,0.00,0.00
35993.26,5397,6316,0,0,0.18,1036,41.61,0.00,0.00
36053.26,5397,6316,0,0,0.18,1036,41.61,0.00,0.00
36113.26,5397,6316,0,0,0.17,1036,41.61,0.00,0.00
36173.26,5397,6316,0,0,0.17,1036,41.61,0.00,0.00
36233.26,5397,6316,0,0,0.17,1036,41.61,0.00,0.00
36293.26,5397,6316,0,0,0.17,1036,41.61,0.00,0.00
36353.26,5397,6316,0,0,0.17,1036,41.61,0.00,0.00
36413.26,5397,6316,0,0,0.17,1036,41.61,0.00,0.00
36473.26,5397,6316,0,0,0.17,1036,41.61,0.00,0.00
36533.26,5397,6316,0,0,0.17,1036,41.61,0.00,0.00
36593.26,5397,6316,0,0,0.17,1036,41.61,0.00,0.00
36653.26,5397,6316,0,0,0.17,1036,41.61,0.00,0.00
36713.26,5397,6316,0,0,0.17,1036,41.61,0.00,0.00
36773.26,5397,6316,0,0,0.17,1036,41.61,0.00,0.00
36833.26,5397,6316,0,0,0.17,1036,41.61,0.00,0.00
36893.26,5397,6316,0,0,0.17,1036,41.61,0.00,0.00
36953.26,5397,6316,0,0,0.17,1036,41.61,0.00,0.00
37013.26,5397,6316,0,0,0.17,1036,41.61,0.00,0.00
37073.26,5397,6316,0,0,0.17,1036,41.61,0.00,0.00
37133.26,5397,6316,0,0,0.17,1036,41.61,0.00,0.00
37193.26,5397,6316,0,0,0.17,1036,41.61,0.00,0.00
37253.26,5397,6316,0,0,0.17,1036,41.61,0.00,0.00
37313.26,5397,6316,0,0,0.17,1036,41.61,0.00,0.00
37373.26,5397,6316,0,0,0.17,1036,41.61,0.00,0.00
37433.26,5397,6316,0,0,0.17,1036,41.61,0.00,0.00
37493.26,5397,6316,0,0,0.17,1036,41.61,0.00,0.00
37553.26,5397,6316,0,0,0.17,1036,41.61,0.00,0.00
37613.26,5397,6316,0,0,0.17,1036,41.61,0.00,0.00
37673.26,5397,6316,0,0,0.17,1036,41.61,0.00,0.00
37733.26,5397,6316,0,0,0.17,1036,41.61,0.00,0.00
37793.26,5397,6316,0,0,0.17,1036,41.61,0.00,0.00
37853.26,5397,6316,0,0,0.17,1036,41.61,0.00,0.00
37913.26,5397,6316,0,0,0.17,1036,41.61,0.00,0.00
37973.26,5397,6316,0,0,0.17,1036,41.61,0.00,0.00
38033.26,5397,6316,0,0,0.17,1036,41.61,0.00,0.00
38093.26,5397,6316,0,0,0.17,1036,41.61,0.00,0.00
38153.26,5397,6316,0,0,0.17,1036,41.61,0.00,0.00
38213.26,5397,6316,0,0,0.17,1036,41.61,0.00,0.00
38273.26,5397,6316,0,0,0.17,1036,41.61,0.00,0.00
38333.26,5397,6316,0,0,0.16,1036,41.61,0.00,0.00
38393.26,5397,6316,0,0,0.16,1036,41.61,0.00,0.00
38453.26,5397,6316,0,0,0.16,1036,41.61,0.00,0.00
38513.26,5397,6316,0,0,0.16,1036,41.61,0.00,0.00
38573.26,5397,6316,0,0,0.16,1036,41.61,0.00,0.00
38633.26,5397,6316,0,0,0.16,1036,41.61,0.00,0.00
38693.26,5397,6316,0,0,0.16,1036,41.61,0.00,0.00
38753.26,5397,6316,0,0,0.16,1036,41.61,0.00,0.00
38813.26,5397,6316,0,0,0.16,1036,41.61,0.00,0.00
38873.26,5397,6316,0,0,0.16,1036,41.61,0.00,0.00
38933.26,5397,6316,0,0,0.16,1036,41.61,0.00,0.00
38993.26,5397,6316,0,0,0.16,1036,41.61,0.00,0.00
39053.26,5397,6316,0,0,0.16,1036,41.61,0.00,0.00
39113.26,5397,6316,0,0,0.16,1036,41.61,0.00,0.00
39173.26,5397,6316,0,0,0.16,1036,41.61,0.00,0.00
39233.26,5397,6316,0,0,0.16,1036,41.61,0.00,0.00
39293.26,5397,6316,0,0,0.16,1036,41.61,0.00,0.00
39353.26,5397,6316,0,0,0.16,1036,41.61,0.00,0.00
39413.26,5397,6316,0,0,0.16,1036,41.61,0.00,0.00
39473.26,5397,6316,0,0,0.16,1036,41.61,0.00,0.00
39533.26,5397,6316,0,0,0.16,1036,41.61,0.00,0.00
39593.26,5397,6316,0,0,0.16,1036,41.61,0.00,0.00
39653.26,5397,6316,0,0,0.16,1036,41.61,0.00,0.00
39713.26,5397,6316,0,0,0.16,1036,41.61,0.00,0.00
39773.26,5397,6316,0,0,0.16,1036,41.61,0.00,0.00
39833.26,5397,6316,0,0,0.16,1036,41.61,0.00,0.00
39893.26,5397,6316,0,0,0.16,1036,41.61,0.00,0.00
39953.26,5397,6316,0,0,0.16,1036,41.61,0.00,0.00
40013.26,5397,6316,0,0,0.16,1036,41.61,0.00,0.00
40073.26,5397,6316,0,0,0.16,1036,41.61,0.00,0.00
40133.26,5397,6316,0,0,0.16,1036,41.61,0.00,0.00
40193.26,5397,6316,0,0,0.16,1036,41.61,0.00,0.00
40253.26,5397,6316,0,0,0.16,1036,41.61,0.00,0.00
40313.26,5397,6316,0,0,0.16,1036,41.61,0.00,0.00
40373.26,5397,6316,0,0,0.16,1036,41.61,0.00,0.00
40433.26,5397,6316,0,0,0.16,1036,41.61,0.00,0.00
40493.26,5397,6316,0,0,0.16,1036,41.61,0.00,0.00
40553.26,5397,6316,0,0,0.16,1036,41.61,0.00,0.00
40613.26,5397,6316,0,0,0.16,1036,41.61,0.00,0.00
40673.26,5397,6316,0,0,0.16,1036,41.61,0.00,0.00
40733.26,5397,6316,0,0,0.16,1036,41.61,0.00,0.00
40793.26,5397,6316,0,0,0.15,1036,41.61,0.00,0.00
40853.26,5397,6316,0,0,0.15,1036,41.61,0.00,0.00
40913.26,5397,6316,0,0,0.15,1036,41.61,0.00,0.00
40973.26,5397,6316,0,0,0.15,1036,41.61,0.00,0.00
41033.26,5397,6316,0,0,0.15,1036,41.61,0.00,0.00
41093.26,5397,6316,0,0,0.15,1036,41.61,0.00,0.00
41153.26,5397,6316,0,0,0.15,1036,41.61,0.00,0.00
41213.26,5397,6316,0,0,0.15,1036,41.61,0.00,0.00
41273.26,5397,6316,0,0,0.15,1036,41.61,0.00,0.00
41333.26,5397,6316,0,0,0.15,1036,41.61,0.00,0.00
41393.26,5397,6316,0,0,0.15,1036,41.61,0.00,0.00
41453.26,5397,6316,0,0,0.15,1036,41.61,0.00,0.00
41513.26,5397,6316,0,0,0.15,1036,41.61,0.00,0.00
41573.26,5397,6316,0,0,0.15,1036,41.61,0.00,0.00
41633.26,5397,6316,0,0,0.15,1036,41.61,0.00,0.00
41693.26,5397,6316,0,0,0.15,1036,41.61,0.00,0.00
41753.26,5397,6316,0,0,0.15,1036,41.61,0.00,0.00
41813.26,5397,6316,0,0,0.15,1036,41.61,0.00,0.00
41873.26,5397,6316,0,0,0.15,1036,41.61,0.00,0.00
41933.26,5397,6316,0,0,0.15,1036,41.61,0.00,0.00
41993.26,5397,6316,0,0,0.15,1036,41.61,0.00,0.00
42053.26,5397,6316,0,0,0.15,1036,41.61,0.00,0.00
42113.26,5397,6316,0,0,0.15,1036,41.61,0.00,0.00
42173.26,5397,6316,0,0,0.15,1036,41.61,0.00,0.00
42233.26,5397,6316,0,0,0.15,1036,41.61,0.00,0.00
42293.26,5397,6316,0,0,0.15,1036,41.61,0.00,0.00
42353.26,5397,6316,0,0,0.15,1036,41.61,0.00,0.00
42413.26,5397,6316,0,0,0.15,1036,41.61,0.00,0.00
42473.26,5397,6316,0,0,0.15,1036,41.61,0.00,0.00
42533.26,5397,6316,0,0,0.15,1036,41.61,0.00,0.00
42593.26,5397,6316,0,0,0.15,1036,41.61,0.00,0.00
42653.26,5397,6316,0,0,0.15,1036,41.61,0.00,0.00
42713.26,5397,6316,0,0,0.15,1036,41.61,0.00,0.00
42773.26,5397,6316,0,0,0.15,1036,41.61,0.00,0.00
42833.26,5397,6316,0,0,0.15,1036,41.61,0.00,0.00
42893.26,5397,6316,0,0,0.15,1036,41.61,0.00,0.00
42953.26,5397,6316,0,0,0.15,1036,41.61,0.00,0.00
43013.26,5397,6316,0,0,0.15,1036,41.61,0.00,0.00
43073.26,5397,6316,0,0,0.15,1036,41.61,0.00,0.00
43133.26,5397,6316,0,0,0.15,1036,41.61,0.00,0.00
43193.26,5397,6316,0,0,0.15,1036,41.61,0.00,0.00
43253.26,5397,6316,0,0,0.15,1036,41.61,0.00,0.00
43313.26,5397,6316,0,0,0.15,1036,41.61,0.00,0.00
43373.26,5397,6316,0,0,0.15,1036,41.61,0.00,0.00
43433.26,5397,6316,0,0,0.15,1036,41.61,0.00,0.00
43493.26,5397,6316,0,0,0.15,1036,41.61,0.00,0.00
43553.26,5397,6316,0,0,0.15,1036,41.61,0.00,0.00
43613.26,5397,6316,0,0,0.14,1036,41.61,0.00,0.00
43673.26,5397,6316,0,0,0.14,1036,41.61,0.00,0.00
43733.26,5397,6316,0,0,0.14,1036,41.61,0.00,0.00
43793.26,5397,6316,0,0,0.14,1036,41.61,0.00,0.00
43853.26,5397,6316,0,0,0.14,1036,41.61,0.00,0.00
43913.26,5397,6316,0,0,0.14,1036,41.61,0.00,0.00
43973.26,5397,6316,0,0,0.14,1036,41.61,0.00,0.00
44033.26,5397,6316,0,0,0.14,1036,41.61,0.00,0.00
44093.26,5397,6316,0,0,0.14,1036,41.61,0.00,0.00
44153.26,5397,6316,0,0,0.14,1036,41.61,0.00,0.00
44213.26,5397,6316,0,0,0.14,1036,41.61,0.00,0.00
44273.26,5397,6316,0,0,0.14,1036,41.61,0.00,0.00
44333.26,5397,6316,0,0,0.14,1036,41.61,0.00,0.00
44393.26,5397,6316,0,0,0.14,1036,41.61,0.00,0.00
44453.26,5397,6316,0,0,0.14,1036,41.61,0.00,0.00
44513.26,5397,6316,0,0,0.14,1036,41.61,0.00,0.00
44573.26,5397,6316,0,0,0.14,1036,41.61,0.00,0.00
44633.26,5397,6316,0,0,0.14,1036,41.61,0.00,0.00
44693.26,5397,6316,0,0,0.14,1036,41.61,0.00,0.00
44753.26,5397,6316,0,0,0.14,1036,41.61,0.00,0.00
44813.26,5397,6316,0,0,0.14,1036,41.61,0.00,0.00
44873.26,5397,6316,0,0,0.14,1036,41.61,0.00,0.00
44933.26,5397,6316,0,0,0.14,1036,41.61,0.00,0.00
44993.26,5397,6316,0,0,0.14,1036,41.61,0.00,0.00
45053.26,5397,6316,0,0,0.14,1036,41.61,0.00,0.00
45113.26,5397,6316,0,0,0.14,1036,41.61,0.00,0.00
45173.26,5397,6316,0,0,0.14,1036,41.61,0.00,0.00
45233.26,5397,6316,0,0,0.14,1036,41.61,0.00,0.00
45293.26,5397,6316,0,0,0.14,1036,41.61,0.00,0.00
45353.26,5397,6316,0,0,0.14,1036,41.61,0.00,0.00
45413.26,5397,6316,0,0,0.14,1036,41.61,0.00,0.00
45473.26,5397,6316,0,0,0.14,1036,41.61,0.00,0.00
45533.26,5397,6316,0,0,0.14,1036,41.61,0.00,0.00
45593.26,5397,6316,0,0,0.14,1036,41.61,0.00,0.00
45653.26,5397,6316,0,0,0.14,1036,41.61,0.00,0.00
45713.26,5397,6316,0,0,0.14,1036,41.61,0.00,0.00
45773.26,5397,6316,0,0,0.14,1036,41.61,0.00,0.00
45833.26,5397,6316,0,0,0.14,1036,41.61,0.00,0.00
45893.26,5397,6316,0,0,0.14,1036,41.61,0.00,0.00
45953.26,5397,6316,0,0,0.14,1036,41.61,0.00,0.00
46013.26,5397,6316,0,0,0.14,1036,41.61,0.00,0.00
46073.26,5397,6316,0,0,0.14,1036,41.61,0.00,0.00
46133.26,5397,6316,0,0,0.14,1036,41.61,0.00,0.00
46193.26,5397,6316,0,0,0.14,1036,41.61,0.00,0.00
46253.26,5397,6316,0,0,0.14,1036,41.61,0.00,0.00
46313.26,5397,6316,0,0,0.14,1036,41.61,0.00,0.00
46373.26,5397,6316,0,0,0.14,1036,41.61,0.00,0.00
46433.26,5397,6316,0,0,0.14,1036,41.61,0.00,0.00
46493.26,5397,6316,0,0,0.14,1036,41.61,0.00,0.00
46553.26,5397,6316,0,0,0.14,1036,41.61,0.00,0.00
46613.26,5397,6316,0,0,0.14,1036,41.61,0.00,0.00
46673.26,5397,6316,0,0,0.14,1036,41.61,0.00,0.00
46733.26,5397,6316,0,0,0.14,1036,41.61,0.00,0.00
46793.26,5397,6316,0,0,0.13,1036,41.61,0.00,0.00
46853.26,5397,6316,0,0,0.13,1036,41.61,0.00,0.00
46913.26,5397,6316,0,0,0.13,1036,41.61,0.00,0.00
46973.26,5397,6316,0,0,0.13,1036,41.61,0.00,0.00
47033.26,5397,6316,0,0,0.13,1036,41.61,0.00,0.00
47093.26,5397,6316,0,0,0.13,1036,41.61,0.00,0.00
47153.26,5397,6316,0,0,0.13,1036,41.61,0.00,0.00
47213.26,5397,6316,0,0,0.13,1036,41.61,0.00,0.00
47273.26,5397,6316,0,0,0.13,1036,41.61,0.00,0.00
47333.26,5397,6316,0,0,0.13,1036,41.61,0.00,0.00
47393.26,5397,6316,0,0,0.13,1036,41.61,0.00,0.00
47453.26,5397,6316,0,0,0.13,1036,41.61,0.00,0.00
47513.26,5397,6316,0,0,0.13,1036,41.61,0.00,0.00
47573.26,5397,6316,0,0,0.13,1036,41.61,0.00,0.00
47633.26,5397,6316,0,0,0.13,1036,41.61,0.00,0.00
47693.26,5397,6316,0,0,0.13,1036,41.61,0.00,0.00
47753.26,5397,6316,0,0,0.13,1036,41.61,0.00,0.00
47813.26,5397,6316,0,0,0.13,1036,41.61,0.00,0.00
47873.26,5397,6316,0,0,0.13,1036,41.61,0.00,0.00
47933.26,5397,6316,0,0,0.13,1036,41.61,0.00,0.00
47993.26,5397,6316,0,0,0.13,1036,41.61,0.00,0.00
48053.26,5397,6316,0,0,0.13,1036,41.61,0.00,0.00
48113.26,5397,6316,0,0,0.13,1036,41.61,0.00,0.00
48173.26,5397,6316,0,0,0.13,1036,41.61,0.00,0.00
48233.26,5397,6316,0,0,0.13,1036,41.61,0.00,0.00
48293.26,5397,6316,0,0,0.13,1036,41.61,0.00,0.00
48353.26,5397,6316,0,0,0.13,1036,41.61,0.00,0.00
48413.26,5397,6316,0,0,0.13,1036,41.61,0.00,0.00
48473.26,5397,6316,0,0,0.13,1036,41.61,0.00,0.00
48533.26,5397,6316,0,0,0.13,1036,41.61,0.00,0.00
48593.26,5397,6316,0,0,0.13,1036,41.61,0.00,0.00
48653.26,5397,6316,0,0,0.13,1036,41.61,0.00,0.00
48713.26,5397,6316,0,0,0.13,1036,41.61,0.00,0.00
48773.26,5397,6316,0,0,0.13,1036,41.61,0.00,0.00
48833.26,5397,6316,0,0,0.13,1036,41.61,0.00,0.00
48893.26,5397,6316,0,0,0.13,1036,41.61,0.00,0.00
48953.26,5397,6316,0,0,0.13,1036,41.61,0.00,0.00
49013.26,5397,6316,0,0,0.13,1036,41.61,0.00,0.00
49073.26,5397,6316,0,0,0.13,1036,41.61,0.00,0.00
49133.26,5397,6316,0,0,0.13,1036,41.61,0.00,0.00
49193.26,5397,6316,0,0,0.13,1036,41.61,0.00,0.00
49253.26,5397,6316,0,0,0.13,1036,41.61,0.00,0.00
49313.26,5397,6316,0,0,0.13,1036,41.61,0.00,0.00
49373.26,5397,6316,0,0,0.13,1036,41.61,0.00,0.00
49433.26,5397,6316,0,0,0.13,1036,41.61,0.00,0.00
49493.26,5397,6316,0,0,0.13,1036,41.61,0.00,0.00
49553.26,5397,6316,0,0,0.13,1036,41.61,0.00,0.00
49613.26,5397,6316,0,0,0.13,1036,41.61,0.00,0.00
49673.26,5397,6316,0,0,0.13,1036,41.61,0.00,0.00
49733.26,5397,6316,0,0,0.13,1036,41.61,0.00,0.00
49793.26,5397,6316,0,0,0.13,1036,41.61,0.00,0.00
49853.26,5397,6316,0,0,0.13,1036,41.61,0.00,0.00
49913.26,5397,6316,0,0,0.13,1036,41.61,0.00,0.00
49973.26,5397,6316,0,0,0.13,1036,41.61,0.00,0.00
50033.26,5397,6316,0,0,0.13,1036,41.61,0.00,0.00
50093.26,5397,6316,0,0,0.13,1036,41.61,0.00,0.00
50153.26,5397,6316,0,0,0.13,1036,41.61,0.00,0.00
50213.26,5397,6316,0,0,0.13,1036,41.61,0.00,0.00
50273.26,5397,6316,0,0,0.13,1036,41.61,0.00,0.00
50333.26,5397,6316,0,0,0.13,1036,41.61,0.00,0.00
50393.26,5397,6316,0,0,0.13,1036,41.61,0.00,0.00
50453.26,5397,6316,0,0,0.13,1036,41.61,0.00,0.00
50513.26,5397,6316,0,0,0.13,1036,41.61,0.00,0.00
50573.26,5397,6316,0,0,0.12,1036,41.61,0.00,0.00
50633.26,5397,6316,0,0,0.12,1036,41.61,0.00,0.00
50693.26,5397,6316,0,0,0.12,1036,41.61,0.00,0.00
50753.26,5397,6316,0,0,0.12,1036,41.61,0.00,0.00
50813.26,5397,6316,0,0,0.12,1036,41.61,0.00,0.00
50873.26,5397,6316,0,0,0.12,1036,41.61,0.00,0.00
50933.26,5397,6316,0,0,0.12,1036,41.61,0.00,0.00
50993.26,5397,6316,0,0,0.12,1036,41.61,0.00,0.00
51053.26,5397,6316,0,0,0.12,1036,41.61,0.00,0.00
51113.26,5397,6316,0,0,0.12,1036,41.61,0.00,0.00
51173.26,5397,6316,0,0,0.12,1036,41.61,0.00,0.00
51233.26,5397,6316,0,0,0.12,1036,41.61,0.00,0.00
51293.26,5397,6316,0,0,0.12,1036,41.61,0.00,0.00
51353.26,5397,6316,0,0,0.12,1036,41.61,0.00,0.00
51413.26,5397,6316,0,0,0.12,1036,41.61,0.00,0.00
51473.26,5397,6316,0,0,0.12,1036,41.61,0.00,0.00
51533.26,5397,6316,0,0,0.12,1036,41.61,0.00,0.00
51593.26,5397,6316,0,0,0.12,1036,41.61,0.00,0.00
51653.26,5397,6316,0,0,0.12,1036,41.61,0.00,0.00
51713.26,5397,6316,0,0,0.12,1036,41.61,0.00,0.00
51773.26,5397,6316,0,0,0.12,1036,41.61,0.00,0.00
51833.26,5397,6316,0,0,0.12,1036,41.61,0.00,0.00
51893.26,5397,6316,0,0,0.12,1036,41.61,0.00,0.00
51953.26,5397,6316,0,0,0.12,1036,41.61,0.00,0.00
52013.26,5397,6316,0,0,0.12,1036,41.61,0.00,0.00
52073.26,5397,6316,0,0,0.12,1036,41.61,0.00,0.00
52133.26,5397,6316,0,0,0.12,1036,41.61,0.00,0.00
52193.26,5397,6316,0,0,0.12,1036,41.61,0.00,0.00
52253.26,5397,6316,0,0,0.12,1036,41.61,0.00,0.00
52313.26,5397,6316,0,0,0.12,1036,41.61,0.00,0.00
52373.26,5397,6316,0,0,0.12,1036,41.61,0.00,0.00
52433.26,5397,6316,0,0,0.12,1036,41.61,0.00,0.00
52493.26,5397,6316,0,0,0.12,1036,41.61,0.00,0.00
52553.26,5397,6316,0,0,0.12,1036,41.61,0.00,0.00
52613.26,5397,6316,0,0,0.12,1036,41.61,0.00,0.00
52673.26,5397,6316,0,0,0.12,1036,41.61,0.00,0.00
52733.26,5397,6316,0,0,0.12,1036,41.61,0.00,0.00
52793.26,5397,6316,0,0,0.12,1036,41.61,0.00,0.00
52853.26,5397,6316,0,0,0.12,1036,41.61,0.00,0.00
52913.26,5397,6316,0,0,0.12,1036,41.61,0.00,0.00
52973.26,5397,6316,0,0,0.12,1036,41.61,0.00,0.00
53033.26,5397,6316,0,0,0.12,1036,41.61,0.00,0.00
53093.26,5397,6316,0,0,0.12,1036,41.61,0.00,0.00
53153.26,5397,6316,0,0,0.12,1036,41.61,0.00,0.00
53213.26,5397,6316,0,0,0.12,1036,41.61,0.00,0.00
53273.26,5397,6316,0,0,0.12,1036,41.61,0.00,0.00
53333.26,5397,6316,0,0,0.12,1036,41.61,0.00,0.00
53393.26,5397,6316,0,0,0.12,1036,41.61,0.00,0.00
53453.26,5397,6316,0,0,0.12,1036,41.61,0.00,0.00
53513.26,5397,6316,0,0,0.12,1036,41.61,0.00,0.00
53573.26,5397,6316,0,0,0.12,1036,41.61,0.00,0.00
53633.26,5397,6316,0,0,0.12,1036,41.61,0.00,0.00
53693.26,5397,6316,0,0,0.12,1036,41.61,0.00,0.00
53753.26,5397,6316,0,0,0.12,1036,41.61,0.00,0.00
53813.26,5397,6316,0,0,0.12,1036,41.61,0.00,0.00
53873.26,5397,6316,0,0,0.12,1036,41.61,0.00,0.00
53933.26,5397,6316,0,0,0.12,1036,41.61,0.00,0.00
53993.26,5397,6316,0,0,0.12,1036,41.61,0.00,0.00
54053.26,5397,6316,0,0,0.12,1036,41.61,0.00,0.00
54113.26,5397,6316,0,0,0.12,1036,41.61,0.00,0.00
54173.26,5397,6316,0,0,0.12,1036,41.61,0.00,0.00
54233.26,5397,6316,0,0,0.12,1036,41.61,0.00,0.00
54293.26,5397,6316,0,0,0.12,1036,41.61,0.00,0.00
54353.26,5397,6316,0,0,0.12,1036,41.61,0.00,0.00
54413.26,5397,6316,0,0,0.12,1036,41.61,0.00,0.00
54473.26,5397,6316,0,0,0.12,1036,41.61,0.00,0.00
54533.26,5397,6316,0,0,0.12,1036,41.61,0.00,0.00
54593.26,5397,6316,0,0,0.12,1036,41.61,0.00,0.00
54653.26,5397,6316,0,0,0.12,1036,41.61,0.00,0.00
54713.26,5397,6316,0,0,0.12,1036,41.61,0.00,0.00
54773.26,5397,6316,0,0,0.12,1036,41.61,0.00,0.00
54833.26,5397,6316,0,0,0.12,1036,41.61,0.00,0.00
54893.26,5397,6316,0,0,0.12,1036,41.61,0.00,0.00
54953.26,5397,6316,0,0,0.11,1036,41.61,0.00,0.00
55013.26,5397,6316,0,0,0.11,1036,41.61,0.00,0.00
55073.26,5397,6316,0,0,0.11,1036,41.61,0.00,0.00
55133.26,5397,6316,0,0,0.11,1036,41.61,0.00,0.00
55193.26,5397,6316,0,0,0.11,1036,41.61,0.00,0.00
55253.26,5397,6316,0,0,0.11,1036,41.61,0.00,0.00
55313.26,5397,6316,0,0,0.11,1036,41.61,0.00,0.00
55373.26,5397,6316,0,0,0.11,1036,41.61,0.00,0.00
55433.26,5397,6316,0,0,0.11,1036,41.61,0.00,0.00
55493.26,5397,6316,0,0,0.11,1036,41.61,0.00,0.00
55553.26,5397,6316,0,0,0.11,1036,41.61,0.00,0.00
55613.26,5397,6316,0,0,0.11,1036,41.61,0.00,0.00
55673.26,5397,6316,0,0,0.11,1036,41.61,0.00,0.00
55733.26,5397,6316,0,0,0.11,1036,41.61,0.00,0.00
55793.26,5397,6316,0,0,0.11,1036,41.61,0.00,0.00
55853.26,5397,6316,0,0,0.11,1036,41.61,0.00,0.00
55913.26,5397,6316,0,0,0.11,1036,41.61,0.00,0.00
55973.26,5397,6316,0,0,0.11,1036,41.61,0.00,0.00
56033.26,5397,6316,0,0,0.11,1036,41.61,0.00,0.00
56093.26,5397,6316,0,0,0.11,1036,41.61,0.00,0.00
56153.26,5397,6316,0,0,0.11,1036,41.61,0.00,0.00
56213.26,5397,6316,0,0,0.11,1036,41.61,0.00,0.00
56273.26,5397,6316,0,0,0.11,1036,41.61,0.00,0.00
56333.26,5397,6316,0,0,0.11,1036,41.61,0.00,0.00
56393.26,5397,6316,0,0,0.11,1036,41.61,0.00,0.00
56453.26,5397,6316,0,0,0.11,1036,41.61,0.00,0.00
56513.26,5397,6316,0,0,0.11,1036,41.61,0.00,0.00
56573.26,5397,6316,0,0,0.11,1036,41.61,0.00,0.00
56633.26,5397,6316,0,0,0.11,1036,41.61,0.00,0.00
56693.26,5397,6316,0,0,0.11,1036,41.61,0.00,0.00
56753.26,5397,6316,0,0,0.11,1036,41.61,0.00,0.00
56813.26,5397,6316,0,0,0.11,1036,41.61,0.00,0.00
56873.26,5397,6316,0,0,0.11,1036,41.61,0.00,0.00
56933.26,5397,6316,0,0,0.11,1036,41.61,0.00,0.00
56993.26,5397,6316,0,0,0.11,1036,41.61,0.00,0.00
57053.26,5397,6316,0,0,0.11,1036,41.61,0.00,0.00
57113.26,5397,6316,0,0,0.11,1036,41.61,0.00,0.00
57173.26,5397,6316,0,0,0.11,1036,41.61,0.00,0.00
57233.26,5397,6316,0,0,0.11,1036,41.61,0.00,0.00
57293.26,5397,6316,0,0,0.11,1036,41.61,0.00,0.00
57353.26,5397,6316,0,0,0.11,1036,41.61,0.00,0.00
57413.26,5397,6316,0,0,0.11,1036,41.61,0.00,0.00
57473.26,5397,6316,0,0,0.11,1036,41.61,0.00,0.00
57533.26,5397,6316,0,0,0.11,1036,41.61,0.00,0.00
57593.26,5397,6316,0,0,0.11,1036,41.61,0.00,0.00
57653.26,5397,6316,0,0,0.11,1036,41.61,0.00,0.00
57713.26,5397,6316,0,0,0.11,1036,41.61,0.00,0.00
57773.26,5397,6316,0,0,0.11,1036,41.61,0.00,0.00
57833.26,5397,6316,0,0,0.11,1036,41.61,0.00,0.00
57893.26,5397,6316,0,0,0.11,1036,41.61,0.00,0.00
57953.26,5397,6316,0,0,0.11,1036,41.61,0.00,0.00
58013.26,5397,6316,0,0,0.11,1036,41.61,0.00,0.00
58073.26,5397,6316,0,0,0.11,1036,41.61,0.00,0.00
58133.26,5397,6316,0,0,0.11,1036,41.61,0.00,0.00
58193.26,5397,6316,0,0,0.11,1036,41.61,0.00,0.00
58253.26,5397,6316,0,0,0.11,1036,41.61,0.00,0.00
58313.26,5397,6316,0,0,0.11,1036,41.61,0.00,0.00
58373.26,5397,6316,0,0,0.11,1036,41.61,0.00,0.00
58433.26,5397,6316,0,0,0.11,1036,41.61,0.00,0.00
58493.26,5397,6316,0,0,0.11,1036,41.61,0.00,0.00
58553.26,5397,6316,0,0,0.11,1036,41.61,0.00,0.00
58613.26,5397,6316,0,0,0.11,1036,41.61,0.00,0.00
58673.26,5397,6316,0,0,0.11,1036,41.61,0.00,0.00
58733.26,5397,6316,0,0,0.11,1036,41.61,0.00,0.00
58793.26,5397,6316,0,0,0.11,1036,41.61,0.00,0.00
58853.26,5397,6316,0,0,0.11,1036,41.61,0.00,0.00
58913.26,5397,6316,0,0,0.11,1036,41.61,0.00,0.00
58973.26,5397,6316,0,0,0.11,1036,41.61,0.00,0.00
59033.26,5397,6316,0,0,0.11,1036,41.61,0.00,0.00
59093.26,5397,6316,0,0,0.11,1036,41.61,0.00,0.00
59153.26,5397,6316,0,0,0.11,1036,41.61,0.00,0.00
59213.26,5397,6316,0,0,0.11,1036,41.61,0.00,0.00
59273.26,5397,6316,0,0,0.11,1036,41.61,0.00,0.00
59333.26,5397,6316,0,0,0.11,1036,41.61,0.00,0.00
59393.26,5397,6316,0,0,0.11,1036,41.61,0.00,0.00
59453.26,5397,6316,0,0,0.11,1036,41.61,0.00,0.00
59513.26,5397,6316,0,0,0.11,1036,41.61,0.00,0.00
59573.26,5397,6316,0,0,0.11,1036,41.61,0.00,0.00
59633.26,5397,6316,0,0,0.11,1036,41.61,0.00,0.00
59693.26,5397,6316,0,0,0.11,1036,41.61,0.00,0.00
59753.26,5397,6316,0,0,0.11,1036,41.61,0.00,0.00
59813.26,5397,6316,0,0,0.11,1036,41.61,0.00,0.00
59873.26,5397,6316,0,0,0.11,1036,41.61,0.00,0.00
59933.26,5397,6316,0,0,0.11,1036,41.61,0.00,0.00
59993.26,5397,6316,0,0,0.11,1036,41.61,0.00,0.00
60053.26,5397,6316,0,0,0.11,1036,41.61,0.00,0.00
60113.26,5397,6316,0,0,0.11,1036,41.61,0.00,0.00
60173.26,5397,6316,0,0,0.10,1036,41.61,0.00,0.00
60233.26,5397,6316,0,0,0.10,1036,41.61,0.00,0.00
60293.26,5397,6316,0,0,0.10,1036,41.61,0.00,0.00
60353.26,5397,6316,0,0,0.10,1036,41.61,0.00,0.00
60413.26,5397,6316,0,0,0.10,1036,41.61,0.00,0.00
60473.26,5397,6316,0,0,0.10,1036,41.61,0.00,0.00
60533.26,5397,6316,0,0,0.10,1036,41.61,0.00,0.00
60593.26,5397,6316,0,0,0.10,1036,41.61,0.00,0.00
60653.26,5397,6316,0,0,0.10,1036,41.61,0.00,0.00
60713.26,5397,6316,0,0,0.10,1036,41.61,0.00,0.00
60773.26,5397,6316,0,0,0.10,1036,41.61,0.00,0.00
60833.26,5397,6316,0,0,0.10,1036,41.61,0.00,0.00
60893.26,5397,6316,0,0,0.10,1036,41.61,0.00,0.00
60953.26,5397,6316,0,0,0.10,1036,41.61,0.00,0.00
61013.26,5397,6316,0,0,0.10,1036,41.61,0.00,0.00
61073.26,5397,6316,0,0,0.10,1036,41.61,0.00,0.00
61133.26,5397,6316,0,0,0.10,1036,41.61,0.00,0.00
61193.26,5397,6316,0,0,0.10,1036,41.61,0.00,0.00
61253.26,5397,6316,0,0,0.10,1036,41.61,0.00,0.00
61313.26,5397,6316,0,0,0.10,1036,41.61,0.00,0.00
61373.26,5397,6316,0,0,0.10,1036,41.61,0.00,0.00
61433.26,5397,6316,0,0,0.10,1036,41.61,0.00,0.00
61493.26,5397,6316,0,0,0.10,1036,41.61,0.00,0.00
61553.26,5397,6316,0,0,0.10,1036,41.61,0.00,0.00
61613.26,5397,6316,0,0,0.10,1036,41.61,0.00,0.00
61673.26,5397,6316,0,0,0.10,1036,41.61,0.00,0.00
61733.26,5397,6316,0,0,0.10,1036,41.61,0.00,0.00
61793.26,5397,6316,0,0,0.10,1036,41.61,0.00,0.00
61853.26,5397,6316,0,0,0.10,1036,41.61,0.00,0.00
61913.26,5397,6316,0,0,0.10,1036,41.61,0.00,0.00
61973.26,5397,6316,0,0,0.10,1036,41.61,0.00,0.00
62033.26,5397,6316,0,0,0.10,1036,41.61,0.00,0.00
62093.26,5397,6316,0,0,0.10,1036,41.61,0.00,0.00
62153.26,5397,6316,0,0,0.10,1036,41.61,0.00,0.00
62213.26,5397,6316,0,0,0.10,1036,41.61,0.00,0.00
62273.26,5397,6316,0,0,0.10,1036,41.61,0.00,0.00
62333.26,5397,6316,0,0,0.10,1036,41.61,0.00,0.00
62393.26,5397,6316,0,0,0.10,1036,41.61,0.00,0.00
62453.26,5397,6316,0,0,0.10,1036,41.61,0.00,0.00
62513.26,5397,6316,0,0,0.10,1036,41.61,0.00,0.00
62573.26,5397,6316,0,0,0.10,1036,41.61,0.00,0.00
62633.26,5397,6316,0,0,0.10,1036,41.61,0.00,0.00
62693.26,5397,6316,0,0,0.10,1036,41.61,0.00,0.00
62753.26,5397,6316,0,0,0.10,1036,41.61,0.00,0.00
62813.26,5397,6316,0,0,0.10,1036,41.61,0.00,0.00
62873.26,5397,6316,0,0,0.10,1036,41.61,0.00,0.00
62933.26,5397,6316,0,0,0.10,1036,41.61,0.00,0.00
62993.26,5397,6316,0,0,0.10,1036,41.61,0.00,0.00
63053.26,5397,6316,0,0,0.10,1036,41.61,0.00,0.00
63113.26,5397,6316,0,0,0.10,1036,41.61,0.00,0.00
63173.26,5397,6316,0,0,0.10,1036,41.61,0.00,0.00
63233.26,5397,6316,0,0,0.10,1036,41.61,0.00,0.00
63293.26,5397,6316,0,0,0.10,1036,41.61,0.00,0.00
63353.26,5397,6316,0,0,0.10,1036,41.61,0.00,0.00
63413.26,5397,6316,0,0,0.10,1036,41.61,0.00,0.00
63473.26,5397,6316,0,0,0.10,1036,41.61,0.00,0.00
63533.26,5397,6316,0,0,0.10,1036,41.61,0.00,0.00
63593.26,5397,6316,0,0,0.10,1036,41.61,0.00,0.00
63653.26,5397,6316,0,0,0.10,1036,41.61,0.00,0.00
63713.26,5397,6316,0,0,0.10,1036,41.61,0.00,0.00
63773.26,5397,6316,0,0,0.10,1036,41.61,0.00,0.00
63833.26,5397,6316,0,0,0.10,1036,41.61,0.00,0.00
63893.26,5397,6316,0,0,0.10,1036,41.61,0.00,0.00
63953.26,5397,6316,0,0,0.10,1036,41.61,0.00,0.00
64013.26,5397,6316,0,0,0.10,1036,41.61,0.00,0.00
64073.26,5397,6316,0,0,0.10,1036,41.61,0.00,0.00
64133.26,5397,6316,0,0,0.10,1036,41.61,0.00,0.00
64193.26,5397,6316,0,0,0.10,1036,41.61,0.00,0.00
64253.26,5397,6316,0,0,0.10,1036,41.61,0.00,0.00
64313.26,5397,6316,0,0,0.10,1036,41.61,0.00,0.00
64373.26,5397,6316,0,0,0.10,1036,41.61,0.00,0.00
64433.26,5397,6316,0,0,0.10,1036,41.61,0.00,0.00
64493.26,5397,6316,0,0,0.10,1036,41.61,0.00,0.00
64553.26,5397,6316,0,0,0.10,1036,41.61,0.00,0.00
64613.26,5397,6316,0,0,0.10,1036,41.61,0.00,0.00
64673.26,5397,6316,0,0,0.10,1036,41.61,0.00,0.00
64733.26,5397,6316,0,0,0.10,1036,41.61,0.00,0.00
64793.26,5397,6316,0,0,0.10,1036,41.61,0.00,0.00
64853.26,5397,6316,0,0,0.10,1036,41.61,0.00,0.00
64913.26,5397,6316,0,0,0.10,1036,41.61,0.00,0.00
64973.26,5397,6316,0,0,0.10,1036,41.61,0.00,0.00
65033.26,5397,6316,0,0,0.10,1036,41.61,0.00,0.00
65093.26,5397,6316,0,0,0.10,1036,41.61,0.00,0.00
65153.26,5397,6316,0,0,0.10,1036,41.61,0.00,0.00
65213.26,5397,6316,0,0,0.10,1036,41.61,0.00,0.00
65273.26,5397,6316,0,0,0.10,1036,41.61,0.00,0.00
65333.26,5397,6316,0,0,0.10,1036,41.61,0.00,0.00
65393.26,5397,6316,0,0,0.10,1036,41.61,0.00,0.00
65453.26,5397,6316,0,0,0.10,1036,41.61,0.00,0.00
65513.26,5397,6316,0,0,0.10,1036,41.61,0.00,0.00
65573.26,5397,6316,0,0,0.10,1036,41.61,0.00,0.00
65633.26,5397,6316,0,0,0.10,1036,41.61,0.00,0.00
65693.26,5397,6316,0,0,0.10,1036,41.61,0.00,0.00
65753.26,5397,6316,0,0,0.10,1036,41.61,0.00,0.00
65813.26,5397,6316,0,0,0.10,1036,41.61,0.00,0.00
65873.26,5397,6316,0,0,0.10,1036,41.61,0.00,0.00
65933.26,5397,6316,0,0,0.10,1036,41.61,0.00,0.00
65993.26,5397,6316,0,0,0.10,1036,41.61,0.00,0.00
66053.26,5397,6316,0,0,0.10,1036,41.61,0.00,0.00
66113.26,5397,6316,0,0,0.10,1036,41.61,0.00,0.00
66173.26,5397,6316,0,0,0.10,1036,41.61,0.00,0.00
66233.26,5397,6316,0,0,0.10,1036,41.61,0.00,0.00
66293.26,5397,6316,0,0,0.10,1036,41.61,0.00,0.00
66353.26,5397,6316,0,0,0.10,1036,41.61,0.00,0.00
66413.26,5397,6316,0,0,0.10,1036,41.61,0.00,0.00
66473.26,5397,6316,0,0,0.10,1036,41.61,0.00,0.00
66533.26,5397,6316,0,0,0.09,1036,41.61,0.00,0.00
66593.26,5397,6316,0,0,0.09,1036,41.61,0.00,0.00
66653.26,5397,6316,0,0,0.09,1036,41.61,0.00,0.00
66713.26,5397,6316,0,0,0.09,1036,41.61,0.00,0.00
66773.26,5397,6316,0,0,0.09,1036,41.61,0.00,0.00
66833.26,5397,6316,0,0,0.09,1036,41.61,0.00,0.00
66893.26,5397,6316,0,0,0.09,1036,41.61,0.00,0.00
66953.26,5397,6316,0,0,0.09,1036,41.61,0.00,0.00
67013.26,5397,6316,0,0,0.09,1036,41.61,0.00,0.00
67073.26,5397,6316,0,0,0.09,1036,41.61,0.00,0.00
67133.26,5397,6316,0,0,0.09,1036,41.61,0.00,0.00
67193.26,5397,6316,0,0,0.09,1036,41.61,0.00,0.00
67253.26,5397,6316,0,0,0.09,1036,41.61,0.00,0.00
67313.26,5397,6316,0,0,0.09,1036,41.61,0.00,0.00
67373.26,5397,6316,0,0,0.09,1036,41.61,0.00,0.00
67433.26,5397,6316,0,0,0.09,1036,41.61,0.00,0.00
67493.26,5397,6316,0,0,0.09,1036,41.61,0.00,0.00
67553.26,5397,6316,0,0,0.09,1036,41.61,0.00,0.00
67613.26,5397,6316,0,0,0.09,1036,41.61,0.00,0.00
67673.26,5397,6316,0,0,0.09,1036,41.61,0.00,0.00
67733.26,5397,6316,0,0,0.09,1036,41.61,0.00,0.00
67793.26,5397,6316,0,0,0.09,1036,41.61,0.00,0.00
67853.26,5397,6316,0,0,0.09,1036,41.61,0.00,0.00
67913.26,5397,6316,0,0,0.09,1036,41.61,0.00,0.00
67973.26,5397,6316,0,0,0.09,1036,41.61,0.00,0.00
68033.26,5397,6316,0,0,0.09,1036,41.61,0.00,0.00
68093.26,5397,6316,0,0,0.09,1036,41.61,0.00,0.00
68153.26,5397,6316,0,0,0.09,1036,41.61,0.00,0.00
68213.26,5397,6316,0,0,0.09,1036,41.61,0.00,0.00
68273.26,5397,6316,0,0,0.09,1036,41.61,0.00,0.00
68333.26,5397,6316,0,0,0.09,1036,41.61,0.00,0.00
68393.26,5397,6316,0,0,0.09,1036,41.61,0.00,0.00
68453.26,5397,6316,0,0,0.09,1036,41.61,0.00,0.00
68513.26,5397,6316,0,0,0.09,1036,41.61,0.00,0.00
68573.26,5397,6316,0,0,0.09,1036,41.61,0.00,0.00
68633.26,5397,6316,0,0,0.09,1036,41.61,0.00,0.00
68693.26,5397,6316,0,0,0.09,1036,41.61,0.00,0.00
68753.26,5397,6316,0,0,0.09,1036,41.61,0.00,0.00
68813.26,5397,6316,0,0,0.09,1036,41.61,0.00,0.00
68873.26,5397,6316,0,0,0.09,1036,41.61,0.00,0.00
68933.26,5397,6316,0,0,0.09,1036,41.61,0.00,0.00
68993.26,5397,6316,0,0,0.09,1036,41.61,0.00,0.00
69053.26,5397,6316,0,0,0.09,1036,41.61,0.00,0.00
69113.26,5397,6316,0,0,0.09,1036,41.61,0.00,0.00
69173.26,5397,6316,0,0,0.09,1036,41.61,0.00,0.00
69233.26,5397,6316,0,0,0.09,1036,41.61,0.00,0.00
69293.26,5397,6316,0,0,0.09,1036,41.61,0.00,0.00
69353.26,5397,6316,0,0,0.09,1036,41.61,0.00,0.00
69413.26,5397,6316,0,0,0.09,1036,41.61,0.00,0.00
69473.26,5397,6316,0,0,0.09,1036,41.61,0.00,0.00
69533.26,5397,6316,0,0,0.09,1036,41.61,0.00,0.00
69593.26,5397,6316,0,0,0.09,1036,41.61,0.00,0.00
69653.26,5397,6316,0,0,0.09,1036,41.61,0.00,0.00
69713.26,5397,6316,0,0,0.09,1036,41.61,0.00,0.00
69773.26,5397,6316,0,0,0.09,1036,41.61,0.00,0.00
69833.26,5397,6316,0,0,0.09,1036,41.61,0.00,0.00
69893.26,5397,6316,0,0,0.09,1036,41.61,0.00,0.00
69953.26,5397,6316,0,0,0.09,1036,41.61,0.00,0.00
70013.26,5397,6316,0,0,0.09,1036,41.61,0.00,0.00
70073.26,5397,6316,0,0,0.09,1036,41.61,0.00,0.00
70133.26,5397,6316,0,0,0.09,1036,41.61,0.00,0.00
70193.26,5397,6316,0,0,0.09,1036,41.61,0.00,0.00
70253.26,5397,6316,0,0,0.09,1036,41.61,0.00,0.00
70313.26,5397,6316,0,0,0.09,1036,41.61,0.00,0.00
70373.26,5397,6316,0,0,0.09,1036,41.61,0.00,0.00
70433.26,5397,6316,0,0,0.09,1036,41.61,0.00,0.00
70493.26,5397,6316,0,0,0.09,1036,41.61,0.00,0.00
70553.26,5397,6316,0,0,0.09,1036,41.61,0.00,0.00
70613.26,5397,6316,0,0,0.09,1036,41.61,0.00,0.00
70673.26,5397,6316,0,0,0.09,1036,41.61,0.00,0.00
70733.26,5397,6316,0,0,0.09,1036,41.61,0.00,0.00
70793.26,5397,6316,0,0,0.09,1036,41.61,0.00,0.00
70853.26,5397,6316,0,0,0.09,1036,41.61,0.00,0.00
70913.26,5397,6316,0,0,0.09,1036,41.61,0.00,0.00
70973.26,5397,6316,0,0,0.09,1036,41.61,0.00,0.00
71033.26,5397,6316,0,0,0.09,1036,41.61,0.00,0.00
71093.26,5397,6316,0,0,0.09,1036,41.61,0.00,0.00
71153.26,5397,6316,0,0,0.09,1036,41.61,0.00,0.00
71213.26,5397,6316,0,0,0.09,1036,41.61,0.00,0.00
71273.26,5397,6316,0,0,0.09,1036,41.61,0.00,0.00
71333.26,5397,6316,0,0,0.09,1036,41.61,0.00,0.00
71393.26,5397,6316,0,0,0.09,1036,41.61,0.00,0.00
71453.26,5397,6316,0,0,0.09,1036,41.61,0.00,0.00
71513.26,5397,6316,0,0,0.09,1036,41.61,0.00,0.00
71573.26,5397,6316,0,0,0.09,1036,41.61,0.00,0.00
71633.26,5397,6316,0,0,0.09,1036,41.61,0.00,0.00
71693.26,5397,6316,0,0,0.09,1036,41.61,0.00,0.00
71753.26,5397,6316,0,0,0.09,1036,41.61,0.00,0.00
71813.26,5397,6316,0,0,0.09,1036,41.61,0.00,0.00
71873.26,5397,6316,0,0,0.09,1036,41.61,0.00,0.00
71933.26,5397,6316,0,0,0.09,1036,41.61,0.00,0.00
71993.26,5397,6316,0,0,0.09,1036,41.61,0.00,0.00
72053.26,5397,6316,0,0,0.09,1036,41.61,0.00,0.00
72113.26,5397,6316,0,0,0.09,1036,41.61,0.00,0.00
72173.26,5397,6316,0,0,0.09,1036,41.61,0.00,0.00
72233.26,5397,6316,0,0,0.09,1036,41.61,0.00,0.00
72293.26,5397,6316,0,0,0.09,1036,41.61,0.00,0.00
72353.26,5397,6316,0,0,0.09,1036,41.61,0.00,0.00
72413.26,5397,6316,0,0,0.09,1036,41.61,0.00,0.00
72473.26,5397,6316,0,0,0.09,1036,41.61,0.00,0.00
72533.26,5397,6316,0,0,0.09,1036,41.61,0.00,0.00
72593.26,5397,6316,0,0,0.09,1036,41.61,0.00,0.00
72653.26,5397,6316,0,0,0.09,1036,41.61,0.00,0.00
72713.26,5397,6316,0,0,0.09,1036,41.61,0.00,0.00
72773.26,5397,6316,0,0,0.09,1036,41.61,0.00,0.00
72833.26,5397,6316,0,0,0.09,1036,41.61,0.00,0.00
72893.26,5397,6316,0,0,0.09,1036,41.61,0.00,0.00
72953.26,5397,6316,0,0,0.09,1036,41.61,0.00,0.00
73013.26,5397,6316,0,0,0.09,1036,41.61,0.00,0.00
73073.26,5397,6316,0,0,0.09,1036,41.61,0.00,0.00
73133.26,5397,6316,0,0,0.09,1036,41.61,0.00,0.00
73193.26,5397,6316,0,0,0.09,1036,41.61,0.00,0.00
73253.26,5397,6316,0,0,0.09,1036,41.61,0.00,0.00
73313.26,5397,6316,0,0,0.09,1036,41.61,0.00,0.00
73373.26,5397,6316,0,0,0.09,1036,41.61,0.00,0.00
73433.26,5397,6316,0,0,0.09,1036,41.61,0.00,0.00
73493.26,5397,6316,0,0,0.09,1036,41.61,0.00,0.00
73553.26,5397,6316,0,0,0.09,1036,41.61,0.00,0.00
73613.26,5397,6316,0,0,0.09,1036,41.61,0.00,0.00
73673.26,5397,6316,0,0,0.09,1036,41.61,0.00,0.00
73733.26,5397,6316,0,0,0.09,1036,41.61,0.00,0.00
73793.26,5397,6316,0,0,0.09,1036,41.61,0.00,0.00
73853.26,5397,6316,0,0,0.09,1036,41.61,0.00,0.00
73913.26,5397,6316,0,0,0.09,1036,41.61,0.00,0.00
73973.26,5397,6316,0,0,0.09,1036,41.61,0.00,0.00
74033.26,5397,6316,0,0,0.09,1036,41.61,0.00,0.00
74093.26,5397,6316,0,0,0.09,1036,41.61,0.00,0.00
74153.26,5397,6316,0,0,0.09,1036,41.61,0.00,0.00
74213.26,5397,6316,0,0,0.09,1036,41.61,0.00,0.00
74273.26,5397,6316,0,0,0.09,1036,41.61,0.00,0.00
74333.26,5397,6316,0,0,0.08,1036,41.61,0.00,0.00
74393.26,5397,6316,0,0,0.08,1036,41.61,0.00,0.00
74453.26,5397,6316,0,0,0.08,1036,41.61,0.00,0.00
74513.26,5397,6316,0,0,0.08,1036,41.61,0.00,0.00
74573.26,5397,6316,0,0,0.08,1036,41.61,0.00,0.00
74633.26,5397,6316,0,0,0.08,1036,41.61,0.00,0.00
74693.26,5397,6316,0,0,0.08,1036,41.61,0.00,0.00
74753.26,5397,6316,0,0,0.08,1036,41.61,0.00,0.00
74813.26,5397,6316,0,0,0.08,1036,41.61,0.00,0.00
74873.26,5397,6316,0,0,0.08,1036,41.61,0.00,0.00
74933.26,5397,6316,0,0,0.08,1036,41.61,0.00,0.00
74993.26,5397,6316,0,0,0.08,1036,41.61,0.00,0.00
75053.26,5397,6316,0,0,0.08,1036,41.61,0.00,0.00
75113.26,5397,6316,0,0,0.08,1036,41.61,0.00,0.00
75173.26,5397,6316,0,0,0.08,1036,41.61,0.00,0.00
75233.26,5397,6316,0,0,0.08,1036,41.61,0.00,0.00
75293.26,5397,6316,0,0,0.08,1036,41.61,0.00,0.00
75353.26,5397,6316,0,0,0.08,1036,41.61,0.00,0.00
75413.26,5397,6316,0,0,0.08,1036,41.61,0.00,0.00
75473.26,5397,6316,0,0,0.08,1036,41.61,0.00,0.00
75533.26,5397,6316,0,0,0.08,1036,41.61,0.00,0.00
75593.26,5397,6316,0,0,0.08,1036,41.61,0.00,0.00
75653.26,5397,6316,0,0,0.08,1036,41.61,0.00,0.00
75713.26,5397,6316,0,0,0.08,1036,41.61,0.00,0.00
75773.26,5397,6316,0,0,0.08,1036,41.61,0.00,0.00
75833.26,5397,6316,0,0,0.08,1036,41.61,0.00,0.00
75893.26,5397,6316,0,0,0.08,1036,41.61,0.00,0.00
75953.26,5397,6316,0,0,0.08,1036,41.61,0.00,0.00
76013.26,5397,6316,0,0,0.08,1036,41.61,0.00,0.00
76073.26,5397,6316,0,0,0.08,1036,41.61,0.00,0.00
76133.26,5397,6316,0,0,0.08,1036,41.61,0.00,0.00
76193.26,5397,6316,0,0,0.08,1036,41.61,0.00,0.00
76253.26,5397,6316,0,0,0.08,1036,41.61,0.00,0.00
76313.26,5397,6316,0,0,0.08,1036,41.61,0.00,0.00
76373.26,5397,6316,0,0,0.08,1036,41.61,0.00,0.00
76433.26,5397,6316,0,0,0.08,1036,41.61,0.00,0.00
76493.26,5397,6316,0,0,0.08,1036,41.61,0.00,0.00
76553.26,5397,6316,0,0,0.08,1036,41.61,0.00,0.00
76613.26,5397,6316,0,0,0.08,1036,41.61,0.00,0.00
76673.26,5397,6316,0,0,0.08,1036,41.61,0.00,0.00
76733.26,5397,6316,0,0,0.08,1036,41.61,0.00,0.00
76793.26,5397,6316,0,0,0.08,1036,41.61,0.00,0.00
76853.26,5397,6316,0,0,0.08,1036,41.61,0.00,0.00
76913.26,5397,6316,0,0,0.08,1036,41.61,0.00,0.00
76973.26,5397,6316,0,0,0.08,1036,41.61,0.00,0.00
77033.26,5397,6316,0,0,0.08,1036,41.61,0.00,0.00
77093.26,5397,6316,0,0,0.08,1036,41.61,0.00,0.00
77153.26,5397,6316,0,0,0.08,1036,41.61,0.00,0.00
77213.26,5397,6316,0,0,0.08,1036,41.61,0.00,0.00
77273.26,5397,6316,0,0,0.08,1036,41.61,0.00,0.00
77333.26,5397,6316,0,0,0.08,1036,41.61,0.00,0.00
77393.26,5397,6316,0,0,0.08,1036,41.61,0.00,0.00
77453.26,5397,6316,0,0,0.08,1036,41.61,0.00,0.00
77513.26,5397,6316,0,0,0.08,1036,41.61,0.00,0.00
77573.26,5397,6316,0,0,0.08,1036,41.61,0.00,0.00
77633.26,5397,6316,0,0,0.08,1036,41.61,0.00,0.00
77693.26,5397,6316,0,0,0.08,1036,41.61,0.00,0.00
77753.26,5397,6316,0,0,0.08,1036,41.61,0.00,0.00
77813.26,5397,6316,0,0,0.08,1036,41.61,0.00,0.00
77873.26,5397,6316,0,0,0.08,1036,41.61,0.00,0.00
77933.26,5397,6316,0,0,0.08,1036,41.61,0.00,0.00
77993.26,5397,6316,0,0,0.08,1036,41.61,0.00,0.00
78053.26,5397,6316,0,0,0.08,1036,41.61,0.00,0.00
78113.26,5397,6316,0,0,0.08,1036,41.61,0.00,0.00
78173.26,5397,6316,0,0,0.08,1036,41.61,0.00,0.00
78233.26,5397,6316,0,0,0.08,1036,41.61,0.00,0.00
78293.26,5397,6316,0,0,0.08,1036,41.61,0.00,0.00
78353.26,5397,6316,0,0,0.08,1036,41.61,0.00,0.00
78413.26,5397,6316,0,0,0.08,1036,41.61,0.00,0.00
78473.26,5397,6316,0,0,0.08,1036,41.61,0.00,0.00
78533.26,5397,6316,0,0,0.08,1036,41.61,0.00,0.00
78593.26,5397,6316,0,0,0.08,1036,41.61,0.00,0.00
78653.26,5397,6316,0,0,0.08,1036,41.61,0.00,0.00
78713.26,5397,6316,0,0,0.08,1036,41.61,0.00,0.00
78773.26,5397,6316,0,0,0.08,1036,41.61,0.00,0.00
78833.26,5397,6316,0,0,0.08,1036,41.61,0.00,0.00
78893.26,5397,6316,0,0,0.08,1036,41.61,0.00,0.00
78953.26,5397,6316,0,0,0.08,1036,41.61,0.00,0.00
79013.26,5397,6316,0,0,0.08,1036,41.61,0.00,0.00
79073.26,5397,6316,0,0,0.08,1036,41.61,0.00,0.00
79133.26,5397,6316,0,0,0.08,1036,41.61,0.00,0.00
79193.26,5397,6316,0,0,0.08,1036,41.61,0.00,0.00
79253.26,5397,6316,0,0,0.08,1036,41.61,0.00,0.00
79313.26,5397,6316,0,0,0.08,1036,41.61,0.00,0.00
79373.26,5397,6316,0,0,0.08,1036,41.61,0.00,0.00
79433.26,5397,6316,0,0,0.08,1036,41.61,0.00,0.00
79493.26,5397,6316,0,0,0.08,1036,41.61,0.00,0.00
79553.26,5397,6316,0,0,0.08,1036,41.61,0.00,0.00
79613.26,5397,6316,0,0,0.08,1036,41.61,0.00,0.00
79673.26,5397,6316,0,0,0.08,1036,41.61,0.00,0.00
79733.26,5397,6316,0,0,0.08,1036,41.61,0.00,0.00
79793.26,5397,6316,0,0,0.08,1036,41.61,0.00,0.00
79853.26,5397,6316,0,0,0.08,1036,41.61,0.00,0.00
79913.26,5397,6316,0,0,0.08,1036,41.61,0.00,0.00
79973.26,5397,6316,0,0,0.08,1036,41.61,0.00,0.00
80033.26,5397,6316,0,0,0.08,1036,41.61,0.00,0.00
80093.26,5397,6316,0,0,0.08,1036,41.61,0.00,0.00
80153.26,5397,6316,0,0,0.08,1036,41.61,0.00,0.00
80213.26,5397,6316,0,0,0.08,1036,41.61,0.00,0.00
80273.26,5397,6316,0,0,0.08,1036,41.61,0.00,0.00
80333.26,5397,6316,0,0,0.08,1036,41.61,0.00,0.00
80393.26,5397,6316,0,0,0.08,1036,41.61,0.00,0.00
80453.26,5397,6316,0,0,0.08,1036,41.61,0.00,0.00
80513.26,5397,6316,0,0,0.08,1036,41.61,0.00,0.00
80573.26,5397,6316,0,0,0.08,1036,41.61,0.00,0.00
80633.26,5397,6316,0,0,0.08,1036,41.61,0.00,0.00
80693.26,5397,6316,0,0,0.08,1036,41.61,0.00,0.00
80753.26,5397,6316,0,0,0.08,1036,41.61,0.00,0.00
80813.26,5397,6316,0,0,0.08,1036,41.61,0.00,0.00
80873.26,5397,6316,0,0,0.08,1036,41.61,0.00,0.00
80933.26,5397,6316,0,0,0.08,1036,41.61,0.00,0.00
80993.26,5397,6316,0,0,0.08,1036,41.61,0.00,0.00
81053.26,5397,6316,0,0,0.08,1036,41.61,0.00,0.00
81113.26,5397,6316,0,0,0.08,1036,41.61,0.00,0.00
81173.26,5397,6316,0,0,0.08,1036,41.61,0.00,0.00
81233.26,5397,6316,0,0,0.08,1036,41.61,0.00,0.00
81293.26,5397,6316,0,0,0.08,1036,41.61,0.00,0.00
81353.26,5397,6316,0,0,0.08,1036,41.61,0.00,0.00
81413.26,5397,6316,0,0,0.08,1036,41.61,0.00,0.00
81473.26,5397,6316,0,0,0.08,1036,41.61,0.00,0.00
81533.26,5397,6316,0,0,0.08,1036,41.61,0.00,0.00
81593.26,5397,6316,0,0,0.08,1036,41.61,0.00,0.00
81653.26,5397,6316,0,0,0.08,1036,41.61,0.00,0.00
81713.26,5397,6316,0,0,0.08,1036,41.61,0.00,0.00
81773.26,5397,6316,0,0,0.08,1036,41.61,0.00,0.00
81833.26,5397,6316,0,0,0.08,1036,41.61,0.00,0.00
81893.26,5397,6316,0,0,0.08,1036,41.61,0.00,0.00
81953.26,5397,6316,0,0,0.08,1036,41.61,0.00,0.00
82013.26,5397,6316,0,0,0.08,1036,41.61,0.00,0.00
82073.26,5397,6316,0,0,0.08,1036,41.61,0.00,0.00
82133.26,5397,6316,0,0,0.08,1036,41.61,0.00,0.00
82193.26,5397,6316,0,0,0.08,1036,41.61,0.00,0.00
82253.26,5397,6316,0,0,0.08,1036,41.61,0.00,0.00
82313.26,5397,6316,0,0,0.08,1036,41.61,0.00,0.00
82373.26,5397,6316,0,0,0.08,1036,41.61,0.00,0.00
82433.26,5397,6316,0,0,0.08,1036,41.61,0.00,0.00
82493.26,5397,6316,0,0,0.08,1036,41.61,0.00,0.00
82553.26,5397,6316,0,0,0.08,1036,41.61,0.00,0.00
82613.26,5397,6316,0,0,0.08,1036,41.61,0.00,0.00
82673.26,5397,6316,0,0,0.08,1036,41.61,0.00,0.00
82733.26,5397,6316,0,0,0.08,1036,41.61,0.00,0.00
82793.26,5397,6316,0,0,0.08,1036,41.61,0.00,0.00
82853.26,5397,6316,0,0,0.08,1036,41.61,0.00,0.00
82913.26,5397,6316,0,0,0.08,1036,41.61,0.00,0.00
82973.26,5397,6316,0,0,0.08,1036,41.61,0.00,0.00
83033.26,5397,6316,0,0,0.08,1036,41.61,0.00,0.00
83093.26,5397,6316,0,0,0.08,1036,41.61,0.00,0.00
83153.26,5397,6316,0,0,0.08,1036,41.61,0.00,0.00
83213.26,5397,6316,0,0,0.08,1036,41.61,0.00,0.00
83273.26,5397,6316,0,0,0.08,1036,41.61,0.00,0.00
83333.26,5397,6316,0,0,0.08,1036,41.61,0.00,0.00
83393.26,5397,6316,0,0,0.08,1036,41.61,0.00,0.00
83453.26,5397,6316,0,0,0.08,1036,41.61,0.00,0.00
83513.26,5397,6316,0,0,0.08,1036,41.61,0.00,0.00
83573.26,5397,6316,0,0,0.08,1036,41.61,0.00,0.00
83633.26,5397,6316,0,0,0.08,1036,41.61,0.00,0.00
83693.26,5397,6316,0,0,0.08,1036,41.61,0.00,0.00
83753.26,5397,6316,0,0,0.08,1036,41.61,0.00,0.00
83813.26,5397,6316,0,0,0.08,1036,41.61,0.00,0.00
83873.26,5397,6316,0,0,0.08,1036,41.61,0.00,0.00
83933.26,5397,6316,0,0,0.08,1036,41.61,0.00,0.00
83993.26,5397,6316,0,0,0.08,1036,41.61,0.00,0.00
84053.26,5397,6316,0,0,0.08,1036,41.61,0.00,0.00
84113.26,5397,6316,0,0,0.08,1036,41.61,0.00,0.00
84173.26,5397,6316,0,0,0.08,1036,41.61,0.00,0.00
84233.26,5397,6316,0,0,0.07,1036,41.61,0.00,0.00
84293.26,5397,6316,0,0,0.07,1036,41.61,0.00,0.00
84353.26,5397,6316,0,0,0.07,1036,41.61,0.00,0.00
84413.26,5397,6316,0,0,0.07,1036,41.61,0.00,0.00
84473.26,5397,6316,0,0,0.07,1036,41.61,0.00,0.00
84533.26,5397,6316,0,0,0.07,1036,41.61,0.00,0.00
84593.26,5397,6316,0,0,0.07,1036,41.61,0.00,0.00
84653.26,5397,6316,0,0,0.07,1036,41.61,0.00,0.00
84713.26,5397,6316,0,0,0.07,1036,41.61,0.00,0.00
84773.26,5397,6316,0,0,0.07,1036,41.61,0.00,0.00
84833.26,5397,6316,0,0,0.07,1036,41.61,0.00,0.00
84893.26,5397,6316,0,0,0.07,1036,41.61,0.00,0.00
84953.26,5397,6316,0,0,0.07,1036,41.61,0.00,0.00
85013.26,5397,6316,0,0,0.07,1036,41.61,0.00,0.00
85073.26,5397,6316,0,0,0.07,1036,41.61,0.00,0.00
85133.26,5397,6316,0,0,0.07,1036,41.61,0.00,0.00
85193.26,5397,6316,0,0,0.07,1036,41.61,0.00,0.00
85253.26,5397,6316,0,0,0.07,1036,41.61,0.00,0.00
85313.26,5397,6316,0,0,0.07,1036,41.61,0.00,0.00
85373.26,5397,6316,0,0,0.07,1036,41.61,0.00,0.00
85433.26,5397,6316,0,0,0.07,1036,41.61,0.00,0.00
85493.26,5397,6316,0,0,0.07,1036,41.61,0.00,0.00
85553.26,5397,6316,0,0,0.07,1036,41.61,0.00,0.00
85613.26,5397,6316,0,0,0.07,1036,41.61,0.00,0.00
85673.26,5397,6316,0,0,0.07,1036,41.61,0.00,0.00
85733.26,5397,6316,0,0,0.07,1036,41.61,0.00,0.00
85793.26,5397,6316,0,0,0.07,1036,41.61,0.00,0.00
85853.26,5397,6316,0,0,0.07,1036,41.61,0.00,0.00
85913.26,5397,6316,0,0,0.07,1036,41.61,0.00,0.00
85973.26,5397,6316,0,0,0.07,1036,41.61,0.00,0.00
86033.26,5397,6316,0,0,0.07,1036,41.61,0.00,0.00
86093.26,5397,6316,0,0,0.07,1036,41.61,0.00,0.00
86153.26,5397,6316,0,0,0.07,1036,41.61,0.00,0.00
86213.26,5397,6316,0,0,0.07,1036,41.61,0.00,0.00
86273.26,5397,6316,0,0,0.07,1036,41.61,0.00,0.00
86333.26,5397,6316,0,0,0.07,1036,41.61,0.00,0.00
86393.26,5397,6316,0,0,0.07,1036,41.61,0.00,0.00
