elapsed_time,unique_edges,total_execs,crash_count,hang_count,exec_speed,queue_size,last_new_find,last_crash,last_hang
0.00,0,0,0,0,0.00,0,0.00,0.00,0.00
13.81,854,2778,0,0,201.23,136,13.63,0.00,0.00
26.25,958,5274,0,0,200.90,167,25.24,0.00,0.00
36.31,967,7104,0,0,195.64,175,35.03,0.00,0.00
46.38,975,8874,0,0,191.34,182,46.33,0.00,0.00
56.42,1001,10644,0,0,188.67,191,56.16,0.00,0.00
66.59,1013,12444,0,0,186.88,198,61.37,0.00,0.00
76.68,1017,14214,0,0,185.36,202,75.97,0.00,0.00
89.75,1058,16507,0,0,183.92,218,89.07,0.00,0.00
99.76,1167,18282,0,0,183.26,234,98.79,0.00,0.00
109.80,1183,20058,0,0,182.67,245,108.61,0.00,0.00
119.88,1189,21898,0,0,182.66,251,119.82,0.00,0.00
129.94,1195,23722,0,0,182.55,256,128.30,0.00,0.00
140.03,1198,25530,0,0,182.31,259,138.52,0.00,0.00
150.12,1200,27370,0,0,182.32,261,141.63,0.00,0.00
160.18,1201,29210,0,0,182.36,262,157.32,0.00,0.00
170.21,1208,31034,0,0,182.33,266,168.64,0.00,0.00
180.25,1210,32890,0,0,182.47,268,176.07,0.00,0.00
190.28,1211,34746,0,0,182.61,269,183.24,0.00,0.00
200.34,1214,36634,0,0,182.86,272,194.77,0.00,0.00
210.41,1215,38538,0,0,183.16,273,209.50,0.00,0.00
220.43,1216,40410,0,0,183.32,274,210.60,0.00,0.00
230.48,1224,42266,0,0,183.38,278,227.36,0.00,0.00
240.55,1224,44090,0,0,183.29,278,227.36,0.00,0.00
250.62,1224,45962,0,0,183.39,278,227.36,0.00,0.00
260.69,1225,47818,0,0,183.43,279,252.06,0.00,0.00
270.76,1226,49674,0,0,183.46,280,265.39,0.00,0.00
280.81,1228,51546,0,0,183.56,282,280.44,0.00,0.00
290.84,1228,53402,0,0,183.61,282,280.44,0.00,0.00
300.92,1228,55258,0,0,183.63,282,280.44,0.00,0.00
310.99,1228,57114,0,0,183.65,282,280.44,0.00,0.00
321.06,1228,59002,0,0,183.77,282,280.44,0.00,0.00
331.10,1235,60842,0,0,183.75,285,328.78,0.00,0.00
341.19,1235,62666,0,0,183.67,285,328.78,0.00,0.00
351.21,1249,64471,0,0,183.57,287,349.06,0.00,0.00
361.22,1249,66279,0,0,183.49,287,349.06,0.00,0.00
371.22,1249,68087,0,0,183.41,287,349.06,0.00,0.00
381.26,1249,69895,0,0,183.32,287,349.06,0.00,0.00
391.29,1249,71687,0,0,183.21,287,349.06,0.00,0.00
401.32,1249,73511,0,0,183.17,287,349.06,0.00,0.00
411.41,1249,75335,0,0,183.11,287,349.06,0.00,0.00
421.46,1249,77127,0,0,183.00,287,349.06,0.00,0.00
431.54,1249,78935,0,0,182.91,287,349.06,0.00,0.00
441.60,1249,80743,0,0,182.84,287,349.06,0.00,0.00
451.65,1249,82519,0,0,182.70,287,349.06,0.00,0.00
461.71,1249,84327,0,0,182.64,287,349.06,0.00,0.00
471.79,1249,86135,0,0,182.57,287,349.06,0.00,0.00
481.86,1249,87959,0,0,182.54,287,349.06,0.00,0.00
491.90,1249,89767,0,0,182.49,287,349.06,0.00,0.00
501.99,1249,91607,0,0,182.49,287,349.06,0.00,0.00
512.07,1249,93415,0,0,182.42,287,349.06,0.00,0.00
522.09,1249,95127,0,0,182.20,287,349.06,0.00,0.00
532.18,1249,96887,0,0,182.06,287,349.06,0.00,0.00
542.26,1249,98711,0,0,182.04,287,349.06,0.00,0.00
552.31,1249,100535,0,0,182.03,287,349.06,0.00,0.00
562.35,1249,102407,0,0,182.10,287,349.06,0.00,0.00
572.36,1249,104263,0,0,182.16,287,349.06,0.00,0.00
582.38,1249,106135,0,0,182.24,287,349.06,0.00,0.00
592.40,1249,107991,0,0,182.29,287,349.06,0.00,0.00
622.41,1249,113559,0,0,182.45,287,349.06,0.00,0.00
652.48,1249,119111,0,0,182.55,287,349.06,0.00,0.00
682.52,1249,124711,0,0,182.72,287,349.06,0.00,0.00
712.54,1249,130247,0,0,182.79,287,349.06,0.00,0.00
742.56,1249,135767,0,0,182.84,287,349.06,0.00,0.00
772.57,1250,141319,0,0,182.92,288,745.33,0.00,0.00
802.60,1250,146887,0,0,183.01,288,745.33,0.00,0.00
832.63,1250,152471,0,0,183.12,288,745.33,0.00,0.00
862.69,1250,158071,0,0,183.23,288,745.33,0.00,0.00
892.71,1250,163687,0,0,183.36,288,745.33,0.00,0.00
922.75,1250,169287,0,0,183.46,288,745.33,0.00,0.00
952.76,1250,174871,0,0,183.54,288,745.33,0.00,0.00
982.83,1250,180487,0,0,183.64,288,745.33,0.00,0.00
1012.89,1250,186087,0,0,183.72,288,745.33,0.00,0.00
1042.95,1250,191687,0,0,183.79,288,745.33,0.00,0.00
1072.98,1250,197271,0,0,183.85,288,745.33,0.00,0.00
1103.02,1250,202871,0,0,183.92,288,745.33,0.00,0.00
1133.07,1250,208455,0,0,183.97,288,745.33,0.00,0.00
1163.09,1250,214039,0,0,184.03,288,745.33,0.00,0.00
1193.09,1250,219623,0,0,184.08,288,745.33,0.00,0.00
1223.18,1250,225191,0,0,184.10,288,745.33,0.00,0.00
1253.19,1250,230727,0,0,184.11,288,745.33,0.00,0.00
1283.27,1250,236343,0,0,184.17,288,745.33,0.00,0.00
1313.35,1250,241927,0,0,184.21,288,745.33,0.00,0.00
1343.39,1250,247495,0,0,184.23,288,745.33,0.00,0.00
1373.44,1250,253095,0,0,184.28,288,745.33,0.00,0.00
1403.47,1250,258695,0,0,184.33,288,745.33,0.00,0.00
1433.51,1250,264247,0,0,184.34,288,745.33,0.00,0.00
1463.58,1250,269831,0,0,184.36,288,745.33,0.00,0.00
1493.60,1250,275415,0,0,184.40,288,745.33,0.00,0.00
1523.66,1250,280967,0,0,184.40,288,745.33,0.00,0.00
1553.68,1250,286535,0,0,184.42,288,745.33,0.00,0.00
1583.72,1250,292151,0,0,184.47,288,745.33,0.00,0.00
1613.75,1250,297751,0,0,184.51,288,745.33,0.00,0.00
1643.81,1250,303431,0,0,184.59,288,745.33,0.00,0.00
1673.85,1250,309159,0,0,184.70,288,745.33,0.00,0.00
1703.90,1250,314919,0,0,184.82,288,745.33,0.00,0.00
1733.94,1250,320759,0,0,184.99,288,745.33,0.00,0.00
1763.95,1250,326599,0,0,185.15,288,745.33,0.00,0.00
1794.01,1250,332407,0,0,185.29,288,745.33,0.00,0.00
1824.07,1250,338199,0,0,185.41,288,745.33,0.00,0.00
1854.10,1250,343879,0,0,185.47,288,745.33,0.00,0.00
1884.15,1250,349591,0,0,185.54,288,745.33,0.00,0.00
1914.23,1250,355335,0,0,185.63,288,745.33,0.00,0.00
1944.30,1250,361015,0,0,185.68,288,745.33,0.00,0.00
1974.33,1250,366679,0,0,185.72,288,745.33,0.00,0.00
2004.35,1250,372375,0,0,185.78,288,745.33,0.00,0.00
2034.36,1250,378039,0,0,185.83,288,745.33,0.00,0.00
2064.45,1250,383719,0,0,185.87,288,745.33,0.00,0.00
2094.47,1250,389383,0,0,185.91,288,745.33,0.00,0.00
2124.51,1250,395127,0,0,185.98,288,745.33,0.00,0.00
2154.56,1250,400855,0,0,186.05,288,745.33,0.00,0.00
2184.58,1250,406583,0,0,186.11,288,745.33,0.00,0.00
2214.66,1250,412279,0,0,186.16,288,745.33,0.00,0.00
2244.70,1250,417959,0,0,186.20,288,745.33,0.00,0.00
2274.77,1250,423639,0,0,186.23,288,745.33,0.00,0.00
2304.84,1250,429351,0,0,186.28,288,745.33,0.00,0.00
2334.87,1250,435079,0,0,186.34,288,745.33,0.00,0.00
2364.92,1250,440791,0,0,186.39,288,745.33,0.00,0.00
2394.94,1250,446487,0,0,186.43,288,745.33,0.00,0.00
2425.02,1250,452183,0,0,186.47,288,745.33,0.00,0.00
2455.03,1250,457767,0,0,186.46,288,745.33,0.00,0.00
2485.04,1250,463351,0,0,186.46,288,745.33,0.00,0.00
2515.12,1250,468935,0,0,186.45,288,745.33,0.00,0.00
2545.16,1250,474487,0,0,186.43,288,745.33,0.00,0.00
2575.20,1250,480087,0,0,186.43,288,745.33,0.00,0.00
2605.28,1250,485639,0,0,186.41,288,745.33,0.00,0.00
2635.30,1250,491191,0,0,186.39,288,745.33,0.00,0.00
2665.37,1250,496759,0,0,186.38,288,745.33,0.00,0.00
2695.38,1250,502311,0,0,186.36,288,745.33,0.00,0.00
2725.45,1250,507911,0,0,186.36,288,745.33,0.00,0.00
2755.46,1250,513447,0,0,186.34,288,745.33,0.00,0.00
2785.49,1250,519031,0,0,186.33,288,745.33,0.00,0.00
2815.50,1250,524647,0,0,186.34,288,745.33,0.00,0.00
2845.51,1250,530263,0,0,186.35,288,745.33,0.00,0.00
2875.58,1250,535879,0,0,186.35,288,745.33,0.00,0.00
2905.60,1250,541463,0,0,186.35,288,745.33,0.00,0.00
2935.63,1250,547111,0,0,186.37,288,745.33,0.00,0.00
2965.69,1250,552727,0,0,186.37,288,745.33,0.00,0.00
2995.73,1250,558263,0,0,186.35,288,745.33,0.00,0.00
3025.82,1250,563831,0,0,186.34,288,745.33,0.00,0.00
3055.91,1250,569399,0,0,186.33,288,745.33,0.00,0.00
3085.96,1250,574983,0,0,186.32,288,745.33,0.00,0.00
3116.04,1250,580551,0,0,186.31,288,745.33,0.00,0.00
3146.05,1250,586151,0,0,186.31,288,745.33,0.00,0.00
3176.08,1250,591703,0,0,186.30,288,745.33,0.00,0.00
3206.10,1250,597271,0,0,186.29,288,745.33,0.00,0.00
3236.10,1250,602839,0,0,186.29,288,745.33,0.00,0.00
3266.12,1250,608375,0,0,186.27,288,745.33,0.00,0.00
3296.19,1250,613927,0,0,186.25,288,745.33,0.00,0.00
3326.20,1250,619447,0,0,186.23,288,745.33,0.00,0.00
3356.25,1250,624999,0,0,186.22,288,745.33,0.00,0.00
3386.28,1250,630583,0,0,186.22,288,745.33,0.00,0.00
3416.36,1250,636167,0,0,186.21,288,745.33,0.00,0.00
3446.42,1250,641751,0,0,186.21,288,745.33,0.00,0.00
3476.47,1250,647287,0,0,186.19,288,745.33,0.00,0.00
3506.51,1250,652919,0,0,186.20,288,745.33,0.00,0.00
3536.52,1250,658647,0,0,186.24,288,745.33,0.00,0.00
3566.60,1250,664375,0,0,186.28,288,745.33,0.00,0.00
3596.62,1250,670071,0,0,186.31,288,745.33,0.00,0.00
3656.66,1250,681367,0,0,186.34,288,745.33,0.00,0.00
3716.68,1250,692679,0,0,186.37,288,745.33,0.00,0.00
3776.70,1250,703911,0,0,186.38,288,745.33,0.00,0.00
3836.74,1250,715015,0,0,186.36,288,745.33,0.00,0.00
3896.81,1250,726215,0,0,186.36,288,745.33,0.00,0.00
3956.87,1250,737399,0,0,186.36,288,745.33,0.00,0.00
4016.90,1250,748583,0,0,186.36,288,745.33,0.00,0.00
4076.99,1250,759719,0,0,186.34,288,745.33,0.00,0.00
4136.99,1250,770951,0,0,186.36,288,745.33,0.00,0.00
4197.02,1250,782103,0,0,186.35,288,745.33,0.00,0.00
4257.07,1250,793207,0,0,186.33,288,745.33,0.00,0.00
4317.09,1250,804375,0,0,186.32,288,745.33,0.00,0.00
4377.14,1250,815559,0,0,186.32,288,745.33,0.00,0.00
4437.22,1250,826775,0,0,186.33,288,745.33,0.00,0.00
4497.24,1250,837975,0,0,186.33,288,745.33,0.00,0.00
4557.29,1250,849095,0,0,186.32,288,745.33,0.00,0.00
4617.39,1250,860359,0,0,186.33,288,745.33,0.00,0.00
4677.44,1250,871591,0,0,186.34,288,745.33,0.00,0.00
4737.46,1250,882743,0,0,186.33,288,745.33,0.00,0.00
4797.53,1250,893943,0,0,186.33,288,745.33,0.00,0.00
4857.57,1250,905159,0,0,186.34,288,745.33,0.00,0.00
4917.64,1250,916391,0,0,186.35,288,745.33,0.00,0.00
4977.70,1250,927783,0,0,186.39,288,745.33,0.00,0.00
5037.76,1250,939191,0,0,186.43,288,745.33,0.00,0.00
5097.76,1250,950631,0,0,186.48,288,745.33,0.00,0.00
5157.77,1250,961863,0,0,186.49,288,745.33,0.00,0.00
5217.85,1250,973095,0,0,186.49,288,745.33,0.00,0.00
5277.93,1250,984263,0,0,186.49,288,745.33,0.00,0.00
5338.01,1250,995415,0,0,186.48,288,745.33,0.00,0.00
5398.05,1252,1006599,0,0,186.47,289,5391.99,0.00,0.00
5458.06,1252,1017767,0,0,186.47,289,5391.99,0.00,0.00
5518.13,1252,1028871,0,0,186.45,289,5391.99,0.00,0.00
5578.20,1252,1040039,0,0,186.45,289,5391.99,0.00,0.00
5638.26,1252,1051255,0,0,186.45,289,5391.99,0.00,0.00
5698.32,1252,1062535,0,0,186.46,289,5391.99,0.00,0.00
5758.39,1252,1073751,0,0,186.47,289,5391.99,0.00,0.00
5818.45,1252,1084935,0,0,186.46,289,5391.99,0.00,0.00
5878.52,1252,1096215,0,0,186.48,289,5391.99,0.00,0.00
5938.54,1252,1107479,0,0,186.49,289,5391.99,0.00,0.00
5998.63,1252,1118711,0,0,186.49,289,5391.99,0.00,0.00
6058.64,1252,1129911,0,0,186.50,289,5391.99,0.00,0.00
6118.70,1252,1141079,0,0,186.49,289,5391.99,0.00,0.00
6178.74,1252,1152247,0,0,186.49,289,5391.99,0.00,0.00
6238.76,1252,1163431,0,0,186.48,289,5391.99,0.00,0.00
6298.81,1252,1174855,0,0,186.52,289,5391.99,0.00,0.00
6358.81,1252,1186439,0,0,186.58,289,5391.99,0.00,0.00
6418.84,1252,1198039,0,0,186.64,289,5391.99,0.00,0.00
6478.84,1252,1209655,0,0,186.71,289,5391.99,0.00,0.00
6538.88,1252,1221223,0,0,186.76,289,5391.99,0.00,0.00
6598.89,1252,1232743,0,0,186.81,289,5391.99,0.00,0.00
6658.90,1252,1244279,0,0,186.86,289,5391.99,0.00,0.00
6718.93,1252,1255863,0,0,186.91,289,5391.99,0.00,0.00
6778.94,1252,1267351,0,0,186.95,289,5391.99,0.00,0.00
6839.02,1252,1278887,0,0,187.00,289,5391.99,0.00,0.00
6899.04,1252,1290471,0,0,187.05,289,5391.99,0.00,0.00
6959.10,1252,1302071,0,0,187.10,289,5391.99,0.00,0.00
7019.19,1252,1313623,0,0,187.15,289,5391.99,0.00,0.00
7079.26,1252,1325239,0,0,187.20,289,5391.99,0.00,0.00
7139.31,1252,1336855,0,0,187.25,289,5391.99,0.00,0.00
7199.37,1252,1348359,0,0,187.29,289,5391.99,0.00,0.00
7259.41,1252,1359895,0,0,187.33,289,5391.99,0.00,0.00
7319.48,1252,1371319,0,0,187.35,289,5391.99,0.00,0.00
7379.49,1252,1382839,0,0,187.39,289,5391.99,0.00,0.00
7439.52,1252,1394407,0,0,187.43,289,5391.99,0.00,0.00
7499.59,1252,1406007,0,0,187.48,289,5391.99,0.00,0.00
7559.64,1252,1417591,0,0,187.52,289,5391.99,0.00,0.00
7619.70,1252,1429143,0,0,187.56,289,5391.99,0.00,0.00
7679.71,1252,1440695,0,0,187.60,289,5391.99,0.00,0.00
7739.74,1252,1452263,0,0,187.64,289,5391.99,0.00,0.00
7799.81,1252,1463879,0,0,187.68,289,5391.99,0.00,0.00
7859.82,1252,1475399,0,0,187.71,289,5391.99,0.00,0.00
7919.84,1252,1486935,0,0,187.75,289,5391.99,0.00,0.00
7979.87,1252,1498439,0,0,187.78,289,5391.99,0.00,0.00
8039.88,1252,1509943,0,0,187.81,289,5391.99,0.00,0.00
8099.97,1252,1521463,0,0,187.84,289,5391.99,0.00,0.00
8160.05,1252,1533047,0,0,187.87,289,5391.99,0.00,0.00
8220.05,1252,1544487,0,0,187.89,289,5391.99,0.00,0.00
8280.08,1252,1556039,0,0,187.93,289,5391.99,0.00,0.00
8340.15,1252,1567639,0,0,187.96,289,5391.99,0.00,0.00
8400.16,1252,1579303,0,0,188.01,289,5391.99,0.00,0.00
8460.20,1252,1590791,0,0,188.03,289,5391.99,0.00,0.00
8520.23,1252,1602391,0,0,188.07,289,5391.99,0.00,0.00
8580.26,1252,1613863,0,0,188.09,289,5391.99,0.00,0.00
8640.33,1252,1625447,0,0,188.12,289,5391.99,0.00,0.00
8700.34,1252,1637015,0,0,188.16,289,5391.99,0.00,0.00
8760.38,1252,1648503,0,0,188.18,289,5391.99,0.00,0.00
8820.39,1252,1659991,0,0,188.20,289,5391.99,0.00,0.00
8880.43,1252,1671495,0,0,188.22,289,5391.99,0.00,0.00
8940.51,1252,1682999,0,0,188.24,289,5391.99,0.00,0.00
9000.52,1252,1694439,0,0,188.26,289,5391.99,0.00,0.00
9060.53,1252,1705863,0,0,188.27,289,5391.99,0.00,0.00
9120.54,1252,1717383,0,0,188.30,289,5391.99,0.00,0.00
9180.62,1252,1728951,0,0,188.33,289,5391.99,0.00,0.00
9240.63,1252,1740487,0,0,188.35,289,5391.99,0.00,0.00
9300.65,1252,1752039,0,0,188.38,289,5391.99,0.00,0.00
9360.70,1252,1763559,0,0,188.40,289,5391.99,0.00,0.00
9420.73,1252,1774967,0,0,188.41,289,5391.99,0.00,0.00
9480.77,1252,1786519,0,0,188.44,289,5391.99,0.00,0.00
9540.81,1252,1798103,0,0,188.46,289,5391.99,0.00,0.00
9600.85,1252,1809751,0,0,188.50,289,5391.99,0.00,0.00
9660.86,1252,1821319,0,0,188.53,289,5391.99,0.00,0.00
9720.87,1252,1832855,0,0,188.55,289,5391.99,0.00,0.00
9780.95,1252,1844423,0,0,188.57,289,5391.99,0.00,0.00
9840.97,1252,1855927,0,0,188.59,289,5391.99,0.00,0.00
9901.04,1252,1867575,0,0,188.62,289,5391.99,0.00,0.00
9961.08,1252,1879095,0,0,188.64,289,5391.99,0.00,0.00
10021.09,1252,1890567,0,0,188.66,289,5391.99,0.00,0.00
10081.11,1252,1902151,0,0,188.68,289,5391.99,0.00,0.00
10141.13,1252,1913735,0,0,188.71,289,5391.99,0.00,0.00
10201.15,1252,1925319,0,0,188.74,289,5391.99,0.00,0.00
10261.17,1252,1936935,0,0,188.76,289,5391.99,0.00,0.00
10321.25,1252,1948535,0,0,188.79,289,5391.99,0.00,0.00
10381.26,1252,1960023,0,0,188.80,289,5391.99,0.00,0.00
10441.31,1252,1971543,0,0,188.82,289,5391.99,0.00,0.00
10501.32,1252,1983143,0,0,188.85,289,5391.99,0.00,0.00
10561.33,1252,1994631,0,0,188.86,289,5391.99,0.00,0.00
10621.39,1252,2006215,0,0,188.88,289,5391.99,0.00,0.00
10681.41,1252,2017783,0,0,188.91,289,5391.99,0.00,0.00
10741.46,1252,2029319,0,0,188.92,289,5391.99,0.00,0.00
10801.52,1252,2040775,0,0,188.93,289,5391.99,0.00,0.00
10861.61,1252,2052263,0,0,188.95,289,5391.99,0.00,0.00
10921.64,1252,2063783,0,0,188.96,289,5391.99,0.00,0.00
10981.74,1252,2075239,0,0,188.97,289,5391.99,0.00,0.00
11041.80,1252,2086663,0,0,188.98,289,5391.99,0.00,0.00
11101.81,1252,2098215,0,0,189.00,289,5391.99,0.00,0.00
11161.82,1252,2109783,0,0,189.02,289,5391.99,0.00,0.00
11221.90,1252,2121351,0,0,189.04,289,5391.99,0.00,0.00
11281.96,1252,2132807,0,0,189.05,289,5391.99,0.00,0.00
11342.01,1252,2144375,0,0,189.06,289,5391.99,0.00,0.00
11402.02,1252,2155863,0,0,189.08,289,5391.99,0.00,0.00
11462.03,1252,2167383,0,0,189.09,289,5391.99,0.00,0.00
11522.09,1252,2178951,0,0,189.11,289,5391.99,0.00,0.00
11582.14,1252,2190391,0,0,189.12,289,5391.99,0.00,0.00
11642.19,1252,2201943,0,0,189.13,289,5391.99,0.00,0.00
11702.25,1252,2213559,0,0,189.16,289,5391.99,0.00,0.00
11762.30,1252,2225031,0,0,189.17,289,5391.99,0.00,0.00
11822.36,1252,2236567,0,0,189.18,289,5391.99,0.00,0.00
11882.40,1252,2247719,0,0,189.16,289,5391.99,0.00,0.00
11942.46,1252,2258871,0,0,189.15,289,5391.99,0.00,0.00
12002.55,1252,2270023,0,0,189.13,289,5391.99,0.00,0.00
12062.63,1252,2281239,0,0,189.12,289,5391.99,0.00,0.00
12122.68,1252,2292471,0,0,189.11,289,5391.99,0.00,0.00
12182.76,1252,2303719,0,0,189.10,289,5391.99,0.00,0.00
12242.79,1252,2314935,0,0,189.09,289,5391.99,0.00,0.00
12302.83,1252,2326119,0,0,189.07,289,5391.99,0.00,0.00
12362.89,1252,2337367,0,0,189.06,289,5391.99,0.00,0.00
12422.90,1252,2348599,0,0,189.05,289,5391.99,0.00,0.00
12482.92,1252,2359911,0,0,189.05,289,5391.99,0.00,0.00
12542.99,1252,2371191,0,0,189.05,289,5391.99,0.00,0.00
12602.99,1252,2382295,0,0,189.03,289,5391.99,0.00,0.00
12663.00,1252,2393447,0,0,189.01,289,5391.99,0.00,0.00
12723.05,1252,2404679,0,0,189.00,289,5391.99,0.00,0.00
12783.07,1252,2415815,0,0,188.99,289,5391.99,0.00,0.00
12843.12,1252,2427047,0,0,188.98,289,5391.99,0.00,0.00
12903.18,1252,2438327,0,0,188.97,289,5391.99,0.00,0.00
12963.22,1252,2449575,0,0,188.96,289,5391.99,0.00,0.00
13023.25,1252,2460663,0,0,188.94,289,5391.99,0.00,0.00
13083.26,1252,2471831,0,0,188.93,289,5391.99,0.00,0.00
13143.27,1252,2483063,0,0,188.92,289,5391.99,0.00,0.00
13203.34,1252,2494343,0,0,188.92,289,5391.99,0.00,0.00
13263.36,1252,2505463,0,0,188.90,289,5391.99,0.00,0.00
13323.37,1252,2516679,0,0,188.89,289,5391.99,0.00,0.00
13383.42,1252,2527895,0,0,188.88,289,5391.99,0.00,0.00
13443.50,1252,2539079,0,0,188.87,289,5391.99,0.00,0.00
13503.56,1252,2550215,0,0,188.86,289,5391.99,0.00,0.00
13563.57,1252,2561415,0,0,188.85,289,5391.99,0.00,0.00
13623.62,1252,2572615,0,0,188.83,289,5391.99,0.00,0.00
13683.64,1252,2583863,0,0,188.83,289,5391.99,0.00,0.00
13743.66,1252,2595031,0,0,188.82,289,5391.99,0.00,0.00
13803.68,1252,2606279,0,0,188.81,289,5391.99,0.00,0.00
13863.71,1252,2617479,0,0,188.80,289,5391.99,0.00,0.00
13923.72,1252,2628599,0,0,188.79,289,5391.99,0.00,0.00
13983.75,1252,2639799,0,0,188.78,289,5391.99,0.00,0.00
14043.81,1252,2651111,0,0,188.77,289,5391.99,0.00,0.00
14103.83,1252,2662391,0,0,188.77,289,5391.99,0.00,0.00
14163.85,1252,2673815,0,0,188.78,289,5391.99,0.00,0.00
14223.92,1252,2685271,0,0,188.79,289,5391.99,0.00,0.00
14283.94,1252,2696487,0,0,188.78,289,5391.99,0.00,0.00
14344.02,1252,2707815,0,0,188.78,289,5391.99,0.00,0.00
14404.09,1252,2719191,0,0,188.78,289,5391.99,0.00,0.00
14464.14,1252,2730535,0,0,188.78,289,5391.99,0.00,0.00
14524.17,1252,2741815,0,0,188.78,289,5391.99,0.00,0.00
14584.18,1252,2753159,0,0,188.78,289,5391.99,0.00,0.00
14644.23,1252,2764551,0,0,188.78,289,5391.99,0.00,0.00
14704.24,1252,2775879,0,0,188.78,289,5391.99,0.00,0.00
14764.24,1252,2787271,0,0,188.79,289,5391.99,0.00,0.00
14824.33,1252,2798631,0,0,188.79,289,5391.99,0.00,0.00
14884.40,1252,2809911,0,0,188.78,289,5391.99,0.00,0.00
14944.42,1252,2821047,0,0,188.77,289,5391.99,0.00,0.00
15004.49,1252,2832279,0,0,188.76,289,5391.99,0.00,0.00
15064.52,1252,2843511,0,0,188.76,289,5391.99,0.00,0.00
15124.53,1252,2854695,0,0,188.75,289,5391.99,0.00,0.00
15184.62,1252,2865959,0,0,188.74,289,5391.99,0.00,0.00
15244.63,1252,2877079,0,0,188.73,289,5391.99,0.00,0.00
15304.71,1252,2888295,0,0,188.72,289,5391.99,0.00,0.00
15364.76,1252,2899511,0,0,188.71,289,5391.99,0.00,0.00
15424.78,1252,2910791,0,0,188.71,289,5391.99,0.00,0.00
15484.78,1252,2922087,0,0,188.71,289,5391.99,0.00,0.00
15544.84,1252,2933447,0,0,188.71,289,5391.99,0.00,0.00
15604.92,1252,2944839,0,0,188.71,289,5391.99,0.00,0.00
15664.99,1252,2956311,0,0,188.72,289,5391.99,0.00,0.00
15725.01,1252,2967671,0,0,188.72,289,5391.99,0.00,0.00
15785.04,1252,2978903,0,0,188.72,289,5391.99,0.00,0.00
15845.10,1252,2990119,0,0,188.71,289,5391.99,0.00,0.00
15905.11,1252,3001383,0,0,188.71,289,5391.99,0.00,0.00
15965.11,1252,3012567,0,0,188.70,289,5391.99,0.00,0.00
16025.16,1252,3023751,0,0,188.69,289,5391.99,0.00,0.00
16085.24,1252,3034935,0,0,188.68,289,5391.99,0.00,0.00
16145.27,1252,3046167,0,0,188.67,289,5391.99,0.00,0.00
16205.29,1252,3057383,0,0,188.67,289,5391.99,0.00,0.00
16265.34,1252,3068631,0,0,188.66,289,5391.99,0.00,0.00
16325.35,1252,3079831,0,0,188.65,289,5391.99,0.00,0.00
16385.39,1252,3091015,0,0,188.64,289,5391.99,0.00,0.00
16445.40,1252,3102151,0,0,188.63,289,5391.99,0.00,0.00
16505.44,1252,3113335,0,0,188.62,289,5391.99,0.00,0.00
16565.44,1252,3124487,0,0,188.61,289,5391.99,0.00,0.00
16625.45,1252,3135623,0,0,188.60,289,5391.99,0.00,0.00
16685.48,1252,3146919,0,0,188.60,289,5391.99,0.00,0.00
16745.54,1252,3158167,0,0,188.60,289,5391.99,0.00,0.00
16805.58,1252,3169335,0,0,188.59,289,5391.99,0.00,0.00
16865.64,1252,3180551,0,0,188.58,289,5391.99,0.00,0.00
16925.69,1252,3191623,0,0,188.57,289,5391.99,0.00,0.00
16985.72,1252,3202823,0,0,188.56,289,5391.99,0.00,0.00
17045.73,1252,3214135,0,0,188.56,289,5391.99,0.00,0.00
17105.80,1252,3225383,0,0,188.55,289,5391.99,0.00,0.00
17165.87,1252,3236583,0,0,188.55,289,5391.99,0.00,0.00
17225.95,1252,3247751,0,0,188.54,289,5391.99,0.00,0.00
17286.01,1252,3258919,0,0,188.53,289,5391.99,0.00,0.00
17346.06,1252,3270247,0,0,188.53,289,5391.99,0.00,0.00
17406.13,1252,3281431,0,0,188.52,289,5391.99,0.00,0.00
17466.19,1252,3292615,0,0,188.51,289,5391.99,0.00,0.00
17526.21,1252,3303863,0,0,188.51,289,5391.99,0.00,0.00
17586.24,1252,3315095,0,0,188.51,289,5391.99,0.00,0.00
17646.25,1252,3326263,0,0,188.50,289,5391.99,0.00,0.00
17706.32,1252,3337495,0,0,188.49,289,5391.99,0.00,0.00
17766.36,1252,3348711,0,0,188.49,289,5391.99,0.00,0.00
17826.43,1252,3359895,0,0,188.48,289,5391.99,0.00,0.00
17886.48,1252,3371143,0,0,188.47,289,5391.99,0.00,0.00
17946.57,1252,3382263,0,0,188.46,289,5391.99,0.00,0.00
18006.57,1252,3393479,0,0,188.46,289,5391.99,0.00,0.00
18066.62,1252,3404551,0,0,188.44,289,5391.99,0.00,0.00
18126.64,1252,3415767,0,0,188.44,289,5391.99,0.00,0.00
18186.68,1252,3426967,0,0,188.43,289,5391.99,0.00,0.00
18246.71,1252,3438135,0,0,188.42,289,5391.99,0.00,0.00
18306.73,1252,3449367,0,0,188.42,289,5391.99,0.00,0.00
18366.81,1252,3460519,0,0,188.41,289,5391.99,0.00,0.00
18426.85,1252,3471735,0,0,188.41,289,5391.99,0.00,0.00
18486.91,1252,3482951,0,0,188.40,289,5391.99,0.00,0.00
18546.92,1252,3494215,0,0,188.40,289,5391.99,0.00,0.00
18606.99,1252,3505463,0,0,188.39,289,5391.99,0.00,0.00
18667.07,1252,3516599,0,0,188.39,289,5391.99,0.00,0.00
18727.07,1252,3527799,0,0,188.38,289,5391.99,0.00,0.00
18787.16,1252,3538503,0,0,188.35,289,5391.99,0.00,0.00
18847.23,1252,3549255,0,0,188.32,289,5391.99,0.00,0.00
18907.27,1252,3559927,0,0,188.28,289,5391.99,0.00,0.00
18967.33,1252,3570695,0,0,188.26,289,5391.99,0.00,0.00
19027.40,1252,3581447,0,0,188.23,289,5391.99,0.00,0.00
19087.45,1252,3592135,0,0,188.19,289,5391.99,0.00,0.00
19147.52,1252,3602807,0,0,188.16,289,5391.99,0.00,0.00
19207.54,1252,3613527,0,0,188.13,289,5391.99,0.00,0.00
19267.54,1252,3624199,0,0,188.10,289,5391.99,0.00,0.00
19327.59,1252,3634935,0,0,188.07,289,5391.99,0.00,0.00
19387.59,1252,3645703,0,0,188.04,289,5391.99,0.00,0.00
19447.63,1252,3656407,0,0,188.01,289,5391.99,0.00,0.00
19507.71,1252,3667127,0,0,187.98,289,5391.99,0.00,0.00
19567.77,1252,3677943,0,0,187.96,289,5391.99,0.00,0.00
19627.83,1252,3688711,0,0,187.93,289,5391.99,0.00,0.00
19687.92,1252,3699351,0,0,187.90,289,5391.99,0.00,0.00
19748.01,1252,3710119,0,0,187.87,289,5391.99,0.00,0.00
19808.04,1252,3720727,0,0,187.84,289,5391.99,0.00,0.00
19868.07,1252,3731431,0,0,187.81,289,5391.99,0.00,0.00
19928.15,1252,3742103,0,0,187.78,289,5391.99,0.00,0.00
19988.17,1252,3752887,0,0,187.76,289,5391.99,0.00,0.00
20048.20,1252,3763719,0,0,187.73,289,5391.99,0.00,0.00
20108.26,1252,3774407,0,0,187.70,289,5391.99,0.00,0.00
20168.30,1252,3785191,0,0,187.68,289,5391.99,0.00,0.00
20228.33,1252,3796039,0,0,187.66,289,5391.99,0.00,0.00
20288.33,1252,3806775,0,0,187.63,289,5391.99,0.00,0.00
20348.34,1252,3817575,0,0,187.61,289,5391.99,0.00,0.00
20408.39,1252,3828311,0,0,187.59,289,5391.99,0.00,0.00
20468.45,1252,3838951,0,0,187.55,289,5391.99,0.00,0.00
20528.48,1252,3849751,0,0,187.53,289,5391.99,0.00,0.00
20588.50,1252,3860471,0,0,187.51,289,5391.99,0.00,0.00
20648.59,1252,3871223,0,0,187.48,289,5391.99,0.00,0.00
20708.64,1252,3882007,0,0,187.46,289,5391.99,0.00,0.00
20768.73,1252,3892807,0,0,187.44,289,5391.99,0.00,0.00
20828.75,1252,3903591,0,0,187.41,289,5391.99,0.00,0.00
20888.84,1252,3914231,0,0,187.38,289,5391.99,0.00,0.00
20948.85,1252,3924967,0,0,187.36,289,5391.99,0.00,0.00
21008.93,1252,3935767,0,0,187.34,289,5391.99,0.00,0.00
21069.00,1252,3946455,0,0,187.31,289,5391.99,0.00,0.00
21129.02,1252,3957175,0,0,187.29,289,5391.99,0.00,0.00
21189.06,1252,3968071,0,0,187.27,289,5391.99,0.00,0.00
21249.12,1252,3978823,0,0,187.25,289,5391.99,0.00,0.00
21309.17,1252,3989639,0,0,187.23,289,5391.99,0.00,0.00
21369.17,1252,4000503,0,0,187.21,289,5391.99,0.00,0.00
21429.20,1252,4011271,0,0,187.19,289,5391.99,0.00,0.00
21489.23,1252,4022151,0,0,187.17,289,5391.99,0.00,0.00
21549.29,1252,4032823,0,0,187.14,289,5391.99,0.00,0.00
21609.35,1252,4043655,0,0,187.13,289,5391.99,0.00,0.00
21669.36,1252,4054551,0,0,187.11,289,5391.99,0.00,0.00
21729.39,1252,4065351,0,0,187.09,289,5391.99,0.00,0.00
21789.46,1252,4076103,0,0,187.07,289,5391.99,0.00,0.00
21849.49,1252,4087015,0,0,187.05,289,5391.99,0.00,0.00
21909.52,1252,4097847,0,0,187.03,289,5391.99,0.00,0.00
21969.53,1252,4108567,0,0,187.01,289,5391.99,0.00,0.00
22029.62,1252,4119479,0,0,187.00,289,5391.99,0.00,0.00
22089.66,1252,4130119,0,0,186.97,289,5391.99,0.00,0.00
22149.75,1252,4140983,0,0,186.95,289,5391.99,0.00,0.00
22209.80,1252,4151703,0,0,186.93,289,5391.99,0.00,0.00
22269.82,1252,4162407,0,0,186.91,289,5391.99,0.00,0.00
22329.83,1252,4173111,0,0,186.89,289,5391.99,0.00,0.00
22389.84,1252,4183847,0,0,186.86,289,5391.99,0.00,0.00
22449.87,1252,4194759,0,0,186.85,289,5391.99,0.00,0.00
22509.95,1252,4205703,0,0,186.84,289,5391.99,0.00,0.00
22569.98,1252,4216503,0,0,186.82,289,5391.99,0.00,0.00
22630.05,1252,4227287,0,0,186.80,289,5391.99,0.00,0.00
22690.07,1252,4238167,0,0,186.79,289,5391.99,0.00,0.00
22750.11,1252,4249111,0,0,186.77,289,5391.99,0.00,0.00
22810.18,1252,4260023,0,0,186.76,289,5391.99,0.00,0.00
22870.26,1252,4271031,0,0,186.75,289,5391.99,0.00,0.00
22930.30,1252,4281975,0,0,186.74,289,5391.99,0.00,0.00
22990.37,1252,4292871,0,0,186.72,289,5391.99,0.00,0.00
23050.39,1252,4303799,0,0,186.71,289,5391.99,0.00,0.00
23110.47,1252,4314759,0,0,186.70,289,5391.99,0.00,0.00
23170.53,1252,4325639,0,0,186.69,289,5391.99,0.00,0.00
23230.54,1252,4336503,0,0,186.67,289,5391.99,0.00,0.00
23290.56,1252,4347303,0,0,186.66,289,5391.99,0.00,0.00
23350.63,1252,4358135,0,0,186.64,289,5391.99,0.00,0.00
23410.65,1252,4368967,0,0,186.62,289,5391.99,0.00,0.00
23470.72,1252,4379847,0,0,186.61,289,5391.99,0.00,0.00
23530.80,1252,4390759,0,0,186.60,289,5391.99,0.00,0.00
23590.82,1252,4401575,0,0,186.58,289,5391.99,0.00,0.00
23650.90,1252,4412487,0,0,186.57,289,5391.99,0.00,0.00
23710.95,1252,4423399,0,0,186.56,289,5391.99,0.00,0.00
23770.97,1252,4434279,0,0,186.54,289,5391.99,0.00,0.00
23831.00,1252,4445111,0,0,186.53,289,5391.99,0.00,0.00
23891.05,1252,4455975,0,0,186.51,289,5391.99,0.00,0.00
23951.06,1252,4466839,0,0,186.50,289,5391.99,0.00,0.00
24011.10,1252,4477831,0,0,186.49,289,5391.99,0.00,0.00
24071.13,1252,4488775,0,0,186.48,289,5391.99,0.00,0.00
24131.15,1252,4499735,0,0,186.47,289,5391.99,0.00,0.00
24191.22,1252,4510631,0,0,186.46,289,5391.99,0.00,0.00
24251.27,1252,4521543,0,0,186.45,289,5391.99,0.00,0.00
24311.29,1252,4532471,0,0,186.43,289,5391.99,0.00,0.00
24371.32,1252,4543207,0,0,186.42,289,5391.99,0.00,0.00
24431.37,1252,4554007,0,0,186.40,289,5391.99,0.00,0.00
24491.38,1252,4564823,0,0,186.38,289,5391.99,0.00,0.00
24551.46,1252,4575703,0,0,186.37,289,5391.99,0.00,0.00
24611.52,1252,4586423,0,0,186.35,289,5391.99,0.00,0.00
24671.55,1252,4597255,0,0,186.34,289,5391.99,0.00,0.00
24731.56,1252,4608039,0,0,186.32,289,5391.99,0.00,0.00
24791.61,1252,4618823,0,0,186.31,289,5391.99,0.00,0.00
24851.64,1252,4629655,0,0,186.29,289,5391.99,0.00,0.00
24911.65,1252,4640423,0,0,186.28,289,5391.99,0.00,0.00
24971.72,1252,4651367,0,0,186.27,289,5391.99,0.00,0.00
25031.79,1252,4662119,0,0,186.25,289,5391.99,0.00,0.00
25091.80,1252,4672919,0,0,186.23,289,5391.99,0.00,0.00
25151.83,1252,4683735,0,0,186.22,289,5391.99,0.00,0.00
25211.88,1252,4694567,0,0,186.20,289,5391.99,0.00,0.00
25271.89,1252,4705335,0,0,186.19,289,5391.99,0.00,0.00
25331.93,1252,4716055,0,0,186.17,289,5391.99,0.00,0.00
25391.97,1252,4726887,0,0,186.16,289,5391.99,0.00,0.00
25452.05,1252,4737943,0,0,186.15,289,5391.99,0.00,0.00
25512.13,1252,4748951,0,0,186.14,289,5391.99,0.00,0.00
25572.14,1252,4759831,0,0,186.13,289,5391.99,0.00,0.00
25632.22,1252,4770663,0,0,186.12,289,5391.99,0.00,0.00
25692.22,1252,4781479,0,0,186.11,289,5391.99,0.00,0.00
25752.29,1252,4792215,0,0,186.09,289,5391.99,0.00,0.00
25812.32,1252,4803079,0,0,186.08,289,5391.99,0.00,0.00
25872.41,1252,4813911,0,0,186.06,289,5391.99,0.00,0.00
25932.44,1252,4824727,0,0,186.05,289,5391.99,0.00,0.00
25992.48,1252,4835607,0,0,186.04,289,5391.99,0.00,0.00
26052.55,1252,4846455,0,0,186.03,289,5391.99,0.00,0.00
26112.60,1252,4857303,0,0,186.01,289,5391.99,0.00,0.00
26172.63,1252,4868071,0,0,186.00,289,5391.99,0.00,0.00
26232.71,1252,4878903,0,0,185.99,289,5391.99,0.00,0.00
26292.74,1252,4889751,0,0,185.97,289,5391.99,0.00,0.00
26352.78,1252,4900599,0,0,185.96,289,5391.99,0.00,0.00
26412.83,1252,4911431,0,0,185.95,289,5391.99,0.00,0.00
26472.91,1252,4922215,0,0,185.93,289,5391.99,0.00,0.00
26532.95,1252,4933095,0,0,185.92,289,5391.99,0.00,0.00
26593.05,1252,4943943,0,0,185.91,289,5391.99,0.00,0.00
26653.09,1252,4954759,0,0,185.90,289,5391.99,0.00,0.00
26713.14,1252,4965655,0,0,185.89,289,5391.99,0.00,0.00
26773.24,1252,4976663,0,0,185.88,289,5391.99,0.00,0.00
26833.27,1252,4987431,0,0,185.87,289,5391.99,0.00,0.00
26893.28,1252,4998263,0,0,185.86,289,5391.99,0.00,0.00
26953.34,1252,5009303,0,0,185.85,289,5391.99,0.00,0.00
27013.41,1252,5020439,0,0,185.85,289,5391.99,0.00,0.00
27073.49,1252,5031463,0,0,185.84,289,5391.99,0.00,0.00
27133.52,1252,5042567,0,0,185.84,289,5391.99,0.00,0.00
27193.59,1252,5053447,0,0,185.83,289,5391.99,0.00,0.00
27253.62,1252,5064327,0,0,185.82,289,5391.99,0.00,0.00
27313.67,1252,5075143,0,0,185.81,289,5391.99,0.00,0.00
27373.74,1252,5085927,0,0,185.80,289,5391.99,0.00,0.00
27433.79,1252,5096743,0,0,185.78,289,5391.99,0.00,0.00
27493.84,1252,5107559,0,0,185.77,289,5391.99,0.00,0.00
27553.87,1252,5118311,0,0,185.76,289,5391.99,0.00,0.00
27613.87,1252,5129079,0,0,185.74,289,5391.99,0.00,0.00
27673.93,1252,5139863,0,0,185.73,289,5391.99,0.00,0.00
27733.99,1252,5150695,0,0,185.72,289,5391.99,0.00,0.00
27794.06,1252,5161527,0,0,185.71,289,5391.99,0.00,0.00
27854.12,1252,5172439,0,0,185.70,289,5391.99,0.00,0.00
27914.15,1252,5183191,0,0,185.68,289,5391.99,0.00,0.00
27974.15,1252,5193863,0,0,185.67,289,5391.99,0.00,0.00
28034.20,1252,5204775,0,0,185.66,289,5391.99,0.00,0.00
28094.28,1252,5215575,0,0,185.65,289,5391.99,0.00,0.00
28154.31,1252,5226407,0,0,185.63,289,5391.99,0.00,0.00
28214.38,1252,5237239,0,0,185.62,289,5391.99,0.00,0.00
28274.44,1252,5248023,0,0,185.61,289,5391.99,0.00,0.00
28334.46,1252,5258999,0,0,185.60,289,5391.99,0.00,0.00
28394.50,1252,5270087,0,0,185.60,289,5391.99,0.00,0.00
28454.53,1252,5280983,0,0,185.59,289,5391.99,0.00,0.00
28514.62,1252,5291911,0,0,185.59,289,5391.99,0.00,0.00
28574.62,1252,5302775,0,0,185.58,289,5391.99,0.00,0.00
28634.64,1252,5313671,0,0,185.57,289,5391.99,0.00,0.00
28694.66,1252,5324615,0,0,185.56,289,5391.99,0.00,0.00
28754.76,1252,5335559,0,0,185.55,289,5391.99,0.00,0.00
28814.78,1252,5346567,0,0,185.55,289,5391.99,0.00,0.00
28874.79,1252,5357575,0,0,185.55,289,5391.99,0.00,0.00
28934.82,1252,5368503,0,0,185.54,289,5391.99,0.00,0.00
28994.83,1252,5379447,0,0,185.53,289,5391.99,0.00,0.00
29054.85,1252,5390295,0,0,185.52,289,5391.99,0.00,0.00
29114.87,1252,5401207,0,0,185.51,289,5391.99,0.00,0.00
29174.93,1252,5412023,0,0,185.50,289,5391.99,0.00,0.00
29234.95,1252,5422743,0,0,185.49,289,5391.99,0.00,0.00
29294.99,1252,5433527,0,0,185.48,289,5391.99,0.00,0.00
29355.03,1252,5444311,0,0,185.46,289,5391.99,0.00,0.00
29415.07,1252,5455127,0,0,185.45,289,5391.99,0.00,0.00
29475.16,1252,5465879,0,0,185.44,289,5391.99,0.00,0.00
29535.18,1252,5476695,0,0,185.43,289,5391.99,0.00,0.00
29595.18,1252,5487671,0,0,185.42,289,5391.99,0.00,0.00
29655.23,1252,5498727,0,0,185.42,289,5391.99,0.00,0.00
29715.29,1252,5509639,0,0,185.41,289,5391.99,0.00,0.00
29775.38,1252,5520647,0,0,185.41,289,5391.99,0.00,0.00
29835.40,1252,5531607,0,0,185.40,289,5391.99,0.00,0.00
29895.44,1252,5542359,0,0,185.39,289,5391.99,0.00,0.00
29955.47,1252,5553223,0,0,185.38,289,5391.99,0.00,0.00
30015.54,1252,5563991,0,0,185.37,289,5391.99,0.00,0.00
30075.59,1252,5574823,0,0,185.36,289,5391.99,0.00,0.00
30135.63,1252,5585639,0,0,185.35,289,5391.99,0.00,0.00
30195.64,1252,5596503,0,0,185.34,289,5391.99,0.00,0.00
30255.72,1252,5607335,0,0,185.33,289,5391.99,0.00,0.00
30315.74,1252,5618119,0,0,185.32,289,5391.99,0.00,0.00
30375.82,1252,5628887,0,0,185.31,289,5391.99,0.00,0.00
30435.90,1252,5639783,0,0,185.30,289,5391.99,0.00,0.00
30495.97,1252,5650775,0,0,185.30,289,5391.99,0.00,0.00
30556.06,1252,5661543,0,0,185.28,289,5391.99,0.00,0.00
30616.11,1252,5672359,0,0,185.27,289,5391.99,0.00,0.00
30676.18,1252,5683143,0,0,185.26,289,5391.99,0.00,0.00
30736.24,1252,5693975,0,0,185.25,289,5391.99,0.00,0.00
30796.25,1252,5704679,0,0,185.24,289,5391.99,0.00,0.00
30856.30,1252,5715463,0,0,185.23,289,5391.99,0.00,0.00
30916.33,1252,5726343,0,0,185.22,289,5391.99,0.00,0.00
30976.43,1252,5737239,0,0,185.21,289,5391.99,0.00,0.00
31036.47,1252,5748119,0,0,185.21,289,5391.99,0.00,0.00
31096.48,1252,5758951,0,0,185.20,289,5391.99,0.00,0.00
31156.52,1252,5769719,0,0,185.18,289,5391.99,0.00,0.00
31216.55,1252,5780407,0,0,185.17,289,5391.99,0.00,0.00
31276.57,1252,5791223,0,0,185.16,289,5391.99,0.00,0.00
31336.61,1252,5802071,0,0,185.15,289,5391.99,0.00,0.00
31396.62,1252,5812839,0,0,185.14,289,5391.99,0.00,0.00
31456.64,1252,5823671,0,0,185.13,289,5391.99,0.00,0.00
31516.70,1252,5834423,0,0,185.12,289,5391.99,0.00,0.00
31576.73,1252,5845191,0,0,185.11,289,5391.99,0.00,0.00
31636.75,1252,5856007,0,0,185.10,289,5391.99,0.00,0.00
31696.84,1252,5866855,0,0,185.09,289,5391.99,0.00,0.00
31756.87,1252,5877575,0,0,185.08,289,5391.99,0.00,0.00
31816.94,1252,5888375,0,0,185.07,289,5391.99,0.00,0.00
31877.02,1252,5899207,0,0,185.06,289,5391.99,0.00,0.00
31937.03,1252,5910039,0,0,185.05,289,5391.99,0.00,0.00
31997.08,1252,5920823,0,0,185.04,289,5391.99,0.00,0.00
32057.16,1252,5931751,0,0,185.04,289,5391.99,0.00,0.00
32117.19,1252,5942551,0,0,185.03,289,5391.99,0.00,0.00
32177.23,1252,5953287,0,0,185.02,289,5391.99,0.00,0.00
32237.26,1252,5964023,0,0,185.00,289,5391.99,0.00,0.00
32297.31,1252,5974807,0,0,184.99,289,5391.99,0.00,0.00
32357.38,1252,5985591,0,0,184.98,289,5391.99,0.00,0.00
32417.40,1252,5996375,0,0,184.97,289,5391.99,0.00,0.00
32477.49,1252,6007175,0,0,184.96,289,5391.99,0.00,0.00
32537.50,1252,6017767,0,0,184.95,289,5391.99,0.00,0.00
32597.57,1252,6028615,0,0,184.94,289,5391.99,0.00,0.00
32657.62,1252,6039319,0,0,184.93,289,5391.99,0.00,0.00
32717.67,1252,6049991,0,0,184.92,289,5391.99,0.00,0.00
32777.76,1252,6060791,0,0,184.91,289,5391.99,0.00,0.00
32837.77,1252,6071511,0,0,184.89,289,5391.99,0.00,0.00
32897.80,1252,6082215,0,0,184.88,289,5391.99,0.00,0.00
32957.85,1252,6093031,0,0,184.87,289,5391.99,0.00,0.00
33017.93,1252,6103847,0,0,184.86,289,5391.99,0.00,0.00
33077.94,1252,6114647,0,0,184.86,289,5391.99,0.00,0.00
33138.03,1252,6125415,0,0,184.85,289,5391.99,0.00,0.00
33198.06,1252,6136327,0,0,184.84,289,5391.99,0.00,0.00
33258.14,1252,6147095,0,0,184.83,289,5391.99,0.00,0.00
33318.20,1252,6157863,0,0,184.82,289,5391.99,0.00,0.00
33378.24,1252,6168647,0,0,184.81,289,5391.99,0.00,0.00
33438.24,1252,6179415,0,0,184.80,289,5391.99,0.00,0.00
33498.27,1252,6190183,0,0,184.79,289,5391.99,0.00,0.00
33558.34,1252,6200983,0,0,184.78,289,5391.99,0.00,0.00
33618.35,1252,6211719,0,0,184.77,289,5391.99,0.00,0.00
33678.40,1252,6222487,0,0,184.76,289,5391.99,0.00,0.00
33738.42,1252,6233191,0,0,184.75,289,5391.99,0.00,0.00
33798.48,1252,6243911,0,0,184.74,289,5391.99,0.00,0.00
33858.50,1252,6254519,0,0,184.73,289,5391.99,0.00,0.00
33918.50,1252,6265271,0,0,184.72,289,5391.99,0.00,0.00
33978.51,1252,6276071,0,0,184.71,289,5391.99,0.00,0.00
34038.53,1252,6286951,0,0,184.70,289,5391.99,0.00,0.00
34098.60,1252,6297719,0,0,184.69,289,5391.99,0.00,0.00
34158.67,1252,6308551,0,0,184.68,289,5391.99,0.00,0.00
34218.67,1252,6319319,0,0,184.67,289,5391.99,0.00,0.00
34278.75,1252,6330183,0,0,184.67,289,5391.99,0.00,0.00
34338.75,1252,6340903,0,0,184.66,289,5391.99,0.00,0.00
34398.77,1252,6351607,0,0,184.65,289,5391.99,0.00,0.00
34458.79,1252,6362407,0,0,184.64,289,5391.99,0.00,0.00
34518.85,1252,6373255,0,0,184.63,289,5391.99,0.00,0.00
34578.89,1252,6383991,0,0,184.62,289,5391.99,0.00,0.00
34638.96,1252,6394839,0,0,184.61,289,5391.99,0.00,0.00
34699.03,1252,6405687,0,0,184.61,289,5391.99,0.00,0.00
34759.08,1252,6416455,0,0,184.60,289,5391.99,0.00,0.00
34819.09,1252,6427335,0,0,184.59,289,5391.99,0.00,0.00
34879.13,1252,6438087,0,0,184.58,289,5391.99,0.00,0.00
34939.19,1252,6448791,0,0,184.57,289,5391.99,0.00,0.00
34999.28,1252,6459655,0,0,184.57,289,5391.99,0.00,0.00
35059.35,1252,6470519,0,0,184.56,289,5391.99,0.00,0.00
35119.41,1252,6481335,0,0,184.55,289,5391.99,0.00,0.00
35179.45,1252,6492167,0,0,184.54,289,5391.99,0.00,0.00
35239.52,1252,6502951,0,0,184.54,289,5391.99,0.00,0.00
35299.56,1252,6513751,0,0,184.53,289,5391.99,0.00,0.00
35359.64,1252,6524615,0,0,184.52,289,5391.99,0.00,0.00
35419.67,1252,6535463,0,0,184.52,289,5391.99,0.00,0.00
35479.70,1252,6546375,0,0,184.51,289,5391.99,0.00,0.00
35539.76,1252,6557159,0,0,184.50,289,5391.99,0.00,0.00
35599.82,1252,6568023,0,0,184.50,289,5391.99,0.00,0.00
35659.83,1252,6578711,0,0,184.49,289,5391.99,0.00,0.00
35719.89,1252,6589559,0,0,184.48,289,5391.99,0.00,0.00
35779.94,1252,6600343,0,0,184.47,289,5391.99,0.00,0.00
35840.03,1252,6611127,0,0,184.46,289,5391.99,0.00,0.00
35900.05,1252,6621815,0,0,184.45,289,5391.99,0.00,0.00
35960.12,1252,6632647,0,0,184.44,289,5391.99,0.00,0.00
36020.17,1252,6643479,0,0,184.44,289,5391.99,0.00,0.00
36080.19,1252,6654215,0,0,184.43,289,5391.99,0.00,0.00
36140.28,1252,6664855,0,0,184.42,289,5391.99,0.00,0.00
36200.28,1252,6675415,0,0,184.40,289,5391.99,0.00,0.00
36260.28,1252,6686055,0,0,184.39,289,5391.99,0.00,0.00
36320.32,1252,6696807,0,0,184.38,289,5391.99,0.00,0.00
36380.39,1252,6707527,0,0,184.37,289,5391.99,0.00,0.00
36440.44,1252,6718439,0,0,184.37,289,5391.99,0.00,0.00
36500.51,1252,6729335,0,0,184.36,289,5391.99,0.00,0.00
36560.55,1252,6740135,0,0,184.36,289,5391.99,0.00,0.00
36620.63,1252,6750983,0,0,184.35,289,5391.99,0.00,0.00
36680.67,1252,6761895,0,0,184.34,289,5391.99,0.00,0.00
36740.71,1252,6772727,0,0,184.34,289,5391.99,0.00,0.00
36800.72,1252,6783543,0,0,184.33,289,5391.99,0.00,0.00
36860.77,1252,6794295,0,0,184.32,289,5391.99,0.00,0.00
36920.84,1252,6805127,0,0,184.32,289,5391.99,0.00,0.00
36980.87,1252,6815783,0,0,184.31,289,5391.99,0.00,0.00
37040.95,1252,6826615,0,0,184.30,289,5391.99,0.00,0.00
37100.97,1252,6837431,0,0,184.29,289,5391.99,0.00,0.00
37161.01,1252,6848183,0,0,184.28,289,5391.99,0.00,0.00
37221.07,1252,6858967,0,0,184.28,289,5391.99,0.00,0.00
37281.14,1252,6869719,0,0,184.27,289,5391.99,0.00,0.00
37341.15,1252,6880519,0,0,184.26,289,5391.99,0.00,0.00
37401.18,1252,6891319,0,0,184.25,289,5391.99,0.00,0.00
37461.22,1252,6902151,0,0,184.25,289,5391.99,0.00,0.00
37521.28,1252,6912967,0,0,184.24,289,5391.99,0.00,0.00
37581.31,1252,6923863,0,0,184.24,289,5391.99,0.00,0.00
37641.38,1252,6934759,0,0,184.23,289,5391.99,0.00,0.00
37701.43,1252,6945607,0,0,184.23,289,5391.99,0.00,0.00
37761.49,1252,6956439,0,0,184.22,289,5391.99,0.00,0.00
37821.50,1252,6967287,0,0,184.21,289,5391.99,0.00,0.00
37881.59,1252,6978071,0,0,184.21,289,5391.99,0.00,0.00
37941.66,1252,6988791,0,0,184.20,289,5391.99,0.00,0.00
38001.76,1252,6999623,0,0,184.19,289,5391.99,0.00,0.00
38061.83,1252,7010391,0,0,184.18,289,5391.99,0.00,0.00
38121.88,1252,7021287,0,0,184.18,289,5391.99,0.00,0.00
38181.90,1252,7032103,0,0,184.17,289,5391.99,0.00,0.00
38241.93,1252,7042887,0,0,184.17,289,5391.99,0.00,0.00
38301.98,1252,7053591,0,0,184.16,289,5391.99,0.00,0.00
38362.06,1252,7064455,0,0,184.15,289,5391.99,0.00,0.00
38422.07,1252,7075255,0,0,184.15,289,5391.99,0.00,0.00
38482.13,1252,7086103,0,0,184.14,289,5391.99,0.00,0.00
38542.17,1252,7096967,0,0,184.14,289,5391.99,0.00,0.00
38602.22,1252,7107799,0,0,184.13,289,5391.99,0.00,0.00
38662.29,1252,7118775,0,0,184.13,289,5391.99,0.00,0.00
38722.38,1252,7129527,0,0,184.12,289,5391.99,0.00,0.00
38782.40,1252,7140439,0,0,184.12,289,5391.99,0.00,0.00
38842.44,1252,7151431,0,0,184.11,289,5391.99,0.00,0.00
38902.51,1252,7162343,0,0,184.11,289,5391.99,0.00,0.00
38962.55,1252,7173191,0,0,184.10,289,5391.99,0.00,0.00
39022.56,1252,7184007,0,0,184.10,289,5391.99,0.00,0.00
39082.60,1252,7194823,0,0,184.09,289,5391.99,0.00,0.00
39142.62,1252,7205543,0,0,184.08,289,5391.99,0.00,0.00
39202.67,1252,7216343,0,0,184.08,289,5391.99,0.00,0.00
39262.71,1252,7227063,0,0,184.07,289,5391.99,0.00,0.00
39322.74,1252,7237863,0,0,184.06,289,5391.99,0.00,0.00
39382.75,1252,7248631,0,0,184.06,289,5391.99,0.00,0.00
39442.81,1252,7259335,0,0,184.05,289,5391.99,0.00,0.00
39502.83,1252,7270167,0,0,184.04,289,5391.99,0.00,0.00
39562.84,1252,7280967,0,0,184.04,289,5391.99,0.00,0.00
39622.92,1252,7291703,0,0,184.03,289,5391.99,0.00,0.00
39682.94,1252,7302455,0,0,184.02,289,5391.99,0.00,0.00
39742.97,1252,7313239,0,0,184.01,289,5391.99,0.00,0.00
39803.06,1252,7323991,0,0,184.01,289,5391.99,0.00,0.00
39863.15,1252,7334695,0,0,184.00,289,5391.99,0.00,0.00
39923.22,1252,7345479,0,0,183.99,289,5391.99,0.00,0.00
39983.26,1252,7356215,0,0,183.98,289,5391.99,0.00,0.00
40043.28,1252,7366919,0,0,183.97,289,5391.99,0.00,0.00
40103.32,1252,7377687,0,0,183.97,289,5391.99,0.00,0.00
40163.36,1252,7388391,0,0,183.96,289,5391.99,0.00,0.00
40223.43,1252,7399143,0,0,183.95,289,5391.99,0.00,0.00
40283.47,1252,7410119,0,0,183.95,289,5391.99,0.00,0.00
40343.48,1252,7421047,0,0,183.95,289,5391.99,0.00,0.00
40403.51,1252,7431847,0,0,183.94,289,5391.99,0.00,0.00
40463.54,1252,7442535,0,0,183.93,289,5391.99,0.00,0.00
40523.62,1252,7453239,0,0,183.92,289,5391.99,0.00,0.00
40583.69,1252,7463927,0,0,183.91,289,5391.99,0.00,0.00
40643.75,1252,7474695,0,0,183.91,289,5391.99,0.00,0.00
40703.81,1252,7485463,0,0,183.90,289,5391.99,0.00,0.00
40763.83,1252,7496215,0,0,183.89,289,5391.99,0.00,0.00
40823.85,1252,7506967,0,0,183.89,289,5391.99,0.00,0.00
40883.91,1252,7517639,0,0,183.88,289,5391.99,0.00,0.00
40943.99,1252,7528423,0,0,183.87,289,5391.99,0.00,0.00
41003.99,1252,7539159,0,0,183.86,289,5391.99,0.00,0.00
41064.03,1252,7550023,0,0,183.86,289,5391.99,0.00,0.00
41124.03,1252,7560823,0,0,183.85,289,5391.99,0.00,0.00
41184.06,1252,7571623,0,0,183.85,289,5391.99,0.00,0.00
41244.06,1252,7582439,0,0,183.84,289,5391.99,0.00,0.00
41304.13,1252,7593255,0,0,183.84,289,5391.99,0.00,0.00
41364.18,1252,7604071,0,0,183.83,289,5391.99,0.00,0.00
41424.23,1252,7614903,0,0,183.83,289,5391.99,0.00,0.00
41484.27,1252,7625607,0,0,183.82,289,5391.99,0.00,0.00
41544.32,1252,7636455,0,0,183.81,289,5391.99,0.00,0.00
41604.32,1252,7647111,0,0,183.81,289,5391.99,0.00,0.00
41664.36,1252,7657943,0,0,183.80,289,5391.99,0.00,0.00
41724.41,1252,7668839,0,0,183.80,289,5391.99,0.00,0.00
41784.45,1252,7679879,0,0,183.80,289,5391.99,0.00,0.00
41844.49,1252,7690871,0,0,183.80,289,5391.99,0.00,0.00
41904.55,1252,7701831,0,0,183.79,289,5391.99,0.00,0.00
41964.56,1252,7712887,0,0,183.80,289,5391.99,0.00,0.00
42024.62,1252,7723911,0,0,183.79,289,5391.99,0.00,0.00
42084.72,1252,7734919,0,0,183.79,289,5391.99,0.00,0.00
42144.73,1252,7745895,0,0,183.79,289,5391.99,0.00,0.00
42204.79,1252,7756887,0,0,183.79,289,5391.99,0.00,0.00
42264.83,1252,7767879,0,0,183.79,289,5391.99,0.00,0.00
42324.86,1252,7778855,0,0,183.79,289,5391.99,0.00,0.00
42384.92,1252,7789799,0,0,183.79,289,5391.99,0.00,0.00
42444.96,1252,7800887,0,0,183.79,289,5391.99,0.00,0.00
42505.03,1252,7811895,0,0,183.79,289,5391.99,0.00,0.00
42565.08,1252,7822839,0,0,183.79,289,5391.99,0.00,0.00
42625.09,1252,7833911,0,0,183.79,289,5391.99,0.00,0.00
42685.12,1252,7844855,0,0,183.78,289,5391.99,0.00,0.00
42745.17,1252,7855847,0,0,183.78,289,5391.99,0.00,0.00
42805.23,1252,7866855,0,0,183.78,289,5391.99,0.00,0.00
42865.30,1252,7877607,0,0,183.78,289,5391.99,0.00,0.00
42925.35,1252,7888455,0,0,183.77,289,5391.99,0.00,0.00
42985.40,1252,7899223,0,0,183.77,289,5391.99,0.00,0.00
43045.43,1252,7909975,0,0,183.76,289,5391.99,0.00,0.00
43105.51,1252,7920791,0,0,183.75,289,5391.99,0.00,0.00
43165.59,1252,7931623,0,0,183.75,289,5391.99,0.00,0.00
43225.67,1252,7942471,0,0,183.74,289,5391.99,0.00,0.00
43285.74,1252,7953351,0,0,183.74,289,5391.99,0.00,0.00
43345.81,1252,7964183,0,0,183.74,289,5391.99,0.00,0.00
43405.90,1252,7974807,0,0,183.73,289,5391.99,0.00,0.00
43465.96,1252,7984999,0,0,183.71,289,5391.99,0.00,0.00
43525.98,1252,7995783,0,0,183.70,289,5391.99,0.00,0.00
43586.05,1252,8006599,0,0,183.70,289,5391.99,0.00,0.00
43646.08,1252,8017415,0,0,183.69,289,5391.99,0.00,0.00
43706.09,1252,8028119,0,0,183.68,289,5391.99,0.00,0.00
43766.16,1252,8038807,0,0,183.68,289,5391.99,0.00,0.00
43826.17,1252,8049575,0,0,183.67,289,5391.99,0.00,0.00
43886.18,1252,8060439,0,0,183.67,289,5391.99,0.00,0.00
43946.23,1252,8071191,0,0,183.66,289,5391.99,0.00,0.00
44006.26,1252,8081959,0,0,183.65,289,5391.99,0.00,0.00
44066.30,1252,8092727,0,0,183.65,289,5391.99,0.00,0.00
44126.30,1252,8103495,0,0,183.64,289,5391.99,0.00,0.00
44186.31,1252,8114215,0,0,183.64,289,5391.99,0.00,0.00
44246.36,1252,8124967,0,0,183.63,289,5391.99,0.00,0.00
44306.41,1252,8135751,0,0,183.62,289,5391.99,0.00,0.00
44366.51,1252,8146615,0,0,183.62,289,5391.99,0.00,0.00
44426.54,1252,8157319,0,0,183.61,289,5391.99,0.00,0.00
44486.56,1252,8168087,0,0,183.61,289,5391.99,0.00,0.00
44546.62,1252,8178887,0,0,183.60,289,5391.99,0.00,0.00
44606.64,1252,8189575,0,0,183.60,289,5391.99,0.00,0.00
44666.72,1252,8200199,0,0,183.59,289,5391.99,0.00,0.00
44726.80,1252,8211015,0,0,183.58,289,5391.99,0.00,0.00
44786.87,1252,8221831,0,0,183.58,289,5391.99,0.00,0.00
44846.94,1252,8232583,0,0,183.57,289,5391.99,0.00,0.00
44907.01,1252,8243463,0,0,183.57,289,5391.99,0.00,0.00
44967.06,1252,8254599,0,0,183.57,289,5391.99,0.00,0.00
45027.12,1252,8265591,0,0,183.57,289,5391.99,0.00,0.00
45087.18,1252,8276391,0,0,183.56,289,5391.99,0.00,0.00
45147.25,1252,8287207,0,0,183.56,289,5391.99,0.00,0.00
45207.25,1252,8298087,0,0,183.56,289,5391.99,0.00,0.00
45267.31,1252,8308887,0,0,183.55,289,5391.99,0.00,0.00
45327.34,1252,8319655,0,0,183.55,289,5391.99,0.00,0.00
45387.38,1252,8330487,0,0,183.54,289,5391.99,0.00,0.00
45447.38,1252,8341303,0,0,183.54,289,5391.99,0.00,0.00
45507.46,1252,8352103,0,0,183.53,289,5391.99,0.00,0.00
45567.53,1252,8362919,0,0,183.53,289,5391.99,0.00,0.00
45627.60,1252,8373751,0,0,183.52,289,5391.99,0.00,0.00
45687.69,1252,8384583,0,0,183.52,289,5391.99,0.00,0.00
45747.74,1252,8395367,0,0,183.51,289,5391.99,0.00,0.00
45807.74,1252,8406199,0,0,183.51,289,5391.99,0.00,0.00
45867.76,1252,8416967,0,0,183.51,289,5391.99,0.00,0.00
45927.78,1252,8427671,0,0,183.50,289,5391.99,0.00,0.00
45987.78,1252,8438215,0,0,183.49,289,5391.99,0.00,0.00
46047.84,1252,8448983,0,0,183.48,289,5391.99,0.00,0.00
46107.87,1252,8459751,0,0,183.48,289,5391.99,0.00,0.00
46167.93,1252,8470567,0,0,183.47,289,5391.99,0.00,0.00
46227.96,1252,8481239,0,0,183.47,289,5391.99,0.00,0.00
46287.96,1252,8491911,0,0,183.46,289,5391.99,0.00,0.00
46348.04,1252,8502647,0,0,183.45,289,5391.99,0.00,0.00
46408.12,1252,8513415,0,0,183.45,289,5391.99,0.00,0.00
46468.21,1252,8524151,0,0,183.44,289,5391.99,0.00,0.00
46528.24,1252,8534823,0,0,183.43,289,5391.99,0.00,0.00
46588.31,1252,8545559,0,0,183.43,289,5391.99,0.00,0.00
46648.33,1252,8556311,0,0,183.42,289,5391.99,0.00,0.00
46708.41,1252,8567031,0,0,183.42,289,5391.99,0.00,0.00
46768.43,1252,8577799,0,0,183.41,289,5391.99,0.00,0.00
46828.47,1252,8588599,0,0,183.41,289,5391.99,0.00,0.00
46888.54,1252,8599415,0,0,183.40,289,5391.99,0.00,0.00
46948.61,1252,8610087,0,0,183.39,289,5391.99,0.00,0.00
47008.64,1252,8620839,0,0,183.39,289,5391.99,0.00,0.00
47068.69,1252,8631671,0,0,183.38,289,5391.99,0.00,0.00
47128.72,1252,8642471,0,0,183.38,289,5391.99,0.00,0.00
47188.79,1252,8653287,0,0,183.38,289,5391.99,0.00,0.00
47248.84,1252,8663991,0,0,183.37,289,5391.99,0.00,0.00
47308.92,1252,8674759,0,0,183.36,289,5391.99,0.00,0.00
47368.94,1252,8685495,0,0,183.36,289,5391.99,0.00,0.00
47429.00,1252,8696215,0,0,183.35,289,5391.99,0.00,0.00
47489.05,1252,8706967,0,0,183.35,289,5391.99,0.00,0.00
47549.13,1252,8717687,0,0,183.34,289,5391.99,0.00,0.00
47609.15,1252,8728487,0,0,183.34,289,5391.99,0.00,0.00
47669.17,1252,8739271,0,0,183.33,289,5391.99,0.00,0.00
47729.24,1252,8750055,0,0,183.33,289,5391.99,0.00,0.00
47789.30,1252,8760887,0,0,183.32,289,5391.99,0.00,0.00
47849.38,1252,8771751,0,0,183.32,289,5391.99,0.00,0.00
47909.42,1252,8782535,0,0,183.32,289,5391.99,0.00,0.00
47969.46,1252,8793351,0,0,183.31,289,5391.99,0.00,0.00
48029.48,1252,8804087,0,0,183.31,289,5391.99,0.00,0.00
48089.51,1252,8814983,0,0,183.30,289,5391.99,0.00,0.00
48149.57,1252,8825799,0,0,183.30,289,5391.99,0.00,0.00
48209.66,1252,8836551,0,0,183.29,289,5391.99,0.00,0.00
48269.73,1252,8847383,0,0,183.29,289,5391.99,0.00,0.00
48329.78,1252,8858167,0,0,183.29,289,5391.99,0.00,0.00
48389.83,1252,8868951,0,0,183.28,289,5391.99,0.00,0.00
48449.88,1252,8879719,0,0,183.28,289,5391.99,0.00,0.00
48509.92,1252,8890519,0,0,183.27,289,5391.99,0.00,0.00
48569.99,1252,8901287,0,0,183.27,289,5391.99,0.00,0.00
48630.05,1252,8912007,0,0,183.26,289,5391.99,0.00,0.00
48690.16,1252,8922775,0,0,183.26,289,5391.99,0.00,0.00
48750.24,1252,8933559,0,0,183.25,289,5391.99,0.00,0.00
48810.29,1252,8944247,0,0,183.25,289,5391.99,0.00,0.00
48870.35,1252,8955047,0,0,183.24,289,5391.99,0.00,0.00
48930.40,1252,8965847,0,0,183.24,289,5391.99,0.00,0.00
48990.46,1252,8976695,0,0,183.23,289,5391.99,0.00,0.00
49050.53,1252,8987575,0,0,183.23,289,5391.99,0.00,0.00
49110.54,1252,8998439,0,0,183.23,289,5391.99,0.00,0.00
49170.61,1252,9009303,0,0,183.23,289,5391.99,0.00,0.00
49230.65,1252,9020183,0,0,183.22,289,5391.99,0.00,0.00
49290.69,1252,9031063,0,0,183.22,289,5391.99,0.00,0.00
49350.76,1252,9042007,0,0,183.22,289,5391.99,0.00,0.00
49410.81,1252,9052855,0,0,183.22,289,5391.99,0.00,0.00
49470.87,1252,9063655,0,0,183.21,289,5391.99,0.00,0.00
49530.93,1252,9074487,0,0,183.21,289,5391.99,0.00,0.00
49590.96,1252,9085303,0,0,183.20,289,5391.99,0.00,0.00
49650.99,1252,9096263,0,0,183.20,289,5391.99,0.00,0.00
49711.03,1252,9107207,0,0,183.20,289,5391.99,0.00,0.00
49771.05,1252,9118183,0,0,183.20,289,5391.99,0.00,0.00
49831.06,1252,9129047,0,0,183.20,289,5391.99,0.00,0.00
49891.09,1252,9139879,0,0,183.20,289,5391.99,0.00,0.00
49951.17,1252,9150759,0,0,183.19,289,5391.99,0.00,0.00
50011.25,1252,9161591,0,0,183.19,289,5391.99,0.00,0.00
50071.27,1252,9172423,0,0,183.19,289,5391.99,0.00,0.00
50131.30,1252,9183255,0,0,183.18,289,5391.99,0.00,0.00
50191.36,1252,9194167,0,0,183.18,289,5391.99,0.00,0.00
50251.39,1252,9205015,0,0,183.18,289,5391.99,0.00,0.00
50311.39,1252,9215767,0,0,183.17,289,5391.99,0.00,0.00
50371.42,1252,9226487,0,0,183.17,289,5391.99,0.00,0.00
50431.49,1252,9237335,0,0,183.17,289,5391.99,0.00,0.00
50491.51,1252,9248231,0,0,183.16,289,5391.99,0.00,0.00
50551.52,1252,9259111,0,0,183.16,289,5391.99,0.00,0.00
50611.56,1252,9270023,0,0,183.16,289,5391.99,0.00,0.00
50671.60,1252,9280999,0,0,183.16,289,5391.99,0.00,0.00
50731.61,1252,9291895,0,0,183.16,289,5391.99,0.00,0.00
50791.66,1252,9302743,0,0,183.15,289,5391.99,0.00,0.00
50851.73,1252,9313559,0,0,183.15,289,5391.99,0.00,0.00
50911.80,1252,9324343,0,0,183.15,289,5391.99,0.00,0.00
50971.87,1252,9335255,0,0,183.15,289,5391.99,0.00,0.00
51031.95,1252,9346103,0,0,183.14,289,5391.99,0.00,0.00
51091.96,1252,9356983,0,0,183.14,289,5391.99,0.00,0.00
51152.00,1252,9367943,0,0,183.14,289,5391.99,0.00,0.00
51212.05,1252,9378775,0,0,183.14,289,5391.99,0.00,0.00
51272.09,1252,9389655,0,0,183.13,289,5391.99,0.00,0.00
51332.09,1252,9400487,0,0,183.13,289,5391.99,0.00,0.00
51392.14,1252,9411319,0,0,183.13,289,5391.99,0.00,0.00
51452.20,1252,9422215,0,0,183.13,289,5391.99,0.00,0.00
51512.21,1252,9433111,0,0,183.12,289,5391.99,0.00,0.00
51572.24,1252,9443959,0,0,183.12,289,5391.99,0.00,0.00
51632.30,1252,9454807,0,0,183.12,289,5391.99,0.00,0.00
51692.36,1252,9465767,0,0,183.12,289,5391.99,0.00,0.00
51752.37,1252,9476631,0,0,183.11,289,5391.99,0.00,0.00
51812.39,1252,9487527,0,0,183.11,289,5391.99,0.00,0.00
51872.42,1252,9498359,0,0,183.11,289,5391.99,0.00,0.00
51932.51,1252,9509319,0,0,183.11,289,5391.99,0.00,0.00
51992.53,1252,9520023,0,0,183.10,289,5391.99,0.00,0.00
52052.53,1252,9530647,0,0,183.10,289,5391.99,0.00,0.00
52112.60,1252,9541527,0,0,183.09,289,5391.99,0.00,0.00
52172.64,1252,9552407,0,0,183.09,289,5391.99,0.00,0.00
52232.68,1252,9563319,0,0,183.09,289,5391.99,0.00,0.00
52292.70,1252,9574279,0,0,183.09,289,5391.99,0.00,0.00
52352.77,1252,9585111,0,0,183.09,289,5391.99,0.00,0.00
52412.85,1252,9595895,0,0,183.08,289,5391.99,0.00,0.00
52472.89,1252,9606855,0,0,183.08,289,5391.99,0.00,0.00
52532.92,1252,9617639,0,0,183.08,289,5391.99,0.00,0.00
52593.00,1252,9628519,0,0,183.08,289,5391.99,0.00,0.00
52653.06,1252,9639383,0,0,183.07,289,5391.99,0.00,0.00
52713.15,1252,9650343,0,0,183.07,289,5391.99,0.00,0.00
52773.23,1252,9661287,0,0,183.07,289,5391.99,0.00,0.00
52833.31,1252,9672151,0,0,183.07,289,5391.99,0.00,0.00
52893.33,1252,9683063,0,0,183.07,289,5391.99,0.00,0.00
52953.42,1252,9693927,0,0,183.07,289,5391.99,0.00,0.00
53013.47,1252,9704775,0,0,183.06,289,5391.99,0.00,0.00
53073.47,1252,9715639,0,0,183.06,289,5391.99,0.00,0.00
53133.48,1252,9726551,0,0,183.06,289,5391.99,0.00,0.00
53193.56,1252,9737399,0,0,183.06,289,5391.99,0.00,0.00
53253.60,1252,9748231,0,0,183.05,289,5391.99,0.00,0.00
53313.62,1252,9759143,0,0,183.05,289,5391.99,0.00,0.00
53373.65,1252,9769799,0,0,183.05,289,5391.99,0.00,0.00
53433.70,1252,9780567,0,0,183.04,289,5391.99,0.00,0.00
53493.70,1252,9791335,0,0,183.04,289,5391.99,0.00,0.00
53553.79,1252,9802151,0,0,183.03,289,5391.99,0.00,0.00
53613.82,1252,9812983,0,0,183.03,289,5391.99,0.00,0.00
53673.85,1252,9823863,0,0,183.03,289,5391.99,0.00,0.00
53733.86,1252,9834615,0,0,183.02,289,5391.99,0.00,0.00
53793.89,1252,9845399,0,0,183.02,289,5391.99,0.00,0.00
53853.89,1252,9856231,0,0,183.02,289,5391.99,0.00,0.00
53913.90,1252,9866999,0,0,183.01,289,5391.99,0.00,0.00
53973.94,1252,9877831,0,0,183.01,289,5391.99,0.00,0.00
54034.03,1252,9888615,0,0,183.01,289,5391.99,0.00,0.00
54094.12,1252,9899479,0,0,183.00,289,5391.99,0.00,0.00
54154.15,1252,9910247,0,0,183.00,289,5391.99,0.00,0.00
54214.23,1252,9921063,0,0,183.00,289,5391.99,0.00,0.00
54274.25,1252,9931991,0,0,183.00,289,5391.99,0.00,0.00
54334.28,1252,9942775,0,0,182.99,289,5391.99,0.00,0.00
54394.32,1252,9953607,0,0,182.99,289,5391.99,0.00,0.00
54454.33,1252,9964375,0,0,182.99,289,5391.99,0.00,0.00
54514.39,1252,9975143,0,0,182.98,289,5391.99,0.00,0.00
54574.43,1252,9986071,0,0,182.98,289,5391.99,0.00,0.00
54634.51,1252,9996823,0,0,182.98,289,5391.99,0.00,0.00
54694.56,1252,10007687,0,0,182.97,289,5391.99,0.00,0.00
54754.59,1252,10018679,0,0,182.97,289,5391.99,0.00,0.00
54814.60,1252,10029559,0,0,182.97,289,5391.99,0.00,0.00
54874.62,1252,10040519,0,0,182.97,289,5391.99,0.00,0.00
54934.63,1252,10051303,0,0,182.97,289,5391.99,0.00,0.00
54994.69,1252,10062039,0,0,182.96,289,5391.99,0.00,0.00
55054.71,1252,10072871,0,0,182.96,289,5391.99,0.00,0.00
55114.76,1252,10083847,0,0,182.96,289,5391.99,0.00,0.00
55174.81,1252,10094807,0,0,182.96,289,5391.99,0.00,0.00
55234.85,1252,10105735,0,0,182.96,289,5391.99,0.00,0.00
55294.91,1252,10116551,0,0,182.96,289,5391.99,0.00,0.00
55354.97,1252,10127239,0,0,182.95,289,5391.99,0.00,0.00
55415.05,1252,10138183,0,0,182.95,289,5391.99,0.00,0.00
55475.08,1252,10149015,0,0,182.95,289,5391.99,0.00,0.00
55535.12,1252,10159831,0,0,182.94,289,5391.99,0.00,0.00
55595.16,1252,10170775,0,0,182.94,289,5391.99,0.00,0.00
55655.24,1252,10181591,0,0,182.94,289,5391.99,0.00,0.00
55715.29,1252,10192503,0,0,182.94,289,5391.99,0.00,0.00
55775.33,1252,10203447,0,0,182.94,289,5391.99,0.00,0.00
55835.38,1252,10214215,0,0,182.93,289,5391.99,0.00,0.00
55895.46,1252,10225047,0,0,182.93,289,5391.99,0.00,0.00
55955.49,1252,10235863,0,0,182.93,289,5391.99,0.00,0.00
56015.51,1252,10246743,0,0,182.93,289,5391.99,0.00,0.00
56075.55,1252,10257655,0,0,182.93,289,5391.99,0.00,0.00
56135.56,1252,10268455,0,0,182.92,289,5391.99,0.00,0.00
56195.64,1252,10279431,0,0,182.92,289,5391.99,0.00,0.00
56255.68,1252,10290247,0,0,182.92,289,5391.99,0.00,0.00
56315.69,1252,10301127,0,0,182.92,289,5391.99,0.00,0.00
56375.71,1252,10311991,0,0,182.92,289,5391.99,0.00,0.00
56435.78,1252,10322935,0,0,182.91,289,5391.99,0.00,0.00
56495.82,1252,10333879,0,0,182.91,289,5391.99,0.00,0.00
56555.89,1252,10344695,0,0,182.91,289,5391.99,0.00,0.00
56615.90,1252,10355527,0,0,182.91,289,5391.99,0.00,0.00
56675.98,1252,10366327,0,0,182.91,289,5391.99,0.00,0.00
56736.00,1252,10377239,0,0,182.90,289,5391.99,0.00,0.00
56796.01,1252,10388103,0,0,182.90,289,5391.99,0.00,0.00
56856.07,1252,10398951,0,0,182.90,289,5391.99,0.00,0.00
56916.10,1252,10409847,0,0,182.90,289,5391.99,0.00,0.00
56976.14,1252,10420759,0,0,182.90,289,5391.99,0.00,0.00
57036.17,1252,10431575,0,0,182.89,289,5391.99,0.00,0.00
57096.19,1252,10442487,0,0,182.89,289,5391.99,0.00,0.00
57156.27,1252,10453319,0,0,182.89,289,5391.99,0.00,0.00
57216.31,1252,10464167,0,0,182.89,289,5391.99,0.00,0.00
57276.41,1252,10474967,0,0,182.88,289,5391.99,0.00,0.00
57336.45,1252,10485911,0,0,182.88,289,5391.99,0.00,0.00
57396.49,1252,10496727,0,0,182.88,289,5391.99,0.00,0.00
57456.53,1252,10507623,0,0,182.88,289,5391.99,0.00,0.00
57516.54,1252,10518551,0,0,182.88,289,5391.99,0.00,0.00
57576.55,1252,10529495,0,0,182.88,289,5391.99,0.00,0.00
57636.63,1252,10540343,0,0,182.88,289,5391.99,0.00,0.00
57696.72,1252,10551207,0,0,182.87,289,5391.99,0.00,0.00
57756.78,1252,10562215,0,0,182.87,289,5391.99,0.00,0.00
57816.82,1252,10573175,0,0,182.87,289,5391.99,0.00,0.00
57876.85,1252,10584023,0,0,182.87,289,5391.99,0.00,0.00
57936.91,1252,10594871,0,0,182.87,289,5391.99,0.00,0.00
57996.95,1252,10605703,0,0,182.87,289,5391.99,0.00,0.00
58057.04,1252,10616535,0,0,182.86,289,5391.99,0.00,0.00
58117.09,1252,10627383,0,0,182.86,289,5391.99,0.00,0.00
58177.17,1252,10638231,0,0,182.86,289,5391.99,0.00,0.00
58237.23,1252,10649031,0,0,182.86,289,5391.99,0.00,0.00
58297.29,1252,10659847,0,0,182.85,289,5391.99,0.00,0.00
58357.32,1252,10670663,0,0,182.85,289,5391.99,0.00,0.00
58417.35,1252,10681351,0,0,182.85,289,5391.99,0.00,0.00
58477.37,1252,10692135,0,0,182.84,289,5391.99,0.00,0.00
58537.40,1252,10702983,0,0,182.84,289,5391.99,0.00,0.00
58597.42,1252,10713847,0,0,182.84,289,5391.99,0.00,0.00
58657.46,1252,10724711,0,0,182.84,289,5391.99,0.00,0.00
58717.49,1252,10735575,0,0,182.83,289,5391.99,0.00,0.00
58777.50,1252,10746343,0,0,182.83,289,5391.99,0.00,0.00
58837.57,1252,10757271,0,0,182.83,289,5391.99,0.00,0.00
58897.57,1252,10768199,0,0,182.83,289,5391.99,0.00,0.00
58957.59,1252,10779047,0,0,182.83,289,5391.99,0.00,0.00
59017.60,1252,10789911,0,0,182.83,289,5391.99,0.00,0.00
59077.66,1252,10800823,0,0,182.82,289,5391.99,0.00,0.00
59137.71,1252,10811735,0,0,182.82,289,5391.99,0.00,0.00
59197.73,1252,10822583,0,0,182.82,289,5391.99,0.00,0.00
59257.81,1252,10833527,0,0,182.82,289,5391.99,0.00,0.00
59317.82,1252,10844359,0,0,182.82,289,5391.99,0.00,0.00
59377.85,1252,10855223,0,0,182.82,289,5391.99,0.00,0.00
59437.93,1252,10866023,0,0,182.81,289,5391.99,0.00,0.00
59497.99,1252,10877079,0,0,182.81,289,5391.99,0.00,0.00
59558.05,1252,10888135,0,0,182.82,289,5391.99,0.00,0.00
59618.07,1252,10898983,0,0,182.81,289,5391.99,0.00,0.00
59678.11,1252,10909847,0,0,182.81,289,5391.99,0.00,0.00
59738.13,1252,10920599,0,0,182.81,289,5391.99,0.00,0.00
59798.22,1252,10931399,0,0,182.80,289,5391.99,0.00,0.00
59858.22,1252,10942183,0,0,182.80,289,5391.99,0.00,0.00
59918.31,1252,10953015,0,0,182.80,289,5391.99,0.00,0.00
59978.33,1252,10963767,0,0,182.80,289,5391.99,0.00,0.00
60038.36,1252,10974663,0,0,182.79,289,5391.99,0.00,0.00
60098.37,1252,10985527,0,0,182.79,289,5391.99,0.00,0.00
60158.41,1252,10996343,0,0,182.79,289,5391.99,0.00,0.00
60218.47,1252,11007271,0,0,182.79,289,5391.99,0.00,0.00
60278.55,1252,11018103,0,0,182.79,289,5391.99,0.00,0.00
60338.57,1252,11028903,0,0,182.78,289,5391.99,0.00,0.00
60398.60,1252,11039895,0,0,182.78,289,5391.99,0.00,0.00
60458.63,1252,11050759,0,0,182.78,289,5391.99,0.00,0.00
60518.71,1252,11061607,0,0,182.78,289,5391.99,0.00,0.00
60578.75,1252,11072423,0,0,182.78,289,5391.99,0.00,0.00
60638.77,1252,11083367,0,0,182.78,289,5391.99,0.00,0.00
60698.77,1252,11094151,0,0,182.77,289,5391.99,0.00,0.00
60758.83,1252,11105159,0,0,182.77,289,5391.99,0.00,0.00
60818.86,1252,11116183,0,0,182.78,289,5391.99,0.00,0.00
60878.92,1252,11127063,0,0,182.77,289,5391.99,0.00,0.00
60938.95,1252,11137863,0,0,182.77,289,5391.99,0.00,0.00
60999.01,1252,11148711,0,0,182.77,289,5391.99,0.00,0.00
61059.02,1252,11159607,0,0,182.77,289,5391.99,0.00,0.00
61119.05,1252,11170391,0,0,182.76,289,5391.99,0.00,0.00
61179.07,1252,11181239,0,0,182.76,289,5391.99,0.00,0.00
61239.08,1252,11192007,0,0,182.76,289,5391.99,0.00,0.00
61299.13,1252,11202839,0,0,182.76,289,5391.99,0.00,0.00
61359.13,1252,11213479,0,0,182.75,289,5391.99,0.00,0.00
61419.16,1252,11224375,0,0,182.75,289,5391.99,0.00,0.00
61479.17,1252,11235143,0,0,182.75,289,5391.99,0.00,0.00
61539.25,1252,11246087,0,0,182.75,289,5391.99,0.00,0.00
61599.30,1252,11256951,0,0,182.74,289,5391.99,0.00,0.00
61659.38,1252,11267783,0,0,182.74,289,5391.99,0.00,0.00
61719.40,1252,11278647,0,0,182.74,289,5391.99,0.00,0.00
61779.42,1252,11289543,0,0,182.74,289,5391.99,0.00,0.00
61839.42,1252,11300423,0,0,182.74,289,5391.99,0.00,0.00
61899.46,1252,11311207,0,0,182.74,289,5391.99,0.00,0.00
61959.54,1252,11322055,0,0,182.73,289,5391.99,0.00,0.00
62019.59,1252,11332871,0,0,182.73,289,5391.99,0.00,0.00
62079.64,1252,11343735,0,0,182.73,289,5391.99,0.00,0.00
62139.68,1252,11354647,0,0,182.73,289,5391.99,0.00,0.00
62199.71,1252,11365495,0,0,182.73,289,5391.99,0.00,0.00
62259.73,1252,11376327,0,0,182.72,289,5391.99,0.00,0.00
62319.76,1252,11387287,0,0,182.72,289,5391.99,0.00,0.00
62379.77,1252,11398135,0,0,182.72,289,5391.99,0.00,0.00
62439.82,1252,11408935,0,0,182.72,289,5391.99,0.00,0.00
62499.89,1252,11419815,0,0,182.72,289,5391.99,0.00,0.00
62559.94,1252,11430743,0,0,182.72,289,5391.99,0.00,0.00
62620.03,1252,11441655,0,0,182.72,289,5391.99,0.00,0.00
62680.07,1252,11452519,0,0,182.71,289,5391.99,0.00,0.00
62740.10,1252,11463319,0,0,182.71,289,5391.99,0.00,0.00
62800.10,1252,11474167,0,0,182.71,289,5391.99,0.00,0.00
62860.16,1252,11484935,0,0,182.71,289,5391.99,0.00,0.00
62920.16,1252,11495703,0,0,182.70,289,5391.99,0.00,0.00
62980.17,1252,11506535,0,0,182.70,289,5391.99,0.00,0.00
63040.21,1252,11517415,0,0,182.70,289,5391.99,0.00,0.00
63100.21,1252,11528343,0,0,182.70,289,5391.99,0.00,0.00
63160.29,1252,11539095,0,0,182.70,289,5391.99,0.00,0.00
63220.29,1252,11550039,0,0,182.70,289,5391.99,0.00,0.00
63280.32,1252,11560775,0,0,182.69,289,5391.99,0.00,0.00
63340.35,1252,11571623,0,0,182.69,289,5391.99,0.00,0.00
63400.41,1252,11582487,0,0,182.69,289,5391.99,0.00,0.00
63460.49,1252,11593287,0,0,182.69,289,5391.99,0.00,0.00
63520.54,1252,11604071,0,0,182.68,289,5391.99,0.00,0.00
63580.59,1252,11614711,0,0,182.68,289,5391.99,0.00,0.00
63640.64,1252,11625415,0,0,182.67,289,5391.99,0.00,0.00
63700.72,1252,11636199,0,0,182.67,289,5391.99,0.00,0.00
63760.80,1252,11647047,0,0,182.67,289,5391.99,0.00,0.00
63820.85,1252,11657895,0,0,182.67,289,5391.99,0.00,0.00
63880.93,1252,11668695,0,0,182.66,289,5391.99,0.00,0.00
63940.95,1252,11679559,0,0,182.66,289,5391.99,0.00,0.00
64000.97,1252,11690551,0,0,182.66,289,5391.99,0.00,0.00
64060.97,1252,11701655,0,0,182.66,289,5391.99,0.00,0.00
64120.99,1252,11712743,0,0,182.67,289,5391.99,0.00,0.00
64181.03,1252,11723815,0,0,182.67,289,5391.99,0.00,0.00
64241.11,1252,11734903,0,0,182.67,289,5391.99,0.00,0.00
64301.16,1252,11746087,0,0,182.67,289,5391.99,0.00,0.00
64361.20,1252,11757223,0,0,182.68,289,5391.99,0.00,0.00
64421.27,1252,11768263,0,0,182.68,289,5391.99,0.00,0.00
64481.31,1252,11779351,0,0,182.68,289,5391.99,0.00,0.00
64541.34,1252,11790327,0,0,182.68,289,5391.99,0.00,0.00
64601.42,1252,11801287,0,0,182.68,289,5391.99,0.00,0.00
64661.45,1252,11812023,0,0,182.67,289,5391.99,0.00,0.00
64721.52,1252,11822807,0,0,182.67,289,5391.99,0.00,0.00
64781.57,1252,11833591,0,0,182.67,289,5391.99,0.00,0.00
64841.62,1252,11844535,0,0,182.67,289,5391.99,0.00,0.00
64901.73,1252,11855207,0,0,182.66,289,5391.99,0.00,0.00
64961.79,1252,11866055,0,0,182.66,289,5391.99,0.00,0.00
65021.84,1252,11876791,0,0,182.66,289,5391.99,0.00,0.00
65081.86,1252,11887623,0,0,182.66,289,5391.99,0.00,0.00
65141.87,1252,11898391,0,0,182.65,289,5391.99,0.00,0.00
65201.90,1252,11909239,0,0,182.65,289,5391.99,0.00,0.00
65261.92,1252,11920007,0,0,182.65,289,5391.99,0.00,0.00
65322.00,1252,11930839,0,0,182.65,289,5391.99,0.00,0.00
65382.00,1252,11941655,0,0,182.64,289,5391.99,0.00,0.00
65442.07,1252,11952503,0,0,182.64,289,5391.99,0.00,0.00
65502.09,1252,11963223,0,0,182.64,289,5391.99,0.00,0.00
65562.18,1252,11974055,0,0,182.64,289,5391.99,0.00,0.00
65622.24,1252,11984679,0,0,182.63,289,5391.99,0.00,0.00
65682.25,1252,11995367,0,0,182.63,289,5391.99,0.00,0.00
65742.27,1252,12006103,0,0,182.62,289,5391.99,0.00,0.00
65802.27,1252,12016791,0,0,182.62,289,5391.99,0.00,0.00
65862.32,1252,12027591,0,0,182.62,289,5391.99,0.00,0.00
65922.35,1252,12038359,0,0,182.61,289,5391.99,0.00,0.00
65982.36,1252,12049111,0,0,182.61,289,5391.99,0.00,0.00
66042.43,1252,12060071,0,0,182.61,289,5391.99,0.00,0.00
66102.46,1252,12070951,0,0,182.61,289,5391.99,0.00,0.00
66162.51,1252,12081687,0,0,182.61,289,5391.99,0.00,0.00
66222.54,1252,12092551,0,0,182.60,289,5391.99,0.00,0.00
66282.55,1252,12103287,0,0,182.60,289,5391.99,0.00,0.00
66342.55,1252,12113975,0,0,182.60,289,5391.99,0.00,0.00
66402.63,1252,12123751,0,0,182.58,289,5391.99,0.00,0.00
66462.65,1252,12131863,0,0,182.54,289,5391.99,0.00,0.00
66522.79,1252,12139991,0,0,182.49,289,5391.99,0.00,0.00
66582.80,1252,12148135,0,0,182.45,289,5391.99,0.00,0.00
66642.92,1252,12157703,0,0,182.43,289,5391.99,0.00,0.00
66702.97,1252,12165863,0,0,182.39,289,5391.99,0.00,0.00
66763.09,1252,12174103,0,0,182.35,289,5391.99,0.00,0.00
66823.09,1252,12182359,0,0,182.31,289,5391.99,0.00,0.00
66883.14,1252,12191703,0,0,182.28,289,5391.99,0.00,0.00
66943.21,1252,12200039,0,0,182.24,289,5391.99,0.00,0.00
67003.29,1252,12208471,0,0,182.21,289,5391.99,0.00,0.00
67063.34,1252,12216999,0,0,182.17,289,5391.99,0.00,0.00
67123.35,1252,12226135,0,0,182.14,289,5391.99,0.00,0.00
67183.40,1252,12236583,0,0,182.14,289,5391.99,0.00,0.00
67243.43,1252,12247031,0,0,182.13,289,5391.99,0.00,0.00
67303.49,1252,12257591,0,0,182.12,289,5391.99,0.00,0.00
67363.57,1252,12267959,0,0,182.12,289,5391.99,0.00,0.00
67423.64,1252,12277159,0,0,182.09,289,5391.99,0.00,0.00
67483.76,1252,12285687,0,0,182.05,289,5391.99,0.00,0.00
67543.81,1252,12294279,0,0,182.02,289,5391.99,0.00,0.00
67603.89,1252,12302951,0,0,181.99,289,5391.99,0.00,0.00
67663.99,1252,12313159,0,0,181.98,289,5391.99,0.00,0.00
67724.03,1252,12323495,0,0,181.97,289,5391.99,0.00,0.00
67784.09,1252,12333927,0,0,181.96,289,5391.99,0.00,0.00
67844.10,1252,12344375,0,0,181.95,289,5391.99,0.00,0.00
67904.17,1252,12354807,0,0,181.94,289,5391.99,0.00,0.00
67964.20,1252,12365399,0,0,181.94,289,5391.99,0.00,0.00
68024.29,1252,12375863,0,0,181.93,289,5391.99,0.00,0.00
68084.34,1252,12386519,0,0,181.93,289,5391.99,0.00,0.00
68144.34,1252,12397015,0,0,181.92,289,5391.99,0.00,0.00
68204.37,1252,12407607,0,0,181.92,289,5391.99,0.00,0.00
68264.45,1252,12418263,0,0,181.91,289,5391.99,0.00,0.00
68324.50,1252,12428743,0,0,181.91,289,5391.99,0.00,0.00
68384.54,1252,12439207,0,0,181.90,289,5391.99,0.00,0.00
68444.54,1252,12449591,0,0,181.89,289,5391.99,0.00,0.00
68504.60,1252,12460103,0,0,181.89,289,5391.99,0.00,0.00
68564.65,1252,12470615,0,0,181.88,289,5391.99,0.00,0.00
68624.68,1252,12481207,0,0,181.88,289,5391.99,0.00,0.00
68684.76,1252,12491703,0,0,181.87,289,5391.99,0.00,0.00
68744.79,1252,12502087,0,0,181.86,289,5391.99,0.00,0.00
68804.82,1252,12512679,0,0,181.86,289,5391.99,0.00,0.00
68864.90,1252,12523159,0,0,181.85,289,5391.99,0.00,0.00
68924.90,1252,12533767,0,0,181.85,289,5391.99,0.00,0.00
68984.93,1252,12544375,0,0,181.84,289,5391.99,0.00,0.00
69045.01,1252,12555207,0,0,181.84,289,5391.99,0.00,0.00
69105.04,1252,12566007,0,0,181.84,289,5391.99,0.00,0.00
69165.11,1252,12576823,0,0,181.84,289,5391.99,0.00,0.00
69225.18,1252,12587591,0,0,181.84,289,5391.99,0.00,0.00
69285.24,1252,12598423,0,0,181.83,289,5391.99,0.00,0.00
69345.28,1252,12609255,0,0,181.83,289,5391.99,0.00,0.00
69405.30,1252,12619735,0,0,181.83,289,5391.99,0.00,0.00
69465.37,1252,12630471,0,0,181.82,289,5391.99,0.00,0.00
69525.45,1252,12641207,0,0,181.82,289,5391.99,0.00,0.00
69585.56,1252,12651719,0,0,181.82,289,5391.99,0.00,0.00
69645.62,1252,12662183,0,0,181.81,289,5391.99,0.00,0.00
69705.62,1252,12672567,0,0,181.80,289,5391.99,0.00,0.00
69765.63,1252,12683143,0,0,181.80,289,5391.99,0.00,0.00
69825.64,1252,12693591,0,0,181.79,289,5391.99,0.00,0.00
69885.65,1252,12704119,0,0,181.78,289,5391.99,0.00,0.00
69945.65,1252,12714631,0,0,181.78,289,5391.99,0.00,0.00
70005.72,1252,12725191,0,0,181.77,289,5391.99,0.00,0.00
70065.76,1252,12735511,0,0,181.77,289,5391.99,0.00,0.00
70125.83,1252,12746103,0,0,181.76,289,5391.99,0.00,0.00
70185.84,1252,12756711,0,0,181.76,289,5391.99,0.00,0.00
70245.88,1252,12767575,0,0,181.76,289,5391.99,0.00,0.00
70305.93,1252,12778439,0,0,181.75,289,5391.99,0.00,0.00
70366.01,1252,12789239,0,0,181.75,289,5391.99,0.00,0.00
70426.04,1252,12800071,0,0,181.75,289,5391.99,0.00,0.00
70486.12,1252,12810535,0,0,181.75,289,5391.99,0.00,0.00
70546.13,1252,12821191,0,0,181.74,289,5391.99,0.00,0.00
70606.15,1252,12831863,0,0,181.74,289,5391.99,0.00,0.00
70666.20,1252,12842567,0,0,181.74,289,5391.99,0.00,0.00
70726.20,1252,12853047,0,0,181.73,289,5391.99,0.00,0.00
70786.21,1252,12863767,0,0,181.73,289,5391.99,0.00,0.00
70846.25,1252,12874663,0,0,181.73,289,5391.99,0.00,0.00
70906.30,1252,12885511,0,0,181.73,289,5391.99,0.00,0.00
70966.36,1252,12896311,0,0,181.72,289,5391.99,0.00,0.00
71026.38,1252,12907111,0,0,181.72,289,5391.99,0.00,0.00
71086.39,1252,12917911,0,0,181.72,289,5391.99,0.00,0.00
71146.41,1252,12928663,0,0,181.72,289,5391.99,0.00,0.00
71206.46,1252,12939351,0,0,181.72,289,5391.99,0.00,0.00
71266.53,1252,12950215,0,0,181.72,289,5391.99,0.00,0.00
71326.61,1252,12961063,0,0,181.71,289,5391.99,0.00,0.00
71386.62,1252,12971927,0,0,181.71,289,5391.99,0.00,0.00
71446.71,1252,12982775,0,0,181.71,289,5391.99,0.00,0.00
71506.77,1252,12993655,0,0,181.71,289,5391.99,0.00,0.00
71566.85,1252,13004503,0,0,181.71,289,5391.99,0.00,0.00
71626.87,1252,13015303,0,0,181.71,289,5391.99,0.00,0.00
71686.88,1252,13026231,0,0,181.71,289,5391.99,0.00,0.00
71746.93,1252,13037095,0,0,181.71,289,5391.99,0.00,0.00
71806.94,1252,13047975,0,0,181.71,289,5391.99,0.00,0.00
71866.98,1252,13058823,0,0,181.71,289,5391.99,0.00,0.00
71927.07,1252,13069719,0,0,181.71,289,5391.99,0.00,0.00
71987.16,1252,13080583,0,0,181.71,289,5391.99,0.00,0.00
72047.19,1252,13091415,0,0,181.71,289,5391.99,0.00,0.00
72107.27,1252,13102247,0,0,181.70,289,5391.99,0.00,0.00
72167.28,1252,13113111,0,0,181.70,289,5391.99,0.00,0.00
72227.31,1252,13123927,0,0,181.70,289,5391.99,0.00,0.00
72287.38,1252,13134791,0,0,181.70,289,5391.99,0.00,0.00
72347.43,1252,13145623,0,0,181.70,289,5391.99,0.00,0.00
72407.49,1252,13156391,0,0,181.70,289,5391.99,0.00,0.00
72467.56,1252,13167223,0,0,181.70,289,5391.99,0.00,0.00
72527.62,1252,13177927,0,0,181.70,289,5391.99,0.00,0.00
72587.70,1252,13188727,0,0,181.69,289,5391.99,0.00,0.00
72647.79,1252,13199527,0,0,181.69,289,5391.99,0.00,0.00
72707.80,1252,13210327,0,0,181.69,289,5391.99,0.00,0.00
72767.86,1252,13221143,0,0,181.69,289,5391.99,0.00,0.00
72827.91,1252,13231927,0,0,181.69,289,5391.99,0.00,0.00
72888.00,1252,13242759,0,0,181.69,289,5391.99,0.00,0.00
72948.04,1252,13253607,0,0,181.69,289,5391.99,0.00,0.00
73008.05,1252,13264455,0,0,181.68,289,5391.99,0.00,0.00
73068.07,1252,13275175,0,0,181.68,289,5391.99,0.00,0.00
73128.15,1252,13285975,0,0,181.68,289,5391.99,0.00,0.00
73188.17,1252,13296727,0,0,181.68,289,5391.99,0.00,0.00
73248.24,1252,13307543,0,0,181.68,289,5391.99,0.00,0.00
73308.33,1252,13318407,0,0,181.68,289,5391.99,0.00,0.00
73368.40,1252,13329319,0,0,181.68,289,5391.99,0.00,0.00
73428.48,1252,13340183,0,0,181.68,289,5391.99,0.00,0.00
73488.50,1252,13350871,0,0,181.67,289,5391.99,0.00,0.00
73548.50,1252,13361591,0,0,181.67,289,5391.99,0.00,0.00
73608.59,1252,13372455,0,0,181.67,289,5391.99,0.00,0.00
73668.63,1252,13383223,0,0,181.67,289,5391.99,0.00,0.00
73728.69,1252,13393975,0,0,181.67,289,5391.99,0.00,0.00
73788.69,1252,13404727,0,0,181.66,289,5391.99,0.00,0.00
73848.75,1252,13415463,0,0,181.66,289,5391.99,0.00,0.00
73908.83,1252,13426199,0,0,181.66,289,5391.99,0.00,0.00
73968.85,1252,13436999,0,0,181.66,289,5391.99,0.00,0.00
74028.90,1252,13447831,0,0,181.66,289,5391.99,0.00,0.00
74088.97,1252,13458615,0,0,181.65,289,5391.99,0.00,0.00
74149.00,1252,13469447,0,0,181.65,289,5391.99,0.00,0.00
74209.04,1252,13480375,0,0,181.65,289,5391.99,0.00,0.00
74269.05,1252,13491143,0,0,181.65,289,5391.99,0.00,0.00
74329.08,1252,13501991,0,0,181.65,289,5391.99,0.00,0.00
74389.16,1252,13512743,0,0,181.65,289,5391.99,0.00,0.00
74449.24,1252,13523527,0,0,181.65,289,5391.99,0.00,0.00
74509.26,1252,13534311,0,0,181.65,289,5391.99,0.00,0.00
74569.33,1252,13545095,0,0,181.64,289,5391.99,0.00,0.00
74629.40,1252,13555959,0,0,181.64,289,5391.99,0.00,0.00
74689.41,1252,13566775,0,0,181.64,289,5391.99,0.00,0.00
74749.49,1252,13577591,0,0,181.64,289,5391.99,0.00,0.00
74809.58,1252,13588519,0,0,181.64,289,5391.99,0.00,0.00
74869.61,1252,13599207,0,0,181.64,289,5391.99,0.00,0.00
74929.62,1252,13610039,0,0,181.64,289,5391.99,0.00,0.00
74989.69,1252,13620679,0,0,181.63,289,5391.99,0.00,0.00
75049.73,1252,13631527,0,0,181.63,289,5391.99,0.00,0.00
75109.79,1252,13642503,0,0,181.63,289,5391.99,0.00,0.00
75169.80,1252,13653367,0,0,181.63,289,5391.99,0.00,0.00
75229.88,1252,13664167,0,0,181.63,289,5391.99,0.00,0.00
75289.92,1252,13674935,0,0,181.63,289,5391.99,0.00,0.00
75349.99,1252,13685847,0,0,181.63,289,5391.99,0.00,0.00
75410.00,1252,13696727,0,0,181.63,289,5391.99,0.00,0.00
75470.04,1252,13707655,0,0,181.63,289,5391.99,0.00,0.00
75530.12,1252,13718615,0,0,181.63,289,5391.99,0.00,0.00
75590.13,1252,13729495,0,0,181.63,289,5391.99,0.00,0.00
75650.15,1252,13740407,0,0,181.63,289,5391.99,0.00,0.00
75710.16,1252,13751287,0,0,181.63,289,5391.99,0.00,0.00
75770.19,1252,13762199,0,0,181.63,289,5391.99,0.00,0.00
75830.20,1252,13773079,0,0,181.63,289,5391.99,0.00,0.00
75890.22,1252,13783863,0,0,181.63,289,5391.99,0.00,0.00
75950.27,1252,13794631,0,0,181.63,289,5391.99,0.00,0.00
76010.36,1252,13805447,0,0,181.63,289,5391.99,0.00,0.00
76070.37,1252,13816327,0,0,181.63,289,5391.99,0.00,0.00
76130.45,1252,13827239,0,0,181.63,289,5391.99,0.00,0.00
76190.50,1252,13838151,0,0,181.63,289,5391.99,0.00,0.00
76250.51,1252,13848935,0,0,181.62,289,5391.99,0.00,0.00
76310.55,1252,13859687,0,0,181.62,289,5391.99,0.00,0.00
76370.56,1252,13870567,0,0,181.62,289,5391.99,0.00,0.00
76430.63,1252,13881399,0,0,181.62,289,5391.99,0.00,0.00
76490.64,1252,13892263,0,0,181.62,289,5391.99,0.00,0.00
76550.67,1252,13903031,0,0,181.62,289,5391.99,0.00,0.00
76610.72,1252,13913975,0,0,181.62,289,5391.99,0.00,0.00
76670.79,1252,13924823,0,0,181.62,289,5391.99,0.00,0.00
76730.85,1252,13935719,0,0,181.62,289,5391.99,0.00,0.00
76790.85,1252,13946599,0,0,181.62,289,5391.99,0.00,0.00
76850.89,1252,13957543,0,0,181.62,289,5391.99,0.00,0.00
76910.89,1252,13968295,0,0,181.62,289,5391.99,0.00,0.00
76970.90,1252,13979111,0,0,181.62,289,5391.99,0.00,0.00
77030.96,1252,13989927,0,0,181.61,289,5391.99,0.00,0.00
77090.97,1252,14000663,0,0,181.61,289,5391.99,0.00,0.00
77151.02,1252,14011415,0,0,181.61,289,5391.99,0.00,0.00
77211.04,1252,14022055,0,0,181.61,289,5391.99,0.00,0.00
77271.07,1252,14032807,0,0,181.60,289,5391.99,0.00,0.00
77331.13,1252,14043575,0,0,181.60,289,5391.99,0.00,0.00
77391.16,1252,14054343,0,0,181.60,289,5391.99,0.00,0.00
77451.18,1252,14065063,0,0,181.60,289,5391.99,0.00,0.00
77511.26,1252,14075623,0,0,181.59,289,5391.99,0.00,0.00
77571.33,1252,14086295,0,0,181.59,289,5391.99,0.00,0.00
77631.39,1252,14097159,0,0,181.59,289,5391.99,0.00,0.00
77691.46,1252,14108071,0,0,181.59,289,5391.99,0.00,0.00
77751.50,1252,14119143,0,0,181.59,289,5391.99,0.00,0.00
77811.53,1252,14130087,0,0,181.59,289,5391.99,0.00,0.00
77871.60,1252,14141207,0,0,181.60,289,5391.99,0.00,0.00
77931.62,1252,14152279,0,0,181.60,289,5391.99,0.00,0.00
77991.68,1252,14163399,0,0,181.60,289,5391.99,0.00,0.00
78051.69,1252,14174455,0,0,181.60,289,5391.99,0.00,0.00
78111.71,1252,14185319,0,0,181.60,289,5391.99,0.00,0.00
78171.78,1252,14196023,0,0,181.60,289,5391.99,0.00,0.00
78231.81,1252,14206887,0,0,181.60,289,5391.99,0.00,0.00
78291.87,1252,14217703,0,0,181.60,289,5391.99,0.00,0.00
78351.89,1252,14228535,0,0,181.60,289,5391.99,0.00,0.00
78411.92,1252,14239367,0,0,181.60,289,5391.99,0.00,0.00
78472.00,1252,14250167,0,0,181.60,289,5391.99,0.00,0.00
78532.05,1252,14261079,0,0,181.60,289,5391.99,0.00,0.00
78592.09,1252,14272023,0,0,181.60,289,5391.99,0.00,0.00
78652.16,1252,14282759,0,0,181.59,289,5391.99,0.00,0.00
78712.25,1252,14293447,0,0,181.59,289,5391.99,0.00,0.00
78772.30,1252,14304135,0,0,181.59,289,5391.99,0.00,0.00
78832.34,1252,14314919,0,0,181.59,289,5391.99,0.00,0.00
78892.39,1252,14325655,0,0,181.58,289,5391.99,0.00,0.00
78952.46,1252,14336471,0,0,181.58,289,5391.99,0.00,0.00
79012.48,1252,14347191,0,0,181.58,289,5391.99,0.00,0.00
79072.49,1252,14358023,0,0,181.58,289,5391.99,0.00,0.00
79132.54,1252,14369095,0,0,181.58,289,5391.99,0.00,0.00
79192.61,1252,14380151,0,0,181.58,289,5391.99,0.00,0.00
79252.62,1252,14391063,0,0,181.58,289,5391.99,0.00,0.00
79312.66,1252,14402151,0,0,181.59,289,5391.99,0.00,0.00
79372.72,1252,14413319,0,0,181.59,289,5391.99,0.00,0.00
79432.75,1252,14424279,0,0,181.59,289,5391.99,0.00,0.00
79492.80,1252,14435447,0,0,181.59,289,5391.99,0.00,0.00
79552.83,1252,14446535,0,0,181.60,289,5391.99,0.00,0.00
79612.85,1252,14457399,0,0,181.60,289,5391.99,0.00,0.00
79672.90,1252,14468215,0,0,181.60,289,5391.99,0.00,0.00
79732.93,1252,14479143,0,0,181.60,289,5391.99,0.00,0.00
79793.00,1252,14489895,0,0,181.59,289,5391.99,0.00,0.00
79853.08,1252,14500615,0,0,181.59,289,5391.99,0.00,0.00
79913.18,1252,14511463,0,0,181.59,289,5391.99,0.00,0.00
79973.21,1252,14522327,0,0,181.59,289,5391.99,0.00,0.00
80033.25,1252,14533271,0,0,181.59,289,5391.99,0.00,0.00
80093.27,1252,14544007,0,0,181.59,289,5391.99,0.00,0.00
80153.32,1252,14554887,0,0,181.59,289,5391.99,0.00,0.00
80213.34,1252,14565719,0,0,181.59,289,5391.99,0.00,0.00
80273.36,1252,14576951,0,0,181.59,289,5391.99,0.00,0.00
80333.38,1252,14588183,0,0,181.60,289,5391.99,0.00,0.00
80393.46,1252,14599479,0,0,181.60,289,5391.99,0.00,0.00
80453.50,1252,14610679,0,0,181.60,289,5391.99,0.00,0.00
80513.56,1252,14621623,0,0,181.60,289,5391.99,0.00,0.00
80573.56,1252,14632535,0,0,181.60,289,5391.99,0.00,0.00
80633.61,1252,14643415,0,0,181.60,289,5391.99,0.00,0.00
80693.67,1252,14654311,0,0,181.60,289,5391.99,0.00,0.00
80753.77,1252,14665175,0,0,181.60,289,5391.99,0.00,0.00
80813.78,1252,14675511,0,0,181.60,289,5391.99,0.00,0.00
80873.82,1252,14686007,0,0,181.59,289,5391.99,0.00,0.00
80933.88,1252,14696599,0,0,181.59,289,5391.99,0.00,0.00
80993.93,1252,14707191,0,0,181.58,289,5391.99,0.00,0.00
81054.01,1252,14717559,0,0,181.58,289,5391.99,0.00,0.00
81114.03,1252,14727703,0,0,181.57,289,5391.99,0.00,0.00
81174.11,1252,14738231,0,0,181.56,289,5391.99,0.00,0.00
81234.15,1252,14748359,0,0,181.55,289,5391.99,0.00,0.00
81294.18,1252,14758839,0,0,181.55,289,5391.99,0.00,0.00
81354.24,1252,14769431,0,0,181.54,289,5391.99,0.00,0.00
81414.24,1252,14779911,0,0,181.54,289,5391.99,0.00,0.00
81474.28,1252,14790455,0,0,181.54,289,5391.99,0.00,0.00
81534.31,1252,14800935,0,0,181.53,289,5391.99,0.00,0.00
81594.32,1252,14811431,0,0,181.53,289,5391.99,0.00,0.00
81654.33,1252,14821927,0,0,181.52,289,5391.99,0.00,0.00
81714.33,1252,14832327,0,0,181.51,289,5391.99,0.00,0.00
81774.35,1252,14842791,0,0,181.51,289,5391.99,0.00,0.00
81834.38,1252,14853223,0,0,181.50,289,5391.99,0.00,0.00
81894.40,1252,14863703,0,0,181.50,289,5391.99,0.00,0.00
81954.44,1252,14874119,0,0,181.49,289,5391.99,0.00,0.00
82014.47,1252,14884487,0,0,181.49,289,5391.99,0.00,0.00
82074.50,1252,14894791,0,0,181.48,289,5391.99,0.00,0.00
82134.53,1252,14905079,0,0,181.47,289,5391.99,0.00,0.00
82194.61,1252,14915335,0,0,181.46,289,5391.99,0.00,0.00
82254.63,1252,14925559,0,0,181.46,289,5391.99,0.00,0.00
82314.72,1252,14935767,0,0,181.45,289,5391.99,0.00,0.00
82374.75,1252,14946119,0,0,181.44,289,5391.99,0.00,0.00
82434.77,1252,14956631,0,0,181.44,289,5391.99,0.00,0.00
82494.83,1252,14967191,0,0,181.43,289,5391.99,0.00,0.00
82554.83,1252,14977863,0,0,181.43,289,5391.99,0.00,0.00
82614.86,1252,14988615,0,0,181.43,289,5391.99,0.00,0.00
82674.87,1252,14999655,0,0,181.43,289,5391.99,0.00,0.00
82734.94,1252,15010663,0,0,181.43,289,5391.99,0.00,0.00
82794.96,1252,15021655,0,0,181.43,289,5391.99,0.00,0.00
82854.98,1252,15032663,0,0,181.43,289,5391.99,0.00,0.00
82915.04,1252,15043799,0,0,181.44,289,5391.99,0.00,0.00
82975.06,1252,15055127,0,0,181.44,289,5391.99,0.00,0.00
83035.09,1252,15066439,0,0,181.45,289,5391.99,0.00,0.00
83095.13,1252,15077815,0,0,181.45,289,5391.99,0.00,0.00
83155.17,1252,15089063,0,0,181.46,289,5391.99,0.00,0.00
83215.19,1252,15100423,0,0,181.46,289,5391.99,0.00,0.00
83275.27,1252,15111735,0,0,181.47,289,5391.99,0.00,0.00
83335.33,1252,15123047,0,0,181.47,289,5391.99,0.00,0.00
83395.41,1252,15134263,0,0,181.48,289,5391.99,0.00,0.00
83455.41,1252,15145527,0,0,181.48,289,5391.99,0.00,0.00
83515.47,1252,15156967,0,0,181.49,289,5391.99,0.00,0.00
83575.50,1252,15168391,0,0,181.49,289,5391.99,0.00,0.00
83635.51,1252,15179607,0,0,181.50,289,5391.99,0.00,0.00
83695.58,1252,15190999,0,0,181.50,289,5391.99,0.00,0.00
83755.60,1252,15202423,0,0,181.51,289,5391.99,0.00,0.00
83815.66,1252,15213831,0,0,181.52,289,5391.99,0.00,0.00
83875.68,1252,15225095,0,0,181.52,289,5391.99,0.00,0.00
83935.71,1252,15236343,0,0,181.52,289,5391.99,0.00,0.00
83995.71,1252,15247575,0,0,181.53,289,5391.99,0.00,0.00
84055.72,1252,15258903,0,0,181.53,289,5391.99,0.00,0.00
84115.73,1252,15270215,0,0,181.54,289,5391.99,0.00,0.00
84175.73,1252,15281575,0,0,181.54,289,5391.99,0.00,0.00
84235.79,1252,15292759,0,0,181.55,289,5391.99,0.00,0.00
84295.82,1252,15304119,0,0,181.55,289,5391.99,0.00,0.00
84355.88,1252,15315431,0,0,181.56,289,5391.99,0.00,0.00
84415.91,1252,15326823,0,0,181.56,289,5391.99,0.00,0.00
84475.92,1252,15338215,0,0,181.57,289,5391.99,0.00,0.00
84535.93,1252,15349623,0,0,181.58,289,5391.99,0.00,0.00
84596.00,1252,15360903,0,0,181.58,289,5391.99,0.00,0.00
84656.03,1252,15372247,0,0,181.58,289,5391.99,0.00,0.00
84716.10,1252,15383623,0,0,181.59,289,5391.99,0.00,0.00
84776.15,1252,15394983,0,0,181.60,289,5391.99,0.00,0.00
84836.25,1252,15406295,0,0,181.60,289,5391.99,0.00,0.00
84896.26,1252,15417623,0,0,181.61,289,5391.99,0.00,0.00
84956.35,1252,15428983,0,0,181.61,289,5391.99,0.00,0.00
85016.41,1252,15440343,0,0,181.62,289,5391.99,0.00,0.00
85076.44,1252,15451623,0,0,181.62,289,5391.99,0.00,0.00
85136.50,1252,15462487,0,0,181.62,289,5391.99,0.00,0.00
85196.51,1252,15473303,0,0,181.62,289,5391.99,0.00,0.00
85256.51,1252,15484183,0,0,181.62,289,5391.99,0.00,0.00
85316.58,1252,15495047,0,0,181.62,289,5391.99,0.00,0.00
85376.65,1252,15505831,0,0,181.62,289,5391.99,0.00,0.00
85436.67,1252,15516775,0,0,181.62,289,5391.99,0.00,0.00
85496.73,1252,15527479,0,0,181.61,289,5391.99,0.00,0.00
85556.78,1252,15538295,0,0,181.61,289,5391.99,0.00,0.00
85616.87,1252,15548439,0,0,181.60,289,5391.99,0.00,0.00
85676.92,1252,15558951,0,0,181.60,289,5391.99,0.00,0.00
85736.92,1252,15569527,0,0,181.60,289,5391.99,0.00,0.00
85797.00,1252,15580183,0,0,181.59,289,5391.99,0.00,0.00
85857.05,1252,15590935,0,0,181.59,289,5391.99,0.00,0.00
85917.12,1252,15601399,0,0,181.59,289,5391.99,0.00,0.00
85977.12,1252,15611911,0,0,181.58,289,5391.99,0.00,0.00
86037.15,1252,15622359,0,0,181.58,289,5391.99,0.00,0.00
86097.17,1252,15632887,0,0,181.57,289,5391.99,0.00,0.00
86157.25,1252,15643447,0,0,181.57,289,5391.99,0.00,0.00
86217.28,1252,15654519,0,0,181.57,289,5391.99,0.00,0.00
86277.32,1252,15666663,0,0,181.58,289,5391.99,0.00,0.00
86337.36,1252,15678887,0,0,181.60,289,5391.99,0.00,0.00
86397.40,1252,15691111,0,0,181.62,289,5391.99,0.00,0.00
