elapsed_time,unique_edges,total_execs,crash_count,hang_count,exec_speed,queue_size,last_new_find,last_crash,last_hang
0.00,0,0,0,0,0.00,0,0.00,0.00,0.00
16.63,2157,2392,0,1,143.82,120,16.59,0.00,14.88
26.84,2177,4097,0,1,152.66,127,23.41,0.00,14.88
36.86,2188,5582,0,1,151.46,132,31.54,0.00,14.88
47.01,2195,7067,0,1,150.34,133,42.99,0.00,14.88
57.20,2196,8585,0,1,150.09,134,56.80,0.00,14.88
67.30,2196,10169,0,1,151.10,134,56.80,0.00,14.88
83.74,2203,12767,0,1,152.45,136,76.53,0.00,14.88
93.89,2203,14365,0,1,153.00,136,76.53,0.00,14.88
104.07,2203,15963,0,1,153.38,136,76.53,0.00,14.88
114.09,2203,17527,0,1,153.62,136,76.53,0.00,14.88
124.11,2203,19091,0,1,153.82,136,76.53,0.00,14.88
134.12,2203,20655,0,1,154.00,136,76.53,0.00,14.88
144.24,2203,22253,0,1,154.28,136,76.53,0.00,14.88
154.34,2203,23851,0,1,154.54,136,76.53,0.00,14.88
164.56,2203,25449,0,1,154.65,136,76.53,0.00,14.88
174.74,2203,27081,0,1,154.98,136,76.53,0.00,14.88
184.87,2204,28645,0,1,154.95,137,184.64,0.00,14.88
195.06,2204,30243,0,1,155.05,137,184.64,0.00,14.88
205.06,2204,31841,0,1,155.27,137,184.64,0.00,14.88
215.24,2204,33439,0,1,155.36,137,184.64,0.00,14.88
225.36,2204,35037,0,1,155.47,137,184.64,0.00,14.88
235.37,2204,36635,0,1,155.65,137,184.64,0.00,14.88
245.43,2204,38199,0,1,155.64,137,184.64,0.00,14.88
255.61,2204,39797,0,1,155.70,137,184.64,0.00,14.88
265.67,2204,41361,0,1,155.68,137,184.64,0.00,14.88
275.73,2205,42925,0,1,155.68,138,270.17,0.00,14.88
285.84,2205,44523,0,1,155.76,138,270.17,0.00,14.88
295.85,2205,46121,0,1,155.89,138,270.17,0.00,14.88
305.96,2205,47685,0,1,155.85,138,270.17,0.00,14.88
315.97,2205,49249,0,1,155.87,138,270.17,0.00,14.88
326.07,2205,50813,0,1,155.84,138,270.17,0.00,14.88
336.07,2205,52377,0,1,155.85,138,270.17,0.00,14.88
346.20,2205,53975,0,1,155.91,138,270.17,0.00,14.88
356.28,2205,55539,0,1,155.88,138,270.17,0.00,14.88
366.45,2205,57137,0,1,155.92,138,270.17,0.00,14.88
376.52,2205,58701,0,1,155.90,138,270.17,0.00,14.88
386.56,2205,60265,0,1,155.90,138,270.17,0.00,14.88
396.62,2205,61829,0,1,155.89,138,270.17,0.00,14.88
406.76,2205,63427,0,1,155.93,138,270.17,0.00,14.88
416.81,2205,65025,0,1,156.01,138,270.17,0.00,14.88
427.01,2205,66589,0,1,155.94,138,270.17,0.00,14.88
437.17,2205,68187,0,1,155.97,138,270.17,0.00,14.88
447.24,2205,69751,0,1,155.96,138,270.17,0.00,14.88
457.38,2205,71315,0,1,155.92,138,270.17,0.00,14.88
467.41,2205,72879,0,1,155.92,138,270.17,0.00,14.88
477.53,2205,74443,0,1,155.89,138,270.17,0.00,14.88
487.64,2205,76007,0,1,155.87,138,270.17,0.00,14.88
497.86,2205,77605,0,1,155.88,138,270.17,0.00,14.88
507.93,2205,79169,0,1,155.87,138,270.17,0.00,14.88
518.01,2205,80733,0,1,155.85,138,270.17,0.00,14.88
528.15,2205,82331,0,1,155.89,138,270.17,0.00,14.88
538.19,2205,83895,0,1,155.88,138,270.17,0.00,14.88
548.40,2205,85527,0,1,155.96,138,270.17,0.00,14.88
558.47,2205,87125,0,1,156.01,138,270.17,0.00,14.88
568.55,2205,88689,0,1,155.99,138,270.17,0.00,14.88
578.75,2205,90253,0,1,155.95,138,270.17,0.00,14.88
588.93,2205,91817,0,1,155.91,138,270.17,0.00,14.88
599.04,2205,93381,0,1,155.88,138,270.17,0.00,14.88
629.20,2205,98073,0,1,155.87,138,270.17,0.00,14.88
659.26,2205,102765,0,1,155.88,138,270.17,0.00,14.88
689.26,2206,107389,0,1,155.80,139,669.67,0.00,14.88
719.32,2206,112047,0,1,155.77,139,669.67,0.00,14.88
749.34,2206,116705,0,1,155.74,139,669.67,0.00,14.88
779.53,2206,121431,0,1,155.78,139,669.67,0.00,14.88
809.58,2206,126123,0,1,155.79,139,669.67,0.00,14.88
839.72,2206,130849,0,1,155.82,139,669.67,0.00,14.88
869.88,2206,135524,0,1,155.80,139,669.67,0.00,14.88
899.88,2206,140148,0,1,155.74,139,669.67,0.00,14.88
930.06,2206,144840,0,1,155.73,139,669.67,0.00,14.88
960.21,2206,149498,0,1,155.69,139,669.67,0.00,14.88
990.27,2206,154156,0,1,155.67,139,669.67,0.00,14.88
1020.30,2206,158780,0,1,155.62,139,669.67,0.00,14.88
1050.30,2206,163404,0,1,155.58,139,669.67,0.00,14.88
1080.35,2206,168062,0,1,155.56,139,669.67,0.00,14.88
1110.44,2206,172754,0,1,155.57,139,669.67,0.00,14.88
1140.63,2206,177446,0,1,155.57,139,669.67,0.00,14.88
1170.86,2206,182138,0,1,155.56,139,669.67,0.00,14.88
1201.05,2206,186830,0,1,155.56,139,669.67,0.00,14.88
1231.17,2206,191488,0,1,155.53,139,669.67,0.00,14.88
1261.34,2206,196180,0,1,155.53,139,669.67,0.00,14.88
1291.41,2206,200838,0,1,155.52,139,669.67,0.00,14.88
1321.60,2206,205530,0,1,155.52,139,669.67,0.00,14.88
1351.63,2206,210239,0,1,155.54,139,669.67,0.00,14.88
1381.76,2206,214931,0,1,155.55,139,669.67,0.00,14.88
1411.87,2206,219589,0,1,155.53,139,669.67,0.00,14.88
1442.04,2206,224213,0,1,155.48,139,669.67,0.00,14.88
1472.12,2206,228803,0,1,155.42,139,669.67,0.00,14.88
1502.26,2206,233427,0,1,155.38,139,669.67,0.00,14.88
1532.45,2206,238119,0,1,155.38,139,669.67,0.00,14.88
1562.59,2206,242811,0,1,155.39,139,669.67,0.00,14.88
1592.64,2206,247469,0,1,155.38,139,669.67,0.00,14.88
1622.71,2206,252127,0,1,155.37,139,669.67,0.00,14.88
1652.85,2206,256785,0,1,155.36,139,669.67,0.00,14.88
1683.04,2206,261477,0,1,155.36,139,669.67,0.00,14.88
1713.10,2206,266101,0,1,155.33,139,669.67,0.00,14.88
1743.30,2206,270759,0,1,155.31,139,669.67,0.00,14.88
1773.39,2206,275417,0,1,155.31,139,669.67,0.00,14.88
1803.41,2206,280041,0,1,155.28,139,669.67,0.00,14.88
1833.45,2206,284699,0,1,155.28,139,669.67,0.00,14.88
1863.51,2206,289289,0,1,155.24,139,669.67,0.00,14.88
1893.57,2206,294083,0,1,155.31,139,669.67,0.00,14.88
1923.65,2206,299217,0,1,155.55,139,669.67,0.00,14.88
1953.81,2206,304385,0,1,155.79,139,669.67,0.00,14.88
1983.85,2206,309553,0,1,156.04,139,669.67,0.00,14.88
2014.05,2206,314687,0,1,156.25,139,669.67,0.00,14.88
2044.24,2206,319379,0,1,156.23,139,669.67,0.00,14.88
2074.42,2206,324071,0,1,156.22,139,669.67,0.00,14.88
2104.55,2206,328729,0,1,156.20,139,669.67,0.00,14.88
2134.68,2206,333387,0,1,156.18,139,669.67,0.00,14.88
2164.81,2206,338045,0,1,156.15,139,669.67,0.00,14.88
2194.86,2206,342703,0,1,156.14,139,669.67,0.00,14.88
2224.87,2206,347327,0,1,156.11,139,669.67,0.00,14.88
2255.04,2206,351985,0,1,156.09,139,669.67,0.00,14.88
2285.12,2206,356609,0,1,156.06,139,669.67,0.00,14.88
2315.35,2206,361267,0,1,156.03,139,669.67,0.00,14.88
2345.44,2206,365925,0,1,156.02,139,669.67,0.00,14.88
2375.63,2206,370583,0,1,155.99,139,669.67,0.00,14.88
2405.77,2206,375275,0,1,155.99,139,669.67,0.00,14.88
2435.92,2206,379933,0,1,155.97,139,669.67,0.00,14.88
2465.95,2206,384557,0,1,155.95,139,669.67,0.00,14.88
2495.99,2206,389181,0,1,155.92,139,669.67,0.00,14.88
2526.05,2206,393839,0,1,155.91,139,669.67,0.00,14.88
2556.24,2206,398531,0,1,155.91,139,669.67,0.00,14.88
2586.39,2206,403189,0,1,155.89,139,669.67,0.00,14.88
2616.40,2206,407813,0,1,155.87,139,669.67,0.00,14.88
2646.46,2206,412437,0,1,155.84,139,669.67,0.00,14.88
2676.57,2206,417061,0,1,155.82,139,669.67,0.00,14.88
2706.68,2206,421651,0,1,155.78,139,669.67,0.00,14.88
2736.79,2206,426241,0,1,155.74,139,669.67,0.00,14.88
2766.97,2206,430933,0,1,155.74,139,669.67,0.00,14.88
2797.03,2206,435557,0,1,155.72,139,669.67,0.00,14.88
2827.13,2206,440181,0,1,155.70,139,669.67,0.00,14.88
2857.16,2206,444839,0,1,155.69,139,669.67,0.00,14.88
2887.21,2206,449429,0,1,155.66,139,669.67,0.00,14.88
2917.31,2206,454087,0,1,155.65,139,669.67,0.00,14.88
2947.39,2206,458745,0,1,155.64,139,669.67,0.00,14.88
2977.40,2206,463403,0,1,155.64,139,669.67,0.00,14.88
3007.42,2206,468095,0,1,155.65,139,669.67,0.00,14.88
3037.42,2206,472719,0,1,155.63,139,669.67,0.00,14.88
3067.43,2206,477275,0,1,155.59,139,669.67,0.00,14.88
3097.58,2206,481899,0,1,155.57,139,669.67,0.00,14.88
3127.64,2206,486523,0,1,155.56,139,669.67,0.00,14.88
3157.80,2206,491147,0,1,155.53,139,669.67,0.00,14.88
3187.84,2206,495737,0,1,155.51,139,669.67,0.00,14.88
3217.90,2206,500293,0,1,155.47,139,669.67,0.00,14.88
3248.07,2206,504883,0,1,155.44,139,669.67,0.00,14.88
3278.17,2206,509473,0,1,155.41,139,669.67,0.00,14.88
3308.36,2206,514063,0,1,155.38,139,669.67,0.00,14.88
3338.49,2206,518687,0,1,155.37,139,669.67,0.00,14.88
3368.66,2206,523277,0,1,155.34,139,669.67,0.00,14.88
3398.79,2206,527901,0,1,155.32,139,669.67,0.00,14.88
3428.79,2206,532525,0,1,155.31,139,669.67,0.00,14.88
3458.87,2206,537149,0,1,155.30,139,669.67,0.00,14.88
3488.90,2206,541807,0,1,155.29,139,669.67,0.00,14.88
3519.00,2206,546465,0,1,155.29,139,669.67,0.00,14.88
3549.08,2206,551089,0,1,155.28,139,669.67,0.00,14.88
3579.14,2206,555713,0,1,155.26,139,669.67,0.00,14.88
3639.29,2206,565131,0,1,155.29,139,669.67,0.00,14.88
3699.42,2206,574481,0,1,155.29,139,669.67,0.00,14.88
3759.59,2206,583763,0,1,155.27,139,669.67,0.00,14.88
3819.60,2206,593045,0,1,155.26,139,669.67,0.00,14.88
3879.69,2206,602395,0,1,155.27,139,669.67,0.00,14.88
3939.87,2206,611711,0,1,155.26,139,669.67,0.00,14.88
3999.99,2206,620993,0,1,155.25,139,669.67,0.00,14.88
4060.14,2206,630275,0,1,155.23,139,669.67,0.00,14.88
4120.29,2206,639557,0,1,155.22,139,669.67,0.00,14.88
4180.36,2206,648873,0,1,155.22,139,669.67,0.00,14.88
4240.50,2206,658155,0,1,155.21,139,669.67,0.00,14.88
4300.53,2206,667471,0,1,155.21,139,669.67,0.00,14.88
4360.70,2206,676821,0,1,155.21,139,669.67,0.00,14.88
4420.86,2206,686171,0,1,155.21,139,669.67,0.00,14.88
4480.99,2206,695521,0,1,155.22,139,669.67,0.00,14.88
4541.19,2206,704837,0,1,155.21,139,669.67,0.00,14.88
4601.24,2206,714153,0,1,155.21,139,669.67,0.00,14.88
4661.42,2206,723503,0,1,155.21,139,669.67,0.00,14.88
4721.58,2206,732819,0,1,155.21,139,669.67,0.00,14.88
4781.64,2206,741829,0,1,155.14,139,669.67,0.00,14.88
4841.87,2206,751298,0,1,155.17,139,669.67,0.00,14.88
4901.95,2206,760716,0,1,155.19,139,669.67,0.00,14.88
4962.13,2206,769913,0,1,155.16,139,669.67,0.00,14.88
5022.13,2206,779246,0,1,155.16,139,669.67,0.00,14.88
5082.19,2206,788188,0,1,155.09,139,669.67,0.00,14.88
5142.33,2206,796892,0,1,154.97,139,669.67,0.00,14.88
5202.34,2206,806140,0,1,154.96,139,669.67,0.00,14.88
5262.54,2206,815456,0,1,154.95,139,669.67,0.00,14.88
5322.74,2206,824670,0,1,154.93,139,669.67,0.00,14.88
5382.77,2206,834122,0,1,154.96,139,669.67,0.00,14.88
5442.85,2206,843370,0,1,154.95,139,669.67,0.00,14.88
5502.88,2206,852686,0,1,154.95,139,669.67,0.00,14.88
5563.04,2206,862070,0,1,154.96,139,669.67,0.00,14.88
5623.25,2206,871488,0,1,154.98,139,669.67,0.00,14.88
5683.47,2206,880736,0,1,154.96,139,669.67,0.00,14.88
5743.48,2206,889848,0,1,154.93,139,669.67,0.00,14.88
5803.62,2206,899402,0,1,154.97,139,669.67,0.00,14.88
5863.76,2206,908718,0,1,154.97,139,669.67,0.00,14.88
5923.88,2206,918170,0,1,154.99,139,669.67,0.00,14.88
5983.94,2206,927656,0,1,155.02,139,669.67,0.00,14.88
6043.99,2206,936870,0,1,155.01,139,669.67,0.00,14.88
6104.00,2206,945948,0,1,154.97,139,669.67,0.00,14.88
6164.15,2206,954618,0,1,154.87,139,669.67,0.00,14.88
6224.41,2206,963118,0,1,154.73,139,669.67,0.00,14.88
6284.41,2206,971856,0,1,154.65,139,669.67,0.00,14.88
6344.57,2206,981036,0,1,154.63,139,669.67,0.00,14.88
6404.59,2206,990250,0,1,154.62,139,669.67,0.00,14.88
6464.76,2206,999804,0,1,154.65,139,669.67,0.00,14.88
6524.89,2206,1009290,0,1,154.68,139,669.67,0.00,14.88
6585.08,2206,1018096,0,1,154.61,139,669.67,0.00,14.88
6645.14,2206,1027208,0,1,154.58,139,669.67,0.00,14.88
6705.25,2206,1036286,0,1,154.55,139,669.67,0.00,14.88
6765.41,2206,1045500,0,1,154.54,139,669.67,0.00,14.88
6825.49,2206,1054782,0,1,154.54,139,669.67,0.00,14.88
6885.57,2206,1064030,0,1,154.53,139,669.67,0.00,14.88
6945.64,2206,1073312,0,1,154.53,139,669.67,0.00,14.88
7005.76,2206,1082594,0,1,154.53,139,669.67,0.00,14.88
7065.94,2206,1091740,0,1,154.51,139,669.67,0.00,14.88
7126.04,2206,1100852,0,1,154.48,139,669.67,0.00,14.88
7186.19,2206,1110066,0,1,154.47,139,669.67,0.00,14.88
7246.24,2206,1119246,0,1,154.46,139,669.67,0.00,14.88
7306.40,2206,1128630,0,1,154.47,139,669.67,0.00,14.88
7366.43,2206,1137946,0,1,154.48,139,669.67,0.00,14.88
7426.45,2206,1147092,0,1,154.46,139,669.67,0.00,14.88
7486.65,2206,1156476,0,1,154.47,139,669.67,0.00,14.88
7546.68,2206,1165826,0,1,154.48,139,669.67,0.00,14.88
7606.85,2206,1174530,0,1,154.40,139,669.67,0.00,14.88
7666.88,2206,1183676,0,1,154.39,139,669.67,0.00,14.88
7727.08,2206,1193077,0,1,154.40,139,669.67,0.00,14.88
7787.29,2206,1202563,0,1,154.43,139,669.67,0.00,14.88
7847.31,2206,1211675,0,1,154.41,139,669.67,0.00,14.88
7907.34,2206,1220923,0,1,154.40,139,669.67,0.00,14.88
7967.46,2206,1230307,0,1,154.42,139,669.67,0.00,14.88
8027.61,2206,1239657,0,1,154.42,139,669.67,0.00,14.88
8087.79,2206,1249007,0,1,154.43,139,669.67,0.00,14.88
8147.80,2206,1258391,0,1,154.45,139,669.67,0.00,14.88
8207.88,2206,1267673,0,1,154.45,139,669.67,0.00,14.88
8267.97,2206,1276547,0,1,154.40,139,669.67,0.00,14.88
8328.14,2206,1285455,0,1,154.35,139,669.67,0.00,14.88
8388.16,2206,1294907,0,1,154.37,139,669.67,0.00,14.88
8448.17,2206,1304359,0,1,154.40,139,669.67,0.00,14.88
8508.18,2206,1313165,0,1,154.34,139,669.67,0.00,14.88
8568.20,2206,1322175,0,1,154.31,139,669.67,0.00,14.88
8628.39,2206,1331678,0,1,154.34,139,669.67,0.00,14.88
8688.39,2206,1341164,0,1,154.36,139,669.67,0.00,14.88
8748.46,2206,1350684,0,1,154.39,139,669.67,0.00,14.88
8808.67,2206,1360170,0,1,154.41,139,669.67,0.00,14.88
8868.79,2206,1369588,0,1,154.43,139,669.67,0.00,14.88
8928.87,2206,1379108,0,1,154.45,139,669.67,0.00,14.88
8988.92,2206,1388492,0,1,154.47,139,669.67,0.00,14.88
9049.07,2206,1398114,0,1,154.50,139,669.67,0.00,14.88
9109.18,2206,1407294,0,1,154.49,139,669.67,0.00,14.88
9169.30,2206,1416542,0,1,154.49,139,669.67,0.00,14.88
9229.43,2206,1425926,0,1,154.50,139,669.67,0.00,14.88
9289.50,2206,1435225,0,1,154.50,139,669.67,0.00,14.88
9349.62,2206,1444456,0,1,154.49,139,669.67,0.00,14.88
9409.64,2206,1452888,0,1,154.40,139,669.67,0.00,14.88
9469.65,2206,1462136,0,1,154.40,139,669.67,0.00,14.88
9529.80,2206,1471452,0,1,154.41,139,669.67,0.00,14.88
9589.84,2206,1480904,0,1,154.42,139,669.67,0.00,14.88
9649.97,2206,1489846,0,1,154.39,139,669.67,0.00,14.88
9710.08,2206,1499162,0,1,154.39,139,669.67,0.00,14.88
9770.20,2206,1509022,0,1,154.45,139,669.67,0.00,14.88
9830.21,2206,1518474,0,1,154.47,139,669.67,0.00,14.88
9890.30,2206,1527790,0,1,154.47,139,669.67,0.00,14.88
9950.44,2206,1537004,0,1,154.47,139,669.67,0.00,14.88
10010.57,2206,1546218,0,1,154.46,139,669.67,0.00,14.88
10070.65,2206,1555364,0,1,154.45,139,669.67,0.00,14.88
10130.84,2206,1564510,0,1,154.43,139,669.67,0.00,14.88
10191.07,2206,1573656,0,1,154.42,139,669.67,0.00,14.88
10251.20,2206,1583244,0,1,154.44,139,669.67,0.00,14.88
10311.41,2206,1592356,0,1,154.43,139,669.67,0.00,14.88
10371.57,2206,1601808,0,1,154.44,139,669.67,0.00,14.88
10431.62,2206,1611328,0,1,154.47,139,669.67,0.00,14.88
10491.71,2206,1620372,0,1,154.44,139,669.67,0.00,14.88
10551.85,2206,1629722,0,1,154.45,139,669.67,0.00,14.88
10611.88,2206,1639072,0,1,154.46,139,669.67,0.00,14.88
10671.90,2206,1648524,0,1,154.47,139,669.67,0.00,14.88
10732.06,2206,1657738,0,1,154.47,139,669.67,0.00,14.88
10792.22,2206,1667088,0,1,154.47,139,669.67,0.00,14.88
10852.44,2206,1676778,0,1,154.51,139,669.67,0.00,14.88
10912.47,2206,1685958,0,1,154.50,139,669.67,0.00,14.88
10972.58,2206,1695342,0,1,154.51,139,669.67,0.00,14.88
11032.59,2206,1704590,0,1,154.50,139,669.67,0.00,14.88
11092.63,2206,1713838,0,1,154.50,139,669.67,0.00,14.88
11152.74,2206,1723154,0,1,154.50,139,669.67,0.00,14.88
11212.93,2206,1732538,0,1,154.51,139,669.67,0.00,14.88
11272.99,2206,1741956,0,1,154.52,139,669.67,0.00,14.88
11333.05,2206,1750592,0,1,154.47,139,669.67,0.00,14.88
11393.09,2206,1759330,0,1,154.42,139,669.67,0.00,14.88
11453.23,2206,1768476,0,1,154.41,139,669.67,0.00,14.88
11513.37,2206,1777418,0,1,154.38,139,669.67,0.00,14.88
11573.49,2206,1786768,0,1,154.38,139,669.67,0.00,14.88
11633.55,2206,1796016,0,1,154.38,139,669.67,0.00,14.88
11693.58,2206,1805264,0,1,154.38,139,669.67,0.00,14.88
11753.62,2206,1814580,0,1,154.38,139,669.67,0.00,14.88
11813.70,2206,1823930,0,1,154.39,139,669.67,0.00,14.88
11873.74,2206,1833314,0,1,154.40,139,669.67,0.00,14.88
11933.94,2206,1842868,0,1,154.42,139,669.67,0.00,14.88
11993.97,2206,1852218,0,1,154.43,139,669.67,0.00,14.88
12054.07,2206,1861670,0,1,154.44,139,669.67,0.00,14.88
12114.16,2206,1869796,0,1,154.35,139,669.67,0.00,14.88
12174.18,2206,1879350,0,1,154.37,139,669.67,0.00,14.88
12234.31,2206,1888836,0,1,154.39,139,669.67,0.00,14.88
12294.49,2206,1898152,0,1,154.39,139,669.67,0.00,14.88
12354.57,2206,1907434,0,1,154.39,139,669.67,0.00,14.88
12414.81,2206,1916104,0,1,154.34,139,669.67,0.00,14.88
12474.83,2206,1924672,0,1,154.28,139,669.67,0.00,14.88
12534.88,2206,1933682,0,1,154.26,139,669.67,0.00,14.88
12594.89,2206,1943338,0,1,154.30,139,669.67,0.00,14.88
12655.03,2206,1952722,0,1,154.30,139,669.67,0.00,14.88
12715.14,2206,1962106,0,1,154.31,139,669.67,0.00,14.88
12775.25,2206,1971320,0,1,154.31,139,669.67,0.00,14.88
12835.42,2206,1980670,0,1,154.31,139,669.67,0.00,14.88
12895.45,2206,1989952,0,1,154.31,139,669.67,0.00,14.88
12955.61,2206,1999200,0,1,154.31,139,669.67,0.00,14.88
13015.71,2206,2008414,0,1,154.31,139,669.67,0.00,14.88
13075.84,2206,2017832,0,1,154.32,139,669.67,0.00,14.88
13135.91,2206,2027386,0,1,154.34,139,669.67,0.00,14.88
13196.12,2206,2036362,0,1,154.32,139,669.67,0.00,14.88
13256.12,2206,2045474,0,1,154.30,139,669.67,0.00,14.88
13316.23,2206,2054688,0,1,154.30,139,669.67,0.00,14.88
13376.40,2206,2063732,0,1,154.28,139,669.67,0.00,14.88
13436.52,2206,2072487,0,1,154.24,139,669.67,0.00,14.88
13496.72,2206,2081871,0,1,154.25,139,669.67,0.00,14.88
13556.78,2206,2091085,0,1,154.25,139,669.67,0.00,14.88
13616.78,2206,2100503,0,1,154.26,139,669.67,0.00,14.88
13676.86,2206,2109785,0,1,154.26,139,669.67,0.00,14.88
13736.99,2206,2118642,0,1,154.23,139,669.67,0.00,14.88
13797.19,2206,2128060,0,1,154.24,139,669.67,0.00,14.88
13857.30,2206,2137546,0,1,154.25,139,669.67,0.00,14.88
13917.39,2206,2147134,0,1,154.28,139,669.67,0.00,14.88
13977.44,2206,2156552,0,1,154.29,139,669.67,0.00,14.88
14037.51,2206,2166004,0,1,154.30,139,669.67,0.00,14.88
14097.66,2206,2175388,0,1,154.31,139,669.67,0.00,14.88
14157.68,2206,2184704,0,1,154.31,139,669.67,0.00,14.88
14217.84,2206,2194020,0,1,154.31,139,669.67,0.00,14.88
14277.89,2206,2203676,0,1,154.34,139,669.67,0.00,14.88
14338.02,2206,2212992,0,1,154.34,139,669.67,0.00,14.88
14398.22,2206,2222325,0,1,154.35,139,669.67,0.00,14.88
14458.30,2206,2231709,0,1,154.35,139,669.67,0.00,14.88
14518.31,2206,2240889,0,1,154.35,139,669.67,0.00,14.88
14578.34,2206,2250409,0,1,154.37,139,669.67,0.00,14.88
14638.46,2206,2259895,0,1,154.38,139,669.67,0.00,14.88
14698.57,2206,2269109,0,1,154.38,139,669.67,0.00,14.88
14758.76,2206,2278697,0,1,154.40,139,669.67,0.00,14.88
14818.87,2206,2288081,0,1,154.40,139,669.67,0.00,14.88
14879.04,2206,2297363,0,1,154.40,139,669.67,0.00,14.88
14939.20,2206,2306169,0,1,154.37,139,669.67,0.00,14.88
14999.37,2206,2315757,0,1,154.39,139,669.67,0.00,14.88
15059.47,2206,2325243,0,1,154.40,139,669.67,0.00,14.88
15119.48,2206,2335137,0,1,154.45,139,669.67,0.00,14.88
15179.48,2206,2344827,0,1,154.47,139,669.67,0.00,14.88
15239.64,2206,2354415,0,1,154.49,139,669.67,0.00,14.88
15299.69,2206,2364139,0,1,154.52,139,669.67,0.00,14.88
15359.71,2206,2373727,0,1,154.54,139,669.67,0.00,14.88
15419.79,2206,2383315,0,1,154.56,139,669.67,0.00,14.88
15479.86,2206,2392937,0,1,154.58,139,669.67,0.00,14.88
15540.04,2206,2402865,0,1,154.62,139,669.67,0.00,14.88
15600.09,2206,2412759,0,1,154.66,139,669.67,0.00,14.88
15660.17,2206,2422585,0,1,154.70,139,669.67,0.00,14.88
15720.43,2214,2432139,0,1,154.71,140,15700.43,0.00,14.88
15780.57,2214,2441387,0,1,154.71,140,15700.43,0.00,14.88
15840.72,2214,2450363,0,1,154.69,140,15700.43,0.00,14.88
15900.84,2214,2459475,0,1,154.68,140,15700.43,0.00,14.88
15961.01,2214,2468995,0,1,154.69,140,15700.43,0.00,14.88
16021.22,2214,2478617,0,1,154.71,140,15700.43,0.00,14.88
16081.31,2214,2488171,0,1,154.72,140,15700.43,0.00,14.88
16141.38,2214,2497623,0,1,154.73,140,15700.43,0.00,14.88
16201.42,2214,2507279,0,1,154.76,140,15700.43,0.00,14.88
16261.53,2214,2516663,0,1,154.76,140,15700.43,0.00,14.88
16321.58,2214,2526251,0,1,154.78,140,15700.43,0.00,14.88
16381.75,2214,2535601,0,1,154.78,140,15700.43,0.00,14.88
16441.83,2214,2544679,0,1,154.77,140,15700.43,0.00,14.88
16501.91,2214,2553859,0,1,154.76,140,15700.43,0.00,14.88
16562.03,2214,2563379,0,1,154.77,140,15700.43,0.00,14.88
16622.04,2214,2573103,0,1,154.80,140,15700.43,0.00,14.88
16682.23,2214,2582521,0,1,154.81,140,15700.43,0.00,14.88
16742.40,2214,2592041,0,1,154.82,140,15700.43,0.00,14.88
16802.53,2214,2601289,0,1,154.82,140,15700.43,0.00,14.88
16862.65,2214,2610843,0,1,154.83,140,15700.43,0.00,14.88
16922.78,2214,2620227,0,1,154.83,140,15700.43,0.00,14.88
16982.86,2214,2629509,0,1,154.83,140,15700.43,0.00,14.88
17042.87,2214,2638587,0,1,154.82,140,15700.43,0.00,14.88
17103.01,2214,2648549,0,1,154.86,140,15700.43,0.00,14.88
17163.13,2214,2658069,0,1,154.87,140,15700.43,0.00,14.88
17223.31,2214,2667997,0,1,154.91,140,15700.43,0.00,14.88
17283.33,2214,2677483,0,1,154.92,140,15700.43,0.00,14.88
17343.50,2214,2686799,0,1,154.92,140,15700.43,0.00,14.88
17403.70,2214,2696081,0,1,154.91,140,15700.43,0.00,14.88
17463.71,2214,2705686,0,1,154.93,140,15700.43,0.00,14.88
17523.85,2214,2715410,0,1,154.96,140,15700.43,0.00,14.88
17584.08,2214,2725168,0,1,154.98,140,15700.43,0.00,14.88
17644.24,2214,2734790,0,1,155.00,140,15700.43,0.00,14.88
17704.24,2215,2743936,0,1,154.99,141,17679.97,0.00,14.88
17764.29,2215,2753354,0,1,154.99,141,17679.97,0.00,14.88
17824.33,2215,2762568,0,1,154.99,141,17679.97,0.00,14.88
17884.50,2215,2771782,0,1,154.98,141,17679.97,0.00,14.88
17944.69,2215,2781438,0,1,155.00,141,17679.97,0.00,14.88
18004.81,2215,2790822,0,1,155.00,141,17679.97,0.00,14.88
18064.87,2215,2800546,0,1,155.03,141,17679.97,0.00,14.88
18125.01,2215,2810032,0,1,155.04,141,17679.97,0.00,14.88
18185.02,2215,2819552,0,1,155.05,141,17679.97,0.00,14.88
18245.12,2215,2828902,0,1,155.05,141,17679.97,0.00,14.88
18305.25,2215,2838286,0,1,155.05,141,17679.97,0.00,14.88
18365.36,2215,2847296,0,1,155.04,141,17679.97,0.00,14.88
18425.49,2215,2856527,0,1,155.03,141,17679.97,0.00,14.88
18485.69,2215,2865537,0,1,155.01,141,17679.97,0.00,14.88
18545.72,2215,2873221,0,1,154.93,141,17679.97,0.00,14.88
18605.78,2215,2881823,0,1,154.89,141,17679.97,0.00,14.88
18665.94,2215,2890969,0,1,154.88,141,17679.97,0.00,14.88
18726.16,2215,2899452,0,1,154.83,141,17679.97,0.00,14.88
18786.32,2215,2908071,0,1,154.80,141,17679.97,0.00,14.88
18846.38,2215,2916775,0,1,154.77,141,17679.97,0.00,14.88
18906.46,2215,2925853,0,1,154.75,141,17679.97,0.00,14.88
18966.49,2215,2935169,0,1,154.76,141,17679.97,0.00,14.88
19026.51,2215,2944111,0,1,154.74,141,17679.97,0.00,14.88
19086.52,2215,2953359,0,1,154.74,141,17679.97,0.00,14.88
19146.67,2215,2962097,0,1,154.71,141,17679.97,0.00,14.88
19206.77,2215,2970869,0,1,154.68,141,17679.97,0.00,14.88
19266.96,2215,2980491,0,1,154.69,141,17679.97,0.00,14.88
19327.09,2215,2989943,0,1,154.70,141,17679.97,0.00,14.88
19387.31,2215,2999395,0,1,154.71,141,17679.97,0.00,14.88
19447.36,2215,3009017,0,1,154.73,141,17679.97,0.00,14.88
19507.53,2215,3018639,0,1,154.74,141,17679.97,0.00,14.88
19567.71,2215,3028057,0,1,154.75,141,17679.97,0.00,14.88
19627.91,2215,3036591,0,1,154.71,141,17679.97,0.00,14.88
19687.96,2215,3045703,0,1,154.70,141,17679.97,0.00,14.88
19747.98,2215,3055053,0,1,154.70,141,17679.97,0.00,14.88
19808.14,2215,3064199,0,1,154.69,141,17679.97,0.00,14.88
19868.36,2215,3072546,0,1,154.65,141,17679.97,0.00,14.88
19928.43,2215,3081760,0,1,154.64,141,17679.97,0.00,14.88
19988.69,2215,3090209,0,1,154.60,141,17679.97,0.00,14.88
20048.74,2215,3098403,0,1,154.54,141,17679.97,0.00,14.88
20108.89,2215,3107345,0,1,154.53,141,17679.97,0.00,14.88
20168.96,2215,3116780,0,1,154.53,141,17679.97,0.00,14.88
20229.17,2215,3126266,0,1,154.54,141,17679.97,0.00,14.88
20289.35,2215,3135310,0,1,154.53,141,17679.97,0.00,14.88
20349.45,2215,3144558,0,1,154.53,141,17679.97,0.00,14.88
20409.57,2215,3154146,0,1,154.54,141,17679.97,0.00,14.88
20469.62,2215,3163564,0,1,154.55,141,17679.97,0.00,14.88
20529.78,2215,3172846,0,1,154.55,141,17679.97,0.00,14.88
20589.97,2215,3181397,0,1,154.51,141,17679.97,0.00,14.88
20650.00,2215,3190781,0,1,154.52,141,17679.97,0.00,14.88
20710.05,2215,3200301,0,1,154.53,141,17679.97,0.00,14.88
20770.08,2215,3209719,0,1,154.54,141,17679.97,0.00,14.88
20830.13,2215,3219171,0,1,154.54,141,17679.97,0.00,14.88
20890.14,2215,3228827,0,1,154.56,141,17679.97,0.00,14.88
20950.33,2215,3237905,0,1,154.55,141,17679.97,0.00,14.88
21010.45,2215,3247391,0,1,154.56,141,17679.97,0.00,14.88
21070.46,2215,3256673,0,1,154.56,141,17679.97,0.00,14.88
21130.59,2215,3265547,0,1,154.54,141,17679.97,0.00,14.88
21190.72,2215,3274761,0,1,154.54,141,17679.97,0.00,14.88
21250.95,2215,3284315,0,1,154.55,141,17679.97,0.00,14.88
21311.11,2215,3293512,0,1,154.54,141,17679.97,0.00,14.88
21371.22,2215,3302794,0,1,154.54,141,17679.97,0.00,14.88
21431.34,2215,3312246,0,1,154.55,141,17679.97,0.00,14.88
21491.37,2215,3321664,0,1,154.56,141,17679.97,0.00,14.88
21551.60,2215,3331014,0,1,154.56,141,17679.97,0.00,14.88
21611.77,2215,3340534,0,1,154.57,141,17679.97,0.00,14.88
21671.79,2215,3350020,0,1,154.58,141,17679.97,0.00,14.88
21731.94,2215,3359268,0,1,154.58,141,17679.97,0.00,14.88
21792.19,2215,3368652,0,1,154.58,141,17679.97,0.00,14.88
21852.42,2215,3378138,0,1,154.59,141,17679.97,0.00,14.88
21912.58,2215,3387556,0,1,154.59,141,17679.97,0.00,14.88
21972.75,2215,3396906,0,1,154.60,141,17679.97,0.00,14.88
22032.96,2215,3406256,0,1,154.60,141,17679.97,0.00,14.88
22093.22,2215,3415674,0,1,154.60,141,17679.97,0.00,14.88
22153.36,2215,3424888,0,1,154.60,141,17679.97,0.00,14.88
22213.41,2215,3434204,0,1,154.60,141,17679.97,0.00,14.88
22273.49,2215,3443690,0,1,154.61,141,17679.97,0.00,14.88
22333.66,2215,3452938,0,1,154.61,141,17679.97,0.00,14.88
22393.81,2215,3462458,0,1,154.62,141,17679.97,0.00,14.88
22453.97,2215,3471808,0,1,154.62,141,17679.97,0.00,14.88
22514.02,2215,3481260,0,1,154.63,141,17679.97,0.00,14.88
22574.22,2215,3490304,0,1,154.61,141,17679.97,0.00,14.88
22634.43,2215,3498464,0,1,154.56,141,17679.97,0.00,14.88
22694.57,2215,3506862,0,1,154.52,141,17679.97,0.00,14.88
22754.64,2215,3516416,0,1,154.54,141,17679.97,0.00,14.88
22814.65,2215,3526004,0,1,154.55,141,17679.97,0.00,14.88
22874.78,2215,3534742,0,1,154.53,141,17679.97,0.00,14.88
22934.80,2215,3543514,0,1,154.50,141,17679.97,0.00,14.88
22995.03,2215,3553034,0,1,154.51,141,17679.97,0.00,14.88
23055.14,2215,3562384,0,1,154.52,141,17679.97,0.00,14.88
23115.26,2215,3571700,0,1,154.52,141,17679.97,0.00,14.88
23175.42,2215,3581390,0,1,154.53,141,17679.97,0.00,14.88
23235.48,2215,3590774,0,1,154.54,141,17679.97,0.00,14.88
23295.62,2215,3600362,0,1,154.55,141,17679.97,0.00,14.88
23355.71,2215,3609712,0,1,154.55,141,17679.97,0.00,14.88
23415.73,2215,3619164,0,1,154.56,141,17679.97,0.00,14.88
23475.76,2215,3628582,0,1,154.57,141,17679.97,0.00,14.88
23535.87,2215,3637660,0,1,154.56,141,17679.97,0.00,14.88
23596.01,2215,3646194,0,1,154.53,141,17679.97,0.00,14.88
23656.03,2215,3655544,0,1,154.53,141,17679.97,0.00,14.88
23716.17,2215,3665234,0,1,154.55,141,17679.97,0.00,14.88
23776.23,2215,3674448,0,1,154.54,141,17679.97,0.00,14.88
23836.40,2215,3683662,0,1,154.54,141,17679.97,0.00,14.88
23896.47,2215,3691686,0,1,154.49,141,17679.97,0.00,14.88
23956.54,2215,3700322,0,1,154.46,141,17679.97,0.00,14.88
24016.59,2215,3709706,0,1,154.46,141,17679.97,0.00,14.88
24076.76,2215,3719005,0,1,154.46,141,17679.97,0.00,14.88
24136.92,2215,3728321,0,1,154.47,141,17679.97,0.00,14.88
24197.05,2215,3737450,0,1,154.46,141,17679.97,0.00,14.88
24257.07,2215,3745457,0,1,154.41,141,17679.97,0.00,14.88
24317.24,2215,3754263,0,1,154.39,141,17679.97,0.00,14.88
24377.27,2215,3763987,0,1,154.41,141,17679.97,0.00,14.88
24437.31,2215,3773167,0,1,154.40,141,17679.97,0.00,14.88
24497.41,2215,3782296,0,1,154.40,141,17679.97,0.00,14.88
24557.57,2215,3791595,0,1,154.40,141,17679.97,0.00,14.88
24617.61,2215,3800265,0,1,154.37,141,17679.97,0.00,14.88
24677.63,2215,3809683,0,1,154.38,141,17679.97,0.00,14.88
24737.83,2215,3818761,0,1,154.37,141,17679.97,0.00,14.88
24798.00,2215,3826887,0,1,154.32,141,17679.97,0.00,14.88
24858.01,2215,3834826,0,1,154.27,141,17679.97,0.00,14.88
24918.23,2215,3843292,0,1,154.24,141,17679.97,0.00,14.88
24978.27,2215,3852608,0,1,154.24,141,17679.97,0.00,14.88
25038.30,2215,3861788,0,1,154.24,141,17679.97,0.00,14.88
25098.43,2215,3870968,0,1,154.23,141,17679.97,0.00,14.88
25158.48,2215,3880556,0,1,154.24,141,17679.97,0.00,14.88
25218.66,2215,3890008,0,1,154.25,141,17679.97,0.00,14.88
25278.83,2215,3898100,0,1,154.20,141,17679.97,0.00,14.88
25338.91,2215,3906022,0,1,154.15,141,17679.97,0.00,14.88
25399.15,2215,3915032,0,1,154.14,141,17679.97,0.00,14.88
25459.37,2215,3923991,0,1,154.13,141,17679.97,0.00,14.88
25519.41,2215,3932389,0,1,154.09,141,17679.97,0.00,14.88
25579.42,2215,3941671,0,1,154.10,141,17679.97,0.00,14.88
25639.46,2215,3951055,0,1,154.10,141,17679.97,0.00,14.88
25699.55,2215,3960235,0,1,154.10,141,17679.97,0.00,14.88
25759.70,2215,3968939,0,1,154.08,141,17679.97,0.00,14.88
25819.77,2215,3977779,0,1,154.06,141,17679.97,0.00,14.88
25879.94,2215,3986857,0,1,154.05,141,17679.97,0.00,14.88
25940.07,2215,3995969,0,1,154.05,141,17679.97,0.00,14.88
26000.08,2215,4005319,0,1,154.05,141,17679.97,0.00,14.88
26060.20,2215,4014941,0,1,154.06,141,17679.97,0.00,14.88
26120.26,2215,4024291,0,1,154.07,141,17679.97,0.00,14.88
26180.28,2215,4033692,0,1,154.07,141,17679.97,0.00,14.88
26240.30,2215,4043144,0,1,154.08,141,17679.97,0.00,14.88
26300.45,2215,4052460,0,1,154.08,141,17679.97,0.00,14.88
26360.57,2215,4061878,0,1,154.09,141,17679.97,0.00,14.88
26420.79,2215,4071296,0,1,154.09,141,17679.97,0.00,14.88
26481.00,2215,4080714,0,1,154.10,141,17679.97,0.00,14.88
26541.07,2215,4090200,0,1,154.11,141,17679.97,0.00,14.88
26601.16,2215,4099584,0,1,154.11,141,17679.97,0.00,14.88
26661.28,2215,4108968,0,1,154.12,141,17679.97,0.00,14.88
26721.44,2215,4118318,0,1,154.12,141,17679.97,0.00,14.88
26781.54,2215,4128042,0,1,154.14,141,17679.97,0.00,14.88
26841.65,2215,4137562,0,1,154.15,141,17679.97,0.00,14.88
26901.85,2215,4147014,0,1,154.15,141,17679.97,0.00,14.88
26962.10,2215,4156534,0,1,154.16,141,17679.97,0.00,14.88
27022.13,2215,4165816,0,1,154.16,141,17679.97,0.00,14.88
27082.28,2215,4174860,0,1,154.15,141,17679.97,0.00,14.88
27142.40,2215,4184448,0,1,154.17,141,17679.97,0.00,14.88
27202.48,2215,4193900,0,1,154.17,141,17679.97,0.00,14.88
27262.63,2215,4203522,0,1,154.19,141,17679.97,0.00,14.88
27322.66,2215,4212838,0,1,154.19,141,17679.97,0.00,14.88
27382.87,2215,4222188,0,1,154.19,141,17679.97,0.00,14.88
27442.96,2215,4231708,0,1,154.20,141,17679.97,0.00,14.88
27503.16,2215,4241160,0,1,154.21,141,17679.97,0.00,14.88
27563.36,2215,4249864,0,1,154.19,141,17679.97,0.00,14.88
27623.45,2215,4259622,0,1,154.20,141,17679.97,0.00,14.88
27683.69,2215,4268768,0,1,154.20,141,17679.97,0.00,14.88
27743.82,2215,4278220,0,1,154.20,141,17679.97,0.00,14.88
27803.85,2215,4287774,0,1,154.22,141,17679.97,0.00,14.88
27864.02,2215,4296988,0,1,154.21,141,17679.97,0.00,14.88
27924.04,2215,4306168,0,1,154.21,141,17679.97,0.00,14.88
27984.10,2215,4314362,0,1,154.17,141,17679.97,0.00,14.88
28044.28,2215,4322624,0,1,154.14,141,17679.97,0.00,14.88
28104.32,2215,4332450,0,1,154.16,141,17679.97,0.00,14.88
28164.49,2215,4341970,0,1,154.16,141,17679.97,0.00,14.88
28224.57,2215,4351405,0,1,154.17,141,17679.97,0.00,14.88
28284.71,2215,4360857,0,1,154.18,141,17679.97,0.00,14.88
28344.71,2215,4370445,0,1,154.19,141,17679.97,0.00,14.88
28404.92,2215,4378979,0,1,154.16,141,17679.97,0.00,14.88
28465.15,2215,4388023,0,1,154.15,141,17679.97,0.00,14.88
28525.33,2215,4396234,0,1,154.12,141,17679.97,0.00,14.88
28585.34,2215,4405176,0,1,154.11,141,17679.97,0.00,14.88
28645.44,2215,4414662,0,1,154.11,141,17679.97,0.00,14.88
28705.51,2215,4424250,0,1,154.13,141,17679.97,0.00,14.88
28765.74,2215,4433685,0,1,154.13,141,17679.97,0.00,14.88
28825.78,2215,4442967,0,1,154.13,141,17679.97,0.00,14.88
28885.94,2215,4452351,0,1,154.14,141,17679.97,0.00,14.88
28946.04,2215,4462075,0,1,154.15,141,17679.97,0.00,14.88
29006.11,2215,4471629,0,1,154.16,141,17679.97,0.00,14.88
29066.18,2215,4481183,0,1,154.17,141,17679.97,0.00,14.88
29126.35,2215,4491043,0,1,154.19,141,17679.97,0.00,14.88
29186.45,2215,4500563,0,1,154.20,141,17679.97,0.00,14.88
29246.53,2215,4509879,0,1,154.20,141,17679.97,0.00,14.88
29306.63,2215,4519365,0,1,154.21,141,17679.97,0.00,14.88
29366.70,2215,4528579,0,1,154.21,141,17679.97,0.00,14.88
29426.84,2215,4538031,0,1,154.21,141,17679.97,0.00,14.88
29486.86,2215,4547449,0,1,154.22,141,17679.97,0.00,14.88
29546.93,2215,4557105,0,1,154.23,141,17679.97,0.00,14.88
29606.95,2215,4566591,0,1,154.24,141,17679.97,0.00,14.88
29667.13,2215,4575975,0,1,154.24,141,17679.97,0.00,14.88
29727.25,2215,4585563,0,1,154.25,141,17679.97,0.00,14.88
29787.35,2215,4594947,0,1,154.26,141,17679.97,0.00,14.88
29847.38,2215,4604603,0,1,154.27,141,17679.97,0.00,14.88
29907.49,2215,4614021,0,1,154.28,141,17679.97,0.00,14.88
29967.71,2215,4623609,0,1,154.29,141,17679.97,0.00,14.88
30027.83,2215,4632976,0,1,154.29,141,17679.97,0.00,14.88
30087.94,2215,4642360,0,1,154.29,141,17679.97,0.00,14.88
30148.07,2215,4651846,0,1,154.30,141,17679.97,0.00,14.88
30208.08,2215,4661366,0,1,154.31,141,17679.97,0.00,14.88
30268.13,2215,4670852,0,1,154.32,141,17679.97,0.00,14.88
30328.21,2215,4679964,0,1,154.31,141,17679.97,0.00,14.88
30388.36,2215,4689467,0,1,154.32,141,17679.97,0.00,14.88
30448.43,2215,4698953,0,1,154.32,141,17679.97,0.00,14.88
30508.44,2215,4708575,0,1,154.34,141,17679.97,0.00,14.88
30568.68,2215,4717551,0,1,154.33,141,17679.97,0.00,14.88
30628.84,2215,4726561,0,1,154.32,141,17679.97,0.00,14.88
30688.95,2215,4736013,0,1,154.32,141,17679.97,0.00,14.88
30748.98,2215,4745329,0,1,154.32,141,17679.97,0.00,14.88
30809.15,2215,4754781,0,1,154.33,141,17679.97,0.00,14.88
30869.33,2215,4764301,0,1,154.34,141,17679.97,0.00,14.88
30929.52,2215,4773923,0,1,154.35,141,17679.97,0.00,14.88
30989.55,2215,4783273,0,1,154.35,141,17679.97,0.00,14.88
31049.65,2215,4792691,0,1,154.36,141,17679.97,0.00,14.88
31109.70,2215,4802177,0,1,154.36,141,17679.97,0.00,14.88
31169.86,2215,4811697,0,1,154.37,141,17679.97,0.00,14.88
31229.99,2215,4820299,0,1,154.35,141,17679.97,0.00,14.88
31290.11,2215,4829445,0,1,154.34,141,17679.97,0.00,14.88
31350.36,2215,4837809,0,1,154.31,141,17679.97,0.00,14.88
31410.61,2215,4846207,0,1,154.29,141,17679.97,0.00,14.88
31470.68,2215,4854265,0,1,154.25,141,17679.97,0.00,14.88
31530.81,2215,4862799,0,1,154.22,141,17679.97,0.00,14.88
31590.95,2215,4872489,0,1,154.24,141,17679.97,0.00,14.88
31651.15,2215,4881737,0,1,154.24,141,17679.97,0.00,14.88
31711.23,2215,4891087,0,1,154.24,141,17679.97,0.00,14.88
31771.31,2215,4900675,0,1,154.25,141,17679.97,0.00,14.88
31831.47,2215,4910161,0,1,154.25,141,17679.97,0.00,14.88
31891.49,2215,4919749,0,1,154.27,141,17679.97,0.00,14.88
31951.57,2215,4928113,0,1,154.24,141,17679.97,0.00,14.88
32011.78,2215,4936137,0,1,154.20,141,17679.97,0.00,14.88
32071.81,2215,4944144,0,1,154.16,141,17679.97,0.00,14.88
32131.99,2215,4952508,0,1,154.13,141,17679.97,0.00,14.88
32192.04,2215,4961790,0,1,154.13,141,17679.97,0.00,14.88
32252.19,2215,4971446,0,1,154.14,141,17679.97,0.00,14.88
32312.25,2215,4980728,0,1,154.14,141,17679.97,0.00,14.88
32372.36,2215,4989364,0,1,154.12,141,17679.97,0.00,14.88
32432.38,2215,4998748,0,1,154.13,141,17679.97,0.00,14.88
32492.45,2215,5008200,0,1,154.13,141,17679.97,0.00,14.88
32552.47,2215,5017550,0,1,154.14,141,17679.97,0.00,14.88
32612.67,2215,5027172,0,1,154.15,141,17679.97,0.00,14.88
32672.91,2215,5036726,0,1,154.16,141,17679.97,0.00,14.88
32733.10,2215,5046246,0,1,154.16,141,17679.97,0.00,14.88
32793.29,2215,5055817,0,1,154.17,141,17679.97,0.00,14.88
32853.50,2215,5065609,0,1,154.19,141,17679.97,0.00,14.88
32913.63,2215,5075367,0,1,154.20,141,17679.97,0.00,14.88
32973.79,2215,5085125,0,1,154.22,141,17679.97,0.00,14.88
33033.98,2215,5094917,0,1,154.23,141,17679.97,0.00,14.88
33094.16,2215,5104573,0,1,154.24,141,17679.97,0.00,14.88
33154.19,2215,5114229,0,1,154.26,141,17679.97,0.00,14.88
33214.29,2215,5123783,0,1,154.26,141,17679.97,0.00,14.88
33274.34,2215,5132963,0,1,154.26,141,17679.97,0.00,14.88
33334.35,2215,5142279,0,1,154.26,141,17679.97,0.00,14.88
33394.35,2215,5151629,0,1,154.27,141,17679.97,0.00,14.88
33454.41,2215,5161115,0,1,154.27,141,17679.97,0.00,14.88
33514.42,2215,5170397,0,1,154.27,141,17679.97,0.00,14.88
33574.48,2215,5179849,0,1,154.28,141,17679.97,0.00,14.88
33634.57,2215,5188825,0,1,154.27,141,17679.97,0.00,14.88
33694.76,2215,5198379,0,1,154.28,141,17679.97,0.00,14.88
33754.92,2215,5207831,0,1,154.28,141,17679.97,0.00,14.88
33815.15,2215,5216705,0,1,154.27,141,17679.97,0.00,14.88
33875.15,2215,5225409,0,1,154.25,141,17679.97,0.00,14.88
33935.23,2215,5234963,0,1,154.26,141,17679.97,0.00,14.88
33995.37,2215,5244432,0,1,154.27,141,17679.97,0.00,14.88
34055.50,2215,5253935,0,1,154.28,141,17679.97,0.00,14.88
34115.63,2215,5263251,0,1,154.28,141,17679.97,0.00,14.88
34175.81,2215,5272601,0,1,154.28,141,17679.97,0.00,14.88
34236.04,2215,5281713,0,1,154.27,141,17679.97,0.00,14.88
34296.17,2215,5291335,0,1,154.28,141,17679.97,0.00,14.88
34356.18,2215,5300549,0,1,154.28,141,17679.97,0.00,14.88
34416.42,2215,5308709,0,1,154.25,141,17679.97,0.00,14.88
34476.58,2215,5318025,0,1,154.25,141,17679.97,0.00,14.88
34536.72,2215,5327647,0,1,154.26,141,17679.97,0.00,14.88
34596.73,2215,5337303,0,1,154.27,141,17679.97,0.00,14.88
34656.75,2215,5346585,0,1,154.27,141,17679.97,0.00,14.88
34716.95,2215,5355102,0,1,154.25,141,17679.97,0.00,14.88
34776.96,2215,5363092,0,1,154.21,141,17679.97,0.00,14.88
34837.01,2215,5372340,0,1,154.21,141,17679.97,0.00,14.88
34897.03,2215,5381792,0,1,154.22,141,17679.97,0.00,14.88
34957.07,2215,5391346,0,1,154.23,141,17679.97,0.00,14.88
35017.09,2215,5400866,0,1,154.24,141,17679.97,0.00,14.88
35077.27,2215,5410454,0,1,154.24,141,17679.97,0.00,14.88
35137.30,2215,5420110,0,1,154.26,141,17679.97,0.00,14.88
35197.33,2215,5429868,0,1,154.27,141,17679.97,0.00,14.88
35257.49,2215,5439388,0,1,154.28,141,17679.97,0.00,14.88
35317.52,2215,5448908,0,1,154.28,141,17679.97,0.00,14.88
35377.62,2215,5458632,0,1,154.30,141,17679.97,0.00,14.88
35437.66,2215,5467982,0,1,154.30,141,17679.97,0.00,14.88
35497.70,2215,5477570,0,1,154.31,141,17679.97,0.00,14.88
35557.79,2215,5486784,0,1,154.31,141,17679.97,0.00,14.88
35617.97,2215,5496202,0,1,154.31,141,17679.97,0.00,14.88
35678.13,2215,5505688,0,1,154.32,141,17679.97,0.00,14.88
35738.16,2215,5515038,0,1,154.32,141,17679.97,0.00,14.88
35798.18,2215,5524354,0,1,154.32,141,17679.97,0.00,14.88
35858.27,2215,5533568,0,1,154.32,141,17679.97,0.00,14.88
35918.47,2215,5543326,0,1,154.33,141,17679.97,0.00,14.88
35978.62,2215,5552812,0,1,154.34,141,17679.97,0.00,14.88
36038.81,2215,5562332,0,1,154.34,141,17679.97,0.00,14.88
36098.83,2215,5571852,0,1,154.35,141,17679.97,0.00,14.88
36158.93,2215,5580658,0,1,154.34,141,17679.97,0.00,14.88
36219.16,2215,5589056,0,1,154.31,141,17679.97,0.00,14.88
36279.40,2215,5597760,0,1,154.30,141,17679.97,0.00,14.88
36339.54,2215,5606906,0,1,154.29,141,17679.97,0.00,14.88
36399.60,2215,5615780,0,1,154.28,141,17679.97,0.00,14.88
36459.63,2215,5625062,0,1,154.28,141,17679.97,0.00,14.88
36519.67,2215,5634514,0,1,154.29,141,17679.97,0.00,14.88
36579.84,2215,5643694,0,1,154.28,141,17679.97,0.00,14.88
36640.07,2215,5653112,0,1,154.29,141,17679.97,0.00,14.88
36700.24,2215,5662598,0,1,154.29,141,17679.97,0.00,14.88
36760.31,2215,5672084,0,1,154.30,141,17679.97,0.00,14.88
36820.41,2215,5681502,0,1,154.30,141,17679.97,0.00,14.88
36880.58,2215,5690767,0,1,154.30,141,17679.97,0.00,14.88
36940.77,2215,5699097,0,1,154.28,141,17679.97,0.00,14.88
37000.95,2215,5708039,0,1,154.27,141,17679.97,0.00,14.88
37061.12,2215,5716573,0,1,154.25,141,17679.97,0.00,14.88
37121.21,2215,5725719,0,1,154.24,141,17679.97,0.00,14.88
37181.40,2215,5735137,0,1,154.25,141,17679.97,0.00,14.88
37241.62,2215,5744844,0,1,154.26,141,17679.97,0.00,14.88
37301.63,2215,5754228,0,1,154.26,141,17679.97,0.00,14.88
37361.65,2215,5763510,0,1,154.26,141,17679.97,0.00,14.88
37421.81,2215,5772656,0,1,154.26,141,17679.97,0.00,14.88
37481.93,2215,5782193,0,1,154.27,141,17679.97,0.00,14.88
37542.18,2215,5791577,0,1,154.27,141,17679.97,0.00,14.88
37602.30,2215,5800944,0,1,154.27,141,17679.97,0.00,14.88
37662.54,2215,5809852,0,1,154.26,141,17679.97,0.00,14.88
37722.62,2215,5818046,0,1,154.23,141,17679.97,0.00,14.88
37782.74,2215,5827464,0,1,154.24,141,17679.97,0.00,14.88
37842.77,2215,5836882,0,1,154.24,141,17679.97,0.00,14.88
37902.82,2215,5846504,0,1,154.25,141,17679.97,0.00,14.88
37963.01,2215,5856177,0,1,154.26,141,17679.97,0.00,14.88
38023.17,2215,5865731,0,1,154.27,141,17679.97,0.00,14.88
38083.36,2215,5875251,0,1,154.27,141,17679.97,0.00,14.88
38143.51,2215,5884635,0,1,154.28,141,17679.97,0.00,14.88
38203.52,2215,5893611,0,1,154.27,141,17679.97,0.00,14.88
38263.68,2215,5902094,0,1,154.25,141,17679.97,0.00,14.88
38323.74,2215,5911580,0,1,154.25,141,17679.97,0.00,14.88
38383.84,2215,5920998,0,1,154.26,141,17679.97,0.00,14.88
38443.88,2215,5930416,0,1,154.26,141,17679.97,0.00,14.88
38504.09,2215,5938661,0,1,154.23,141,17679.97,0.00,14.88
38564.20,2215,5947433,0,1,154.22,141,17679.97,0.00,14.88
38624.25,2215,5956919,0,1,154.23,141,17679.97,0.00,14.88
38684.35,2215,5966643,0,1,154.24,141,17679.97,0.00,14.88
38744.38,2215,5976163,0,1,154.25,141,17679.97,0.00,14.88
38804.55,2215,5985649,0,1,154.25,141,17679.97,0.00,14.88
38864.61,2215,5995033,0,1,154.25,141,17679.97,0.00,14.88
38924.69,2215,6004519,0,1,154.26,141,17679.97,0.00,14.88
38984.78,2215,6014243,0,1,154.27,141,17679.97,0.00,14.88
39044.87,2215,6023661,0,1,154.28,141,17679.97,0.00,14.88
39105.04,2215,6033079,0,1,154.28,141,17679.97,0.00,14.88
39165.13,2215,6041256,0,1,154.25,141,17679.97,0.00,14.88
39225.37,2215,6050606,0,1,154.25,141,17679.97,0.00,14.88
39285.52,2215,6059888,0,1,154.25,141,17679.97,0.00,14.88
39345.64,2215,6068082,0,1,154.23,141,17679.97,0.00,14.88
39405.77,2215,6077228,0,1,154.22,141,17679.97,0.00,14.88
39465.96,2215,6086697,0,1,154.23,141,17679.97,0.00,14.88
39525.98,2215,6095945,0,1,154.23,141,17679.97,0.00,14.88
39586.04,2215,6105312,0,1,154.23,141,17679.97,0.00,14.88
39646.26,2215,6114798,0,1,154.23,141,17679.97,0.00,14.88
39706.44,2215,6124318,0,1,154.24,141,17679.97,0.00,14.88
39766.65,2215,6133770,0,1,154.24,141,17679.97,0.00,14.88
39826.78,2215,6143188,0,1,154.25,141,17679.97,0.00,14.88
39886.93,2215,6152742,0,1,154.25,141,17679.97,0.00,14.88
39946.98,2215,6162228,0,1,154.26,141,17679.97,0.00,14.88
40007.12,2215,6171714,0,1,154.27,141,17679.97,0.00,14.88
40067.15,2215,6181268,0,1,154.27,141,17679.97,0.00,14.88
40127.25,2215,6190754,0,1,154.28,141,17679.97,0.00,14.88
40187.27,2215,6199951,0,1,154.28,141,17679.97,0.00,14.88
40247.35,2215,6209369,0,1,154.28,141,17679.97,0.00,14.88
40307.42,2215,6218821,0,1,154.28,141,17679.97,0.00,14.88
40367.65,2215,6228273,0,1,154.29,141,17679.97,0.00,14.88
40427.74,2215,6237725,0,1,154.29,141,17679.97,0.00,14.88
40487.90,2215,6247347,0,1,154.30,141,17679.97,0.00,14.88
40548.12,2215,6256969,0,1,154.31,141,17679.97,0.00,14.88
40608.28,2215,6266523,0,1,154.32,141,17679.97,0.00,14.88
40668.33,2215,6276077,0,1,154.32,141,17679.97,0.00,14.88
40728.48,2215,6285393,0,1,154.32,141,17679.97,0.00,14.88
40788.52,2215,6294709,0,1,154.33,141,17679.97,0.00,14.88
40848.60,2215,6303787,0,1,154.32,141,17679.97,0.00,14.88
40908.77,2215,6313256,0,1,154.33,141,17679.97,0.00,14.88
40968.83,2215,6322402,0,1,154.32,141,17679.97,0.00,14.88
41028.94,2215,6330902,0,1,154.30,141,17679.97,0.00,14.88
41088.98,2215,6339708,0,1,154.29,141,17679.97,0.00,14.88
41149.15,2215,6347868,0,1,154.26,141,17679.97,0.00,14.88
41209.32,2215,6355960,0,1,154.24,141,17679.97,0.00,14.88
41269.45,2215,6364358,0,1,154.21,141,17679.97,0.00,14.88
41329.47,2215,6372382,0,1,154.18,141,17679.97,0.00,14.88
41389.61,2215,6380882,0,1,154.17,141,17679.97,0.00,14.88
41449.64,2215,6389722,0,1,154.16,141,17679.97,0.00,14.88
41509.82,2215,6398800,0,1,154.15,141,17679.97,0.00,14.88
41569.92,2215,6407963,0,1,154.15,141,17679.97,0.00,14.88
41630.15,2215,6417143,0,1,154.15,141,17679.97,0.00,14.88
41690.26,2215,6426510,0,1,154.15,141,17679.97,0.00,14.88
41750.37,2215,6436132,0,1,154.16,141,17679.97,0.00,14.88
41810.46,2215,6445346,0,1,154.16,141,17679.97,0.00,14.88
41870.63,2215,6454662,0,1,154.16,141,17679.97,0.00,14.88
41930.86,2215,6463876,0,1,154.16,141,17679.97,0.00,14.88
41990.98,2215,6473362,0,1,154.16,141,17679.97,0.00,14.88
42051.12,2215,6482814,0,1,154.17,141,17679.97,0.00,14.88
42111.14,2215,6491858,0,1,154.16,141,17679.97,0.00,14.88
42171.15,2215,6501276,0,1,154.16,141,17679.97,0.00,14.88
42231.26,2215,6510626,0,1,154.17,141,17679.97,0.00,14.88
42291.37,2215,6520044,0,1,154.17,141,17679.97,0.00,14.88
42351.44,2215,6529020,0,1,154.16,141,17679.97,0.00,14.88
42411.49,2215,6537418,0,1,154.14,141,17679.97,0.00,14.88
42471.69,2215,6545595,0,1,154.12,141,17679.97,0.00,14.88
42531.78,2215,6555064,0,1,154.12,141,17679.97,0.00,14.88
42591.79,2215,6564346,0,1,154.12,141,17679.97,0.00,14.88
42651.80,2215,6573866,0,1,154.13,141,17679.97,0.00,14.88
42711.92,2215,6583454,0,1,154.14,141,17679.97,0.00,14.88
42772.04,2215,6592906,0,1,154.14,141,17679.97,0.00,14.88
42832.28,2215,6601185,0,1,154.12,141,17679.97,0.00,14.88
42892.40,2215,6610399,0,1,154.12,141,17679.97,0.00,14.88
42952.42,2215,6619885,0,1,154.12,141,17679.97,0.00,14.88
43012.60,2215,6629405,0,1,154.13,141,17679.97,0.00,14.88
43072.71,2215,6638721,0,1,154.13,141,17679.97,0.00,14.88
43132.93,2215,6648207,0,1,154.13,141,17679.97,0.00,14.88
43193.12,2215,6657659,0,1,154.14,141,17679.97,0.00,14.88
43253.19,2215,6666992,0,1,154.14,141,17679.97,0.00,14.88
43313.35,2215,6675968,0,1,154.13,141,17679.97,0.00,14.88
43373.52,2215,6684604,0,1,154.12,141,17679.97,0.00,14.88
43433.72,2215,6692900,0,1,154.09,141,17679.97,0.00,14.88
43493.87,2215,6701672,0,1,154.08,141,17679.97,0.00,14.88
43553.95,2215,6710852,0,1,154.08,141,17679.97,0.00,14.88
43614.02,2215,6720032,0,1,154.08,141,17679.97,0.00,14.88
43674.13,2215,6729348,0,1,154.08,141,17679.97,0.00,14.88
43734.19,2215,6738596,0,1,154.08,141,17679.97,0.00,14.88
43794.27,2215,6747844,0,1,154.08,141,17679.97,0.00,14.88
43854.34,2215,6757296,0,1,154.09,141,17679.97,0.00,14.88
43914.36,2215,6766850,0,1,154.09,141,17679.97,0.00,14.88
43974.56,2215,6776200,0,1,154.09,141,17679.97,0.00,14.88
44034.66,2215,6785686,0,1,154.10,141,17679.97,0.00,14.88
44094.68,2215,6795019,0,1,154.10,141,17679.97,0.00,14.88
44154.80,2215,6803706,0,1,154.09,141,17679.97,0.00,14.88
44214.88,2215,6812886,0,1,154.09,141,17679.97,0.00,14.88
44274.98,2215,6822338,0,1,154.09,141,17679.97,0.00,14.88
44335.08,2215,6831790,0,1,154.09,141,17679.97,0.00,14.88
44395.21,2215,6840698,0,1,154.09,141,17679.97,0.00,14.88
44455.26,2215,6849980,0,1,154.09,141,17679.97,0.00,14.88
44515.28,2215,6859228,0,1,154.09,141,17679.97,0.00,14.88
44575.53,2215,6868391,0,1,154.08,141,17679.97,0.00,14.88
44635.64,2215,6877350,0,1,154.08,141,17679.97,0.00,14.88
44695.82,2215,6886530,0,1,154.08,141,17679.97,0.00,14.88
44755.99,2215,6895319,0,1,154.06,141,17679.97,0.00,14.88
44816.01,2215,6903224,0,1,154.03,141,17679.97,0.00,14.88
44876.10,2215,6912234,0,1,154.03,141,17679.97,0.00,14.88
44936.21,2215,6921686,0,1,154.03,141,17679.97,0.00,14.88
44996.32,2215,6930866,0,1,154.03,141,17679.97,0.00,14.88
45056.44,2215,6940182,0,1,154.03,141,17679.97,0.00,14.88
45116.62,2215,6949396,0,1,154.03,141,17679.97,0.00,14.88
45176.68,2215,6958576,0,1,154.03,141,17679.97,0.00,14.88
45236.82,2215,6967892,0,1,154.03,141,17679.97,0.00,14.88
45297.02,2215,6977310,0,1,154.03,141,17679.97,0.00,14.88
45357.05,2215,6986864,0,1,154.04,141,17679.97,0.00,14.88
45417.23,2215,6996180,0,1,154.04,141,17679.97,0.00,14.88
45477.40,2215,7005530,0,1,154.04,141,17679.97,0.00,14.88
45537.55,2215,7014846,0,1,154.05,141,17679.97,0.00,14.88
45597.59,2215,7024179,0,1,154.05,141,17679.97,0.00,14.88
45657.81,2215,7033359,0,1,154.05,141,17679.97,0.00,14.88
45718.02,2215,7042743,0,1,154.05,141,17679.97,0.00,14.88
45778.04,2215,7052025,0,1,154.05,141,17679.97,0.00,14.88
45838.05,2215,7061239,0,1,154.05,141,17679.97,0.00,14.88
45898.13,2215,7070028,0,1,154.04,141,17679.97,0.00,14.88
45958.15,2215,7078936,0,1,154.03,141,17679.97,0.00,14.88
46018.29,2215,7088116,0,1,154.03,141,17679.97,0.00,14.88
46078.31,2215,7097228,0,1,154.03,141,17679.97,0.00,14.88
46138.47,2215,7106119,0,1,154.02,141,17679.97,0.00,14.88
46198.62,2215,7115265,0,1,154.01,141,17679.97,0.00,14.88
46258.63,2215,7124309,0,1,154.01,141,17679.97,0.00,14.88
46318.71,2215,7132843,0,1,153.99,141,17679.97,0.00,14.88
46378.85,2215,7142278,0,1,154.00,141,17679.97,0.00,14.88
46439.00,2215,7151526,0,1,154.00,141,17679.97,0.00,14.88
46499.13,2215,7160400,0,1,153.99,141,17679.97,0.00,14.88
46559.37,2215,7168730,0,1,153.97,141,17679.97,0.00,14.88
46619.64,2215,7178080,0,1,153.97,141,17679.97,0.00,14.88
46679.73,2215,7187362,0,1,153.97,141,17679.97,0.00,14.88
46739.78,2215,7196576,0,1,153.97,141,17679.97,0.00,14.88
46799.80,2215,7205637,0,1,153.97,141,17679.97,0.00,14.88
46859.82,2215,7214783,0,1,153.97,141,17679.97,0.00,14.88
46919.84,2216,7224065,0,1,153.97,142,46883.87,0.00,14.88
46979.85,2216,7233313,0,1,153.97,142,46883.87,0.00,14.88
47040.01,2216,7242663,0,1,153.97,142,46883.87,0.00,14.88
47100.21,2216,7252047,0,1,153.97,142,46883.87,0.00,14.88
47160.30,2216,7261227,0,1,153.97,142,46883.87,0.00,14.88
47220.51,2216,7270475,0,1,153.97,142,46883.87,0.00,14.88
47280.68,2216,7279791,0,1,153.97,142,46883.87,0.00,14.88
47340.76,2216,7287985,0,1,153.95,142,46883.87,0.00,14.88
47400.95,2216,7296417,0,1,153.93,142,46883.87,0.00,14.88
47460.99,2216,7305699,0,1,153.93,142,46883.87,0.00,14.88
47521.13,2216,7315253,0,1,153.94,142,46883.87,0.00,14.88
47581.32,2216,7324467,0,1,153.94,142,46883.87,0.00,14.88
47641.42,2216,7333817,0,1,153.94,142,46883.87,0.00,14.88
47701.42,2216,7343337,0,1,153.94,142,46883.87,0.00,14.88
47761.48,2216,7352891,0,1,153.95,142,46883.87,0.00,14.88
47821.55,2216,7362241,0,1,153.95,142,46883.87,0.00,14.88
47881.65,2216,7371557,0,1,153.95,142,46883.87,0.00,14.88
47941.78,2216,7380771,0,1,153.95,142,46883.87,0.00,14.88
48001.82,2216,7390189,0,1,153.96,142,46883.87,0.00,14.88
48061.95,2216,7399471,0,1,153.96,142,46883.87,0.00,14.88
48122.04,2216,7409059,0,1,153.96,142,46883.87,0.00,14.88
48182.16,2216,7418307,0,1,153.96,142,46883.87,0.00,14.88
48242.35,2216,7427589,0,1,153.96,142,46883.87,0.00,14.88
48302.51,2216,7436871,0,1,153.96,142,46883.87,0.00,14.88
48362.65,2216,7445949,0,1,153.96,142,46883.87,0.00,14.88
48422.82,2216,7455129,0,1,153.96,142,46883.87,0.00,14.88
48482.92,2216,7464513,0,1,153.96,142,46883.87,0.00,14.88
48542.99,2216,7473761,0,1,153.96,142,46883.87,0.00,14.88
48603.00,2216,7483145,0,1,153.96,142,46883.87,0.00,14.88
48663.03,2216,7492529,0,1,153.97,142,46883.87,0.00,14.88
48723.05,2216,7502049,0,1,153.97,142,46883.87,0.00,14.88
48783.24,2216,7511399,0,1,153.97,142,46883.87,0.00,14.88
48843.30,2216,7519865,0,1,153.96,142,46883.87,0.00,14.88
48903.44,2216,7528501,0,1,153.95,142,46883.87,0.00,14.88
48963.52,2216,7537307,0,1,153.94,142,46883.87,0.00,14.88
49023.60,2216,7546997,0,1,153.95,142,46883.87,0.00,14.88
49083.82,2216,7556381,0,1,153.95,142,46883.87,0.00,14.88
49143.98,2216,7565697,0,1,153.95,142,46883.87,0.00,14.88
49204.03,2216,7574911,0,1,153.95,142,46883.87,0.00,14.88
49264.11,2216,7584397,0,1,153.95,142,46883.87,0.00,14.88
49324.26,2216,7593781,0,1,153.96,142,46883.87,0.00,14.88
49384.47,2216,7603301,0,1,153.96,142,46883.87,0.00,14.88
49444.59,2216,7612651,0,1,153.96,142,46883.87,0.00,14.88
49504.64,2216,7622035,0,1,153.97,142,46883.87,0.00,14.88
49564.78,2216,7631249,0,1,153.97,142,46883.87,0.00,14.88
49624.83,2216,7640616,0,1,153.97,142,46883.87,0.00,14.88
49684.97,2216,7650000,0,1,153.97,142,46883.87,0.00,14.88
49745.12,2216,7659384,0,1,153.97,142,46883.87,0.00,14.88
49805.13,2216,7668768,0,1,153.98,142,46883.87,0.00,14.88
49865.27,2216,7678186,0,1,153.98,142,46883.87,0.00,14.88
49925.43,2216,7687604,0,1,153.98,142,46883.87,0.00,14.88
49985.46,2216,7696954,0,1,153.98,142,46883.87,0.00,14.88
50045.64,2216,7706406,0,1,153.99,142,46883.87,0.00,14.88
50105.80,2216,7715076,0,1,153.98,142,46883.87,0.00,14.88
50165.81,2216,7724358,0,1,153.98,142,46883.87,0.00,14.88
50225.83,2216,7733844,0,1,153.98,142,46883.87,0.00,14.88
50285.91,2216,7743262,0,1,153.98,142,46883.87,0.00,14.88
50346.02,2216,7752646,0,1,153.99,142,46883.87,0.00,14.88
50406.03,2216,7761418,0,1,153.98,142,46883.87,0.00,14.88
50466.18,2216,7770377,0,1,153.97,142,46883.87,0.00,14.88
50526.45,2216,7778843,0,1,153.96,142,46883.87,0.00,14.88
50586.49,2216,7787683,0,1,153.95,142,46883.87,0.00,14.88
50646.65,2216,7796897,0,1,153.95,142,46883.87,0.00,14.88
50706.71,2216,7806315,0,1,153.95,142,46883.87,0.00,14.88
50766.76,2216,7815767,0,1,153.95,142,46883.87,0.00,14.88
50826.93,2216,7825287,0,1,153.96,142,46883.87,0.00,14.88
50887.05,2216,7834739,0,1,153.96,142,46883.87,0.00,14.88
50947.23,2216,7844089,0,1,153.96,142,46883.87,0.00,14.88
51007.30,2216,7853405,0,1,153.97,142,46883.87,0.00,14.88
51067.38,2216,7862687,0,1,153.97,142,46883.87,0.00,14.88
51127.44,2216,7872003,0,1,153.97,142,46883.87,0.00,14.88
51187.67,2216,7881285,0,1,153.97,142,46883.87,0.00,14.88
51247.79,2216,7890567,0,1,153.97,142,46883.87,0.00,14.88
51307.91,2216,7899883,0,1,153.97,142,46883.87,0.00,14.88
51368.01,2216,7908995,0,1,153.97,142,46883.87,0.00,14.88
51428.14,2216,7918549,0,1,153.97,142,46883.87,0.00,14.88
51488.15,2216,7927797,0,1,153.97,142,46883.87,0.00,14.88
51548.22,2216,7936977,0,1,153.97,142,46883.87,0.00,14.88
51608.32,2216,7945749,0,1,153.96,142,46883.87,0.00,14.88
51668.51,2216,7954028,0,1,153.94,142,46883.87,0.00,14.88
51728.52,2216,7962562,0,1,153.93,142,46883.87,0.00,14.88
51788.78,2216,7971317,0,1,153.92,142,46883.87,0.00,14.88
51848.92,2216,7980871,0,1,153.93,142,46883.87,0.00,14.88
51909.13,2216,7990119,0,1,153.93,142,46883.87,0.00,14.88
51969.40,2216,7999469,0,1,153.93,142,46883.87,0.00,14.88
52029.66,2216,8008751,0,1,153.93,142,46883.87,0.00,14.88
52089.75,2216,8018169,0,1,153.93,142,46883.87,0.00,14.88
52149.88,2216,8027553,0,1,153.93,142,46883.87,0.00,14.88
52209.92,2216,8037209,0,1,153.94,142,46883.87,0.00,14.88
52269.98,2216,8046661,0,1,153.94,142,46883.87,0.00,14.88
52330.06,2216,8055076,0,1,153.93,142,46883.87,0.00,14.88
52390.11,2216,8063763,0,1,153.92,142,46883.87,0.00,14.88
52450.34,2216,8073079,0,1,153.92,142,46883.87,0.00,14.88
52510.47,2216,8082123,0,1,153.91,142,46883.87,0.00,14.88
52570.60,2216,8091269,0,1,153.91,142,46883.87,0.00,14.88
52630.68,2216,8100653,0,1,153.92,142,46883.87,0.00,14.88
52690.74,2216,8110037,0,1,153.92,142,46883.87,0.00,14.88
52750.84,2216,8119387,0,1,153.92,142,46883.87,0.00,14.88
52810.89,2216,8128618,0,1,153.92,142,46883.87,0.00,14.88
52870.98,2216,8138104,0,1,153.92,142,46883.87,0.00,14.88
52931.08,2216,8147318,0,1,153.92,142,46883.87,0.00,14.88
52991.12,2216,8156668,0,1,153.93,142,46883.87,0.00,14.88
53051.29,2216,8166018,0,1,153.93,142,46883.87,0.00,14.88
53111.38,2216,8175538,0,1,153.93,142,46883.87,0.00,14.88
53171.62,2216,8184956,0,1,153.93,142,46883.87,0.00,14.88
53231.71,2216,8193711,0,1,153.93,142,46883.87,0.00,14.88
53291.73,2216,8202891,0,1,153.92,142,46883.87,0.00,14.88
53351.85,2216,8212411,0,1,153.93,142,46883.87,0.00,14.88
53411.86,2216,8221829,0,1,153.93,142,46883.87,0.00,14.88
53472.05,2216,8231213,0,1,153.93,142,46883.87,0.00,14.88
53532.15,2216,8240835,0,1,153.94,142,46883.87,0.00,14.88
53592.35,2216,8250049,0,1,153.94,142,46883.87,0.00,14.88
53652.38,2216,8259059,0,1,153.94,142,46883.87,0.00,14.88
53712.45,2216,8268511,0,1,153.94,142,46883.87,0.00,14.88
53772.49,2216,8277912,0,1,153.94,142,46883.87,0.00,14.88
53832.69,2216,8286820,0,1,153.94,142,46883.87,0.00,14.88
53892.89,2216,8295966,0,1,153.93,142,46883.87,0.00,14.88
53953.03,2216,8305452,0,1,153.94,142,46883.87,0.00,14.88
54013.12,2216,8314734,0,1,153.94,142,46883.87,0.00,14.88
54073.21,2216,8324050,0,1,153.94,142,46883.87,0.00,14.88
54133.32,2216,8333196,0,1,153.94,142,46883.87,0.00,14.88
54193.39,2216,8342750,0,1,153.94,142,46883.87,0.00,14.88
54253.49,2216,8351998,0,1,153.94,142,46883.87,0.00,14.88
54313.66,2216,8361348,0,1,153.95,142,46883.87,0.00,14.88
54373.75,2216,8370664,0,1,153.95,142,46883.87,0.00,14.88
54433.92,2216,8380150,0,1,153.95,142,46883.87,0.00,14.88
54493.93,2216,8389432,0,1,153.95,142,46883.87,0.00,14.88
54553.94,2216,8398833,0,1,153.95,142,46883.87,0.00,14.88
54614.13,2216,8407877,0,1,153.95,142,46883.87,0.00,14.88
54674.21,2216,8417295,0,1,153.95,142,46883.87,0.00,14.88
54734.25,2216,8426696,0,1,153.96,142,46883.87,0.00,14.88
54794.46,2216,8435774,0,1,153.95,142,46883.87,0.00,14.88
54854.61,2216,8445022,0,1,153.95,142,46883.87,0.00,14.88
54914.62,2216,8454270,0,1,153.95,142,46883.87,0.00,14.88
54974.79,2216,8463722,0,1,153.96,142,46883.87,0.00,14.88
55034.80,2216,8472902,0,1,153.96,142,46883.87,0.00,14.88
55094.84,2216,8482286,0,1,153.96,142,46883.87,0.00,14.88
55154.96,2216,8491772,0,1,153.96,142,46883.87,0.00,14.88
55215.13,2216,8500986,0,1,153.96,142,46883.87,0.00,14.88
55275.17,2216,8510098,0,1,153.96,142,46883.87,0.00,14.88
55335.27,2216,8519482,0,1,153.96,142,46883.87,0.00,14.88
55395.29,2216,8528696,0,1,153.96,142,46883.87,0.00,14.88
55455.33,2216,8538029,0,1,153.96,142,46883.87,0.00,14.88
55515.46,2216,8547243,0,1,153.96,142,46883.87,0.00,14.88
55575.51,2216,8556559,0,1,153.96,142,46883.87,0.00,14.88
55635.61,2216,8565093,0,1,153.95,142,46883.87,0.00,14.88
55695.70,2216,8572947,0,1,153.92,142,46883.87,0.00,14.88
55755.80,2216,8581107,0,1,153.91,142,46883.87,0.00,14.88
55815.86,2216,8590253,0,1,153.90,142,46883.87,0.00,14.88
55875.99,2216,8599433,0,1,153.90,142,46883.87,0.00,14.88
55936.08,2216,8608511,0,1,153.90,142,46883.87,0.00,14.88
55996.20,2216,8617793,0,1,153.90,142,46883.87,0.00,14.88
56056.30,2216,8626803,0,1,153.90,142,46883.87,0.00,14.88
56116.50,2216,8635541,0,1,153.89,142,46883.87,0.00,14.88
56176.63,2216,8644891,0,1,153.89,142,46883.87,0.00,14.88
56236.67,2216,8654207,0,1,153.89,142,46883.87,0.00,14.88
56296.83,2216,8663591,0,1,153.89,142,46883.87,0.00,14.88
56356.87,2216,8672737,0,1,153.89,142,46883.87,0.00,14.88
56416.96,2216,8682019,0,1,153.89,142,46883.87,0.00,14.88
56476.99,2216,8691369,0,1,153.89,142,46883.87,0.00,14.88
56537.04,2216,8700107,0,1,153.88,142,46883.87,0.00,14.88
56597.28,2216,8708437,0,1,153.87,142,46883.87,0.00,14.88
56657.33,2216,8718025,0,1,153.87,142,46883.87,0.00,14.88
56717.46,2216,8727256,0,1,153.87,142,46883.87,0.00,14.88
56777.68,2216,8736572,0,1,153.87,142,46883.87,0.00,14.88
56837.85,2216,8745820,0,1,153.87,142,46883.87,0.00,14.88
56897.85,2216,8755136,0,1,153.87,142,46883.87,0.00,14.88
56957.96,2216,8764282,0,1,153.87,142,46883.87,0.00,14.88
57018.10,2216,8773785,0,1,153.88,142,46883.87,0.00,14.88
57078.32,2216,8782931,0,1,153.88,142,46883.87,0.00,14.88
57138.41,2216,8792179,0,1,153.88,142,46883.87,0.00,14.88
57198.53,2216,8801631,0,1,153.88,142,46883.87,0.00,14.88
57258.74,2216,8810913,0,1,153.88,142,46883.87,0.00,14.88
57318.76,2216,8820297,0,1,153.88,142,46883.87,0.00,14.88
57378.80,2216,8829273,0,1,153.88,142,46883.87,0.00,14.88
57438.92,2216,8838759,0,1,153.88,142,46883.87,0.00,14.88
57498.96,2216,8848160,0,1,153.88,142,46883.87,0.00,14.88
57558.97,2216,8857408,0,1,153.88,142,46883.87,0.00,14.88
57618.99,2216,8866826,0,1,153.89,142,46883.87,0.00,14.88
57679.01,2216,8876312,0,1,153.89,142,46883.87,0.00,14.88
57739.24,2216,8885662,0,1,153.89,142,46883.87,0.00,14.88
57799.31,2216,8895080,0,1,153.90,142,46883.87,0.00,14.88
57859.47,2216,8904192,0,1,153.89,142,46883.87,0.00,14.88
57919.70,2216,8912828,0,1,153.88,142,46883.87,0.00,14.88
57979.92,2216,8922076,0,1,153.88,142,46883.87,0.00,14.88
58040.12,2216,8930882,0,1,153.87,142,46883.87,0.00,14.88
58100.27,2216,8939093,0,1,153.86,142,46883.87,0.00,14.88
58160.36,2216,8948375,0,1,153.86,142,46883.87,0.00,14.88
58220.59,2216,8957657,0,1,153.86,142,46883.87,0.00,14.88
58280.83,2216,8967075,0,1,153.86,142,46883.87,0.00,14.88
58340.87,2216,8976561,0,1,153.86,142,46883.87,0.00,14.88
58400.95,2216,8985248,0,1,153.85,142,46883.87,0.00,14.88
58461.09,2216,8994836,0,1,153.86,142,46883.87,0.00,14.88
58521.14,2216,9003880,0,1,153.86,142,46883.87,0.00,14.88
58581.15,2216,9013536,0,1,153.86,142,46883.87,0.00,14.88
58641.22,2216,9023124,0,1,153.87,142,46883.87,0.00,14.88
58701.29,2216,9032508,0,1,153.87,142,46883.87,0.00,14.88
58761.52,2216,9042028,0,1,153.88,142,46883.87,0.00,14.88
58821.63,2216,9051310,0,1,153.88,142,46883.87,0.00,14.88
58881.81,2216,9060796,0,1,153.88,142,46883.87,0.00,14.88
58941.97,2216,9070316,0,1,153.89,142,46883.87,0.00,14.88
59002.15,2216,9079938,0,1,153.89,142,46883.87,0.00,14.88
59062.34,2216,9088642,0,1,153.88,142,46883.87,0.00,14.88
59122.51,2216,9096989,0,1,153.87,142,46883.87,0.00,14.88
59182.67,2216,9106169,0,1,153.87,142,46883.87,0.00,14.88
59242.72,2216,9115349,0,1,153.86,142,46883.87,0.00,14.88
59302.73,2216,9124937,0,1,153.87,142,46883.87,0.00,14.88
59362.74,2216,9133981,0,1,153.87,142,46883.87,0.00,14.88
59422.92,2216,9142770,0,1,153.86,142,46883.87,0.00,14.88
59483.04,2216,9151831,0,1,153.86,142,46883.87,0.00,14.88
59543.10,2216,9160195,0,1,153.84,142,46883.87,0.00,14.88
59603.30,2216,9169018,0,1,153.83,142,46883.87,0.00,14.88
59663.35,2216,9178402,0,1,153.84,142,46883.87,0.00,14.88
59723.52,2216,9187548,0,1,153.83,142,46883.87,0.00,14.88
59783.58,2216,9196864,0,1,153.84,142,46883.87,0.00,14.88
59843.76,2216,9206078,0,1,153.84,142,46883.87,0.00,14.88
59903.78,2216,9215496,0,1,153.84,142,46883.87,0.00,14.88
59963.86,2216,9224778,0,1,153.84,142,46883.87,0.00,14.88
60024.07,2216,9234094,0,1,153.84,142,46883.87,0.00,14.88
60084.23,2216,9243444,0,1,153.84,142,46883.87,0.00,14.88
60144.32,2216,9252760,0,1,153.84,142,46883.87,0.00,14.88
60204.54,2216,9261974,0,1,153.84,142,46883.87,0.00,14.88
60264.59,2216,9271256,0,1,153.84,142,46883.87,0.00,14.88
60324.74,2216,9280232,0,1,153.84,142,46883.87,0.00,14.88
60384.85,2216,9289650,0,1,153.84,142,46883.87,0.00,14.88
60445.10,2216,9298864,0,1,153.84,142,46883.87,0.00,14.88
60505.26,2216,9307874,0,1,153.84,142,46883.87,0.00,14.88
60565.32,2216,9316816,0,1,153.83,142,46883.87,0.00,14.88
60625.39,2216,9325928,0,1,153.83,142,46883.87,0.00,14.88
60685.39,2216,9335142,0,1,153.83,142,46883.87,0.00,14.88
60745.44,2216,9344356,0,1,153.83,142,46883.87,0.00,14.88
60805.53,2216,9353638,0,1,153.83,142,46883.87,0.00,14.88
60865.70,2216,9363056,0,1,153.83,142,46883.87,0.00,14.88
60925.79,2216,9371947,0,1,153.83,142,46883.87,0.00,14.88
60985.83,2216,9381331,0,1,153.83,142,46883.87,0.00,14.88
61045.96,2216,9390341,0,1,153.82,142,46883.87,0.00,14.88
61106.07,2216,9399351,0,1,153.82,142,46883.87,0.00,14.88
61166.17,2216,9407630,0,1,153.80,142,46883.87,0.00,14.88
61226.22,2216,9416317,0,1,153.80,142,46883.87,0.00,14.88
61286.30,2216,9425735,0,1,153.80,142,46883.87,0.00,14.88
61346.40,2216,9435153,0,1,153.80,142,46883.87,0.00,14.88
61406.50,2216,9444503,0,1,153.80,142,46883.87,0.00,14.88
61466.70,2216,9453445,0,1,153.80,142,46883.87,0.00,14.88
61526.80,2216,9462523,0,1,153.80,142,46883.87,0.00,14.88
61586.97,2216,9471839,0,1,153.80,142,46883.87,0.00,14.88
61647.14,2216,9481359,0,1,153.80,142,46883.87,0.00,14.88
61707.25,2216,9490743,0,1,153.80,142,46883.87,0.00,14.88
61767.36,2216,9500195,0,1,153.81,142,46883.87,0.00,14.88
61827.46,2216,9510089,0,1,153.82,142,46883.87,0.00,14.88
61887.55,2216,9519813,0,1,153.82,142,46883.87,0.00,14.88
61947.63,2216,9528636,0,1,153.82,142,46883.87,0.00,14.88
62007.75,2216,9537850,0,1,153.82,142,46883.87,0.00,14.88
62067.94,2216,9547030,0,1,153.82,142,46883.87,0.00,14.88
62127.97,2216,9556516,0,1,153.82,142,46883.87,0.00,14.88
62188.03,2216,9565662,0,1,153.82,142,46883.87,0.00,14.88
62248.27,2216,9575012,0,1,153.82,142,46883.87,0.00,14.88
62308.33,2216,9584192,0,1,153.82,142,46883.87,0.00,14.88
62368.34,2216,9592454,0,1,153.80,142,46883.87,0.00,14.88
62428.48,2216,9600359,0,1,153.78,142,46883.87,0.00,14.88
62488.50,2216,9609165,0,1,153.77,142,46883.87,0.00,14.88
62548.54,2216,9618481,0,1,153.78,142,46883.87,0.00,14.88
62608.69,2216,9628001,0,1,153.78,142,46883.87,0.00,14.88
62668.87,2216,9636671,0,1,153.77,142,46883.87,0.00,14.88
62728.99,2216,9644695,0,1,153.75,142,46883.87,0.00,14.88
62789.05,2216,9652753,0,1,153.73,142,46883.87,0.00,14.88
62849.16,2216,9661899,0,1,153.73,142,46883.87,0.00,14.88
62909.23,2216,9671181,0,1,153.73,142,46883.87,0.00,14.88
62969.31,2216,9680531,0,1,153.73,142,46883.87,0.00,14.88
63029.38,2216,9690017,0,1,153.74,142,46883.87,0.00,14.88
63089.45,2216,9699367,0,1,153.74,142,46883.87,0.00,14.88
63149.49,2216,9708751,0,1,153.74,142,46883.87,0.00,14.88
63209.55,2216,9718135,0,1,153.74,142,46883.87,0.00,14.88
63269.60,2216,9727383,0,1,153.74,142,46883.87,0.00,14.88
63329.64,2216,9736529,0,1,153.74,142,46883.87,0.00,14.88
63389.74,2216,9745233,0,1,153.74,142,46883.87,0.00,14.88
63449.83,2216,9754685,0,1,153.74,142,46883.87,0.00,14.88
63510.10,2216,9764137,0,1,153.74,142,46883.87,0.00,14.88
63570.21,2216,9773487,0,1,153.74,142,46883.87,0.00,14.88
63630.33,2216,9782735,0,1,153.74,142,46883.87,0.00,14.88
63690.49,2216,9792085,0,1,153.74,142,46883.87,0.00,14.88
63750.51,2216,9801401,0,1,153.75,142,46883.87,0.00,14.88
63810.67,2216,9809969,0,1,153.74,142,46883.87,0.00,14.88
63870.79,2216,9818554,0,1,153.73,142,46883.87,0.00,14.88
63930.99,2216,9828040,0,1,153.73,142,46883.87,0.00,14.88
63991.13,2216,9837254,0,1,153.73,142,46883.87,0.00,14.88
64051.20,2216,9845941,0,1,153.72,142,46883.87,0.00,14.88
64111.30,2216,9855291,0,1,153.72,142,46883.87,0.00,14.88
64171.34,2216,9864743,0,1,153.73,142,46883.87,0.00,14.88
64231.43,2216,9874093,0,1,153.73,142,46883.87,0.00,14.88
64291.59,2216,9883545,0,1,153.73,142,46883.87,0.00,14.88
64351.61,2216,9892793,0,1,153.73,142,46883.87,0.00,14.88
64411.79,2216,9902177,0,1,153.73,142,46883.87,0.00,14.88
64472.01,2216,9911323,0,1,153.73,142,46883.87,0.00,14.88
64532.12,2216,9920469,0,1,153.73,142,46883.87,0.00,14.88
64592.21,2216,9929819,0,1,153.73,142,46883.87,0.00,14.88
64652.45,2216,9938999,0,1,153.73,142,46883.87,0.00,14.88
64712.54,2216,9947295,0,1,153.72,142,46883.87,0.00,14.88
64772.54,2216,9956237,0,1,153.71,142,46883.87,0.00,14.88
64832.66,2216,9964346,0,1,153.69,142,46883.87,0.00,14.88
64892.80,2216,9973390,0,1,153.69,142,46883.87,0.00,14.88
64952.95,2216,9982876,0,1,153.69,142,46883.87,0.00,14.88
65012.99,2216,9991563,0,1,153.69,142,46883.87,0.00,14.88
65073.02,2216,10000590,0,1,153.68,142,46883.87,0.00,14.88
65133.23,2216,10009906,0,1,153.68,142,46883.87,0.00,14.88
65193.25,2216,10019086,0,1,153.68,142,46883.87,0.00,14.88
65253.34,2216,10028606,0,1,153.69,142,46883.87,0.00,14.88
65313.40,2216,10037854,0,1,153.69,142,46883.87,0.00,14.88
65373.54,2216,10047102,0,1,153.69,142,46883.87,0.00,14.88
65433.81,2216,10056180,0,1,153.68,142,46883.87,0.00,14.88
65493.83,2216,10065088,0,1,153.68,142,46883.87,0.00,14.88
65553.91,2216,10073826,0,1,153.67,142,46883.87,0.00,14.88
65614.12,2216,10082836,0,1,153.67,142,46883.87,0.00,14.88
65674.32,2216,10092101,0,1,153.67,142,46883.87,0.00,14.88
65734.47,2216,10101417,0,1,153.67,142,46883.87,0.00,14.88
65794.48,2216,10110665,0,1,153.67,142,46883.87,0.00,14.88
65854.66,2216,10120185,0,1,153.67,142,46883.87,0.00,14.88
65914.72,2216,10129501,0,1,153.68,142,46883.87,0.00,14.88
65974.84,2216,10138647,0,1,153.67,142,46883.87,0.00,14.88
66034.94,2216,10147895,0,1,153.67,142,46883.87,0.00,14.88
66094.99,2216,10157177,0,1,153.68,142,46883.87,0.00,14.88
66155.05,2216,10166357,0,1,153.67,142,46883.87,0.00,14.88
66215.24,2216,10175146,0,1,153.67,142,46883.87,0.00,14.88
66275.40,2216,10184530,0,1,153.67,142,46883.87,0.00,14.88
66335.47,2216,10194016,0,1,153.67,142,46883.87,0.00,14.88
66395.56,2216,10203400,0,1,153.68,142,46883.87,0.00,14.88
66455.64,2216,10212784,0,1,153.68,142,46883.87,0.00,14.88
66515.84,2216,10222100,0,1,153.68,142,46883.87,0.00,14.88
66575.99,2216,10230566,0,1,153.67,142,46883.87,0.00,14.88
66636.08,2216,10239253,0,1,153.66,142,46883.87,0.00,14.88
66696.20,2216,10248603,0,1,153.66,142,46883.87,0.00,14.88
66756.35,2216,10258021,0,1,153.66,142,46883.87,0.00,14.88
66816.35,2216,10267371,0,1,153.67,142,46883.87,0.00,14.88
66876.53,2216,10276687,0,1,153.67,142,46883.87,0.00,14.88
66936.61,2216,10285765,0,1,153.66,142,46883.87,0.00,14.88
66996.67,2216,10293772,0,1,153.65,142,46883.87,0.00,14.88
67056.75,2216,10302952,0,1,153.65,142,46883.87,0.00,14.88
67117.01,2216,10311367,0,1,153.63,142,46883.87,0.00,14.88
67177.11,2216,10319510,0,1,153.62,142,46883.87,0.00,14.88
67237.19,2216,10327687,0,1,153.60,142,46883.87,0.00,14.88
67297.29,2216,10336068,0,1,153.59,142,46883.87,0.00,14.88
67357.44,2216,10345214,0,1,153.59,142,46883.87,0.00,14.88
67417.66,2216,10354598,0,1,153.59,142,46883.87,0.00,14.88
67477.78,2216,10363846,0,1,153.59,142,46883.87,0.00,14.88
67537.98,2216,10373026,0,1,153.59,142,46883.87,0.00,14.88
67598.19,2216,10382002,0,1,153.58,142,46883.87,0.00,14.88
67658.26,2216,10391148,0,1,153.58,142,46883.87,0.00,14.88
67718.32,2216,10400124,0,1,153.58,142,46883.87,0.00,14.88
67778.40,2216,10409168,0,1,153.58,142,46883.87,0.00,14.88
67838.50,2216,10418552,0,1,153.58,142,46883.87,0.00,14.88
67898.51,2216,10427766,0,1,153.58,142,46883.87,0.00,14.88
67958.74,2216,10437252,0,1,153.58,142,46883.87,0.00,14.88
68018.84,2216,10446636,0,1,153.58,142,46883.87,0.00,14.88
68079.01,2216,10455986,0,1,153.59,142,46883.87,0.00,14.88
68139.08,2216,10464622,0,1,153.58,142,46883.87,0.00,14.88
68199.32,2216,10472782,0,1,153.56,142,46883.87,0.00,14.88
68259.55,2216,10481180,0,1,153.55,142,46883.87,0.00,14.88
68319.62,2216,10490054,0,1,153.54,142,46883.87,0.00,14.88
68379.76,2216,10498520,0,1,153.53,142,46883.87,0.00,14.88
68439.84,2216,10507326,0,1,153.53,142,46883.87,0.00,14.88
68500.00,2216,10516710,0,1,153.53,142,46883.87,0.00,14.88
68560.18,2216,10525822,0,1,153.53,142,46883.87,0.00,14.88
68620.21,2216,10534220,0,1,153.51,142,46883.87,0.00,14.88
68680.24,2216,10543740,0,1,153.52,142,46883.87,0.00,14.88
68740.39,2216,10552988,0,1,153.52,142,46883.87,0.00,14.88
68800.47,2216,10562372,0,1,153.52,142,46883.87,0.00,14.88
68860.61,2216,10571620,0,1,153.52,142,46883.87,0.00,14.88
68920.78,2216,10580698,0,1,153.52,142,46883.87,0.00,14.88
68980.87,2216,10589827,0,1,153.52,142,46883.87,0.00,14.88
69040.96,2216,10598837,0,1,153.52,142,46883.87,0.00,14.88
69101.10,2216,10608255,0,1,153.52,142,46883.87,0.00,14.88
69161.13,2216,10617435,0,1,153.52,142,46883.87,0.00,14.88
69221.15,2216,10626547,0,1,153.52,142,46883.87,0.00,14.88
69281.34,2216,10635931,0,1,153.52,142,46883.87,0.00,14.88
69341.40,2216,10645213,0,1,153.52,142,46883.87,0.00,14.88
69401.42,2216,10654597,0,1,153.52,142,46883.87,0.00,14.88
69461.46,2216,10663947,0,1,153.52,142,46883.87,0.00,14.88
69521.59,2216,10673331,0,1,153.53,142,46883.87,0.00,14.88
69581.68,2216,10682341,0,1,153.52,142,46883.87,0.00,14.88
69641.69,2216,10691623,0,1,153.52,142,46883.87,0.00,14.88
69701.96,2216,10699732,0,1,153.51,142,46883.87,0.00,14.88
69762.03,2216,10708640,0,1,153.50,142,46883.87,0.00,14.88
69822.19,2216,10717599,0,1,153.50,142,46883.87,0.00,14.88
69882.31,2216,10726507,0,1,153.49,142,46883.87,0.00,14.88
69942.34,2216,10735925,0,1,153.50,142,46883.87,0.00,14.88
70002.42,2216,10745207,0,1,153.50,142,46883.87,0.00,14.88
70062.53,2216,10754557,0,1,153.50,142,46883.87,0.00,14.88
70122.55,2216,10763737,0,1,153.50,142,46883.87,0.00,14.88
70182.57,2216,10771897,0,1,153.48,142,46883.87,0.00,14.88
70242.62,2216,10780737,0,1,153.48,142,46883.87,0.00,14.88
70302.67,2216,10789645,0,1,153.47,142,46883.87,0.00,14.88
70362.77,2216,10798961,0,1,153.48,142,46883.87,0.00,14.88
70422.96,2216,10808345,0,1,153.48,142,46883.87,0.00,14.88
70483.17,2216,10817729,0,1,153.48,142,46883.87,0.00,14.88
70543.42,2216,10827113,0,1,153.48,142,46883.87,0.00,14.88
70603.47,2216,10836497,0,1,153.48,142,46883.87,0.00,14.88
70663.65,2216,10845864,0,1,153.49,142,46883.87,0.00,14.88
70723.69,2216,10855248,0,1,153.49,142,46883.87,0.00,14.88
70783.81,2216,10864190,0,1,153.48,142,46883.87,0.00,14.88
70843.86,2216,10872418,0,1,153.47,142,46883.87,0.00,14.88
70903.91,2216,10880969,0,1,153.46,142,46883.87,0.00,14.88
70964.13,2216,10889792,0,1,153.45,142,46883.87,0.00,14.88
71024.34,2216,10898904,0,1,153.45,142,46883.87,0.00,14.88
71084.50,2216,10907302,0,1,153.44,142,46883.87,0.00,14.88
71144.63,2216,10916380,0,1,153.44,142,46883.87,0.00,14.88
71204.77,2216,10925254,0,1,153.43,142,46883.87,0.00,14.88
71265.00,2216,10933686,0,1,153.42,142,46883.87,0.00,14.88
71325.11,2216,10943308,0,1,153.43,142,46883.87,0.00,14.88
71385.32,2216,10952794,0,1,153.43,142,46883.87,0.00,14.88
71445.32,2216,10962110,0,1,153.43,142,46883.87,0.00,14.88
71505.44,2216,10971307,0,1,153.43,142,46883.87,0.00,14.88
71565.49,2216,10980725,0,1,153.44,142,46883.87,0.00,14.88
71625.55,2216,10990211,0,1,153.44,142,46883.87,0.00,14.88
71685.72,2216,10999680,0,1,153.44,142,46883.87,0.00,14.88
71745.78,2216,11008622,0,1,153.44,142,46883.87,0.00,14.88
71805.97,2216,11017938,0,1,153.44,142,46883.87,0.00,14.88
71866.15,2216,11027254,0,1,153.44,142,46883.87,0.00,14.88
71926.34,2216,11035720,0,1,153.43,142,46883.87,0.00,14.88
71986.59,2216,11045002,0,1,153.43,142,46883.87,0.00,14.88
72046.78,2216,11053332,0,1,153.42,142,46883.87,0.00,14.88
72106.93,2216,11062087,0,1,153.41,142,46883.87,0.00,14.88
72167.16,2216,11070315,0,1,153.40,142,46883.87,0.00,14.88
72227.27,2216,11079699,0,1,153.40,142,46883.87,0.00,14.88
72287.42,2216,11088573,0,1,153.40,142,46883.87,0.00,14.88
72347.57,2216,11096699,0,1,153.38,142,46883.87,0.00,14.88
72407.68,2216,11106117,0,1,153.38,142,46883.87,0.00,14.88
72467.69,2216,11115671,0,1,153.39,142,46883.87,0.00,14.88
72527.71,2216,11125191,0,1,153.39,142,46883.87,0.00,14.88
72587.82,2216,11134507,0,1,153.39,142,46883.87,0.00,14.88
72647.98,2216,11143891,0,1,153.40,142,46883.87,0.00,14.88
72708.11,2216,11153343,0,1,153.40,142,46883.87,0.00,14.88
72768.12,2216,11162829,0,1,153.40,142,46883.87,0.00,14.88
72828.26,2216,11172145,0,1,153.40,142,46883.87,0.00,14.88
72888.27,2216,11181257,0,1,153.40,142,46883.87,0.00,14.88
72948.31,2216,11190471,0,1,153.40,142,46883.87,0.00,14.88
73008.41,2216,11199889,0,1,153.41,142,46883.87,0.00,14.88
73068.48,2216,11209307,0,1,153.41,142,46883.87,0.00,14.88
73128.51,2216,11218691,0,1,153.41,142,46883.87,0.00,14.88
73188.72,2216,11227701,0,1,153.41,142,46883.87,0.00,14.88
73248.93,2216,11237153,0,1,153.41,142,46883.87,0.00,14.88
73309.18,2216,11246503,0,1,153.41,142,46883.87,0.00,14.88
73369.34,2216,11255785,0,1,153.41,142,46883.87,0.00,14.88
73429.51,2216,11264897,0,1,153.41,142,46883.87,0.00,14.88
73489.64,2216,11274349,0,1,153.41,142,46883.87,0.00,14.88
73549.70,2216,11283852,0,1,153.42,142,46883.87,0.00,14.88
73609.75,2216,11293134,0,1,153.42,142,46883.87,0.00,14.88
73669.82,2216,11302654,0,1,153.42,142,46883.87,0.00,14.88
73729.95,2216,11311970,0,1,153.42,142,46883.87,0.00,14.88
73790.18,2216,11321388,0,1,153.43,142,46883.87,0.00,14.88
73850.40,2216,11330432,0,1,153.42,142,46883.87,0.00,14.88
73910.47,2216,11338915,0,1,153.41,142,46883.87,0.00,14.88
73970.59,2216,11347245,0,1,153.40,142,46883.87,0.00,14.88
74030.78,2216,11355609,0,1,153.39,142,46883.87,0.00,14.88
74090.87,2216,11364653,0,1,153.39,142,46883.87,0.00,14.88
74150.89,2216,11373833,0,1,153.39,142,46883.87,0.00,14.88
74211.08,2216,11383149,0,1,153.39,142,46883.87,0.00,14.88
74271.10,2216,11392737,0,1,153.39,142,46883.87,0.00,14.88
74331.22,2216,11402155,0,1,153.40,142,46883.87,0.00,14.88
74391.41,2216,11411845,0,1,153.40,142,46883.87,0.00,14.88
74451.59,2216,11421093,0,1,153.40,142,46883.87,0.00,14.88
74511.74,2216,11430749,0,1,153.41,142,46883.87,0.00,14.88
74571.75,2216,11440167,0,1,153.41,142,46883.87,0.00,14.88
74631.83,2216,11449483,0,1,153.41,142,46883.87,0.00,14.88
74691.95,2216,11458459,0,1,153.41,142,46883.87,0.00,14.88
74751.99,2216,11467129,0,1,153.40,142,46883.87,0.00,14.88
74812.00,2216,11476173,0,1,153.40,142,46883.87,0.00,14.88
74872.12,2216,11485693,0,1,153.40,142,46883.87,0.00,14.88
74932.22,2216,11495213,0,1,153.41,142,46883.87,0.00,14.88
74992.31,2216,11504801,0,1,153.41,142,46883.87,0.00,14.88
75052.52,2216,11514117,0,1,153.41,142,46883.87,0.00,14.88
75112.58,2216,11522753,0,1,153.41,142,46883.87,0.00,14.88
75172.65,2216,11531287,0,1,153.40,142,46883.87,0.00,14.88
75232.89,2216,11539651,0,1,153.39,142,46883.87,0.00,14.88
75293.04,2216,11548389,0,1,153.38,142,46883.87,0.00,14.88
75353.28,2216,11557603,0,1,153.38,142,46883.87,0.00,14.88
75413.46,2216,11566817,0,1,153.38,142,46883.87,0.00,14.88
75473.48,2216,11575198,0,1,153.37,142,46883.87,0.00,14.88
75533.54,2216,11584310,0,1,153.37,142,46883.87,0.00,14.88
75593.62,2216,11593694,0,1,153.37,142,46883.87,0.00,14.88
75653.71,2216,11602126,0,1,153.36,142,46883.87,0.00,14.88
75713.76,2216,11611646,0,1,153.36,142,46883.87,0.00,14.88
75773.92,2216,11620690,0,1,153.36,142,46883.87,0.00,14.88
75834.03,2216,11628918,0,1,153.35,142,46883.87,0.00,14.88
75894.28,2216,11637656,0,1,153.34,142,46883.87,0.00,14.88
75954.46,2216,11647040,0,1,153.34,142,46883.87,0.00,14.88
76014.57,2216,11655914,0,1,153.34,142,46883.87,0.00,14.88
76074.58,2216,11665264,0,1,153.34,142,46883.87,0.00,14.88
76134.64,2216,11674835,0,1,153.34,142,46883.87,0.00,14.88
76194.72,2216,11684117,0,1,153.35,142,46883.87,0.00,14.88
76254.97,2216,11693467,0,1,153.35,142,46883.87,0.00,14.88
76314.98,2216,11702783,0,1,153.35,142,46883.87,0.00,14.88
76375.05,2216,11711606,0,1,153.34,142,46883.87,0.00,14.88
76435.29,2216,11720752,0,1,153.34,142,46883.87,0.00,14.88
76495.36,2216,11730102,0,1,153.34,142,46883.87,0.00,14.88
76555.60,2216,11739316,0,1,153.34,142,46883.87,0.00,14.88
76615.69,2216,11748700,0,1,153.35,142,46883.87,0.00,14.88
76675.90,2216,11757812,0,1,153.34,142,46883.87,0.00,14.88
76736.01,2216,11767128,0,1,153.35,142,46883.87,0.00,14.88
76796.04,2216,11776410,0,1,153.35,142,46883.87,0.00,14.88
76856.06,2216,11785454,0,1,153.34,142,46883.87,0.00,14.88
76916.27,2216,11794481,0,1,153.34,142,46883.87,0.00,14.88
76976.34,2216,11803559,0,1,153.34,142,46883.87,0.00,14.88
77036.38,2216,11812943,0,1,153.34,142,46883.87,0.00,14.88
77096.44,2216,11822242,0,1,153.34,142,46883.87,0.00,14.88
77156.52,2216,11831116,0,1,153.34,142,46883.87,0.00,14.88
77216.62,2216,11840381,0,1,153.34,142,46883.87,0.00,14.88
77276.74,2216,11849629,0,1,153.34,142,46883.87,0.00,14.88
77336.92,2216,11858877,0,1,153.34,142,46883.87,0.00,14.88
77397.15,2216,11867105,0,1,153.33,142,46883.87,0.00,14.88
77457.26,2216,11875911,0,1,153.32,142,46883.87,0.00,14.88
77517.48,2216,11885397,0,1,153.33,142,46883.87,0.00,14.88
77577.58,2216,11894951,0,1,153.33,142,46883.87,0.00,14.88
77637.68,2216,11904403,0,1,153.33,142,46883.87,0.00,14.88
77697.84,2216,11913617,0,1,153.33,142,46883.87,0.00,14.88
77757.95,2216,11922967,0,1,153.33,142,46883.87,0.00,14.88
77818.17,2216,11932487,0,1,153.34,142,46883.87,0.00,14.88
77878.22,2216,11941905,0,1,153.34,142,46883.87,0.00,14.88
77938.30,2216,11951255,0,1,153.34,142,46883.87,0.00,14.88
77998.39,2216,11960367,0,1,153.34,142,46883.87,0.00,14.88
78058.54,2216,11969683,0,1,153.34,142,46883.87,0.00,14.88
78118.73,2216,11979101,0,1,153.34,142,46883.87,0.00,14.88
78178.90,2216,11988349,0,1,153.35,142,46883.87,0.00,14.88
78238.98,2216,11997716,0,1,153.35,142,46883.87,0.00,14.88
78299.20,2216,12007032,0,1,153.35,142,46883.87,0.00,14.88
78359.25,2216,12016382,0,1,153.35,142,46883.87,0.00,14.88
78419.29,2216,12025732,0,1,153.35,142,46883.87,0.00,14.88
78479.44,2216,12035252,0,1,153.36,142,46883.87,0.00,14.88
78539.61,2216,12044415,0,1,153.35,142,46883.87,0.00,14.88
78599.65,2216,12053765,0,1,153.36,142,46883.87,0.00,14.88
78659.72,2216,12063081,0,1,153.36,142,46883.87,0.00,14.88
78719.82,2216,12071887,0,1,153.35,142,46883.87,0.00,14.88
78779.98,2216,12080149,0,1,153.34,142,46883.87,0.00,14.88
78839.98,2216,12089295,0,1,153.34,142,46883.87,0.00,14.88
78900.12,2216,12098271,0,1,153.34,142,46883.87,0.00,14.88
78960.14,2216,12107519,0,1,153.34,142,46883.87,0.00,14.88
79020.20,2216,12116648,0,1,153.34,142,46883.87,0.00,14.88
79080.32,2216,12125964,0,1,153.34,142,46883.87,0.00,14.88
79140.33,2216,12135178,0,1,153.34,142,46883.87,0.00,14.88
79200.44,2216,12144562,0,1,153.34,142,46883.87,0.00,14.88
79260.49,2216,12153674,0,1,153.34,142,46883.87,0.00,14.88
79320.52,2216,12162956,0,1,153.34,142,46883.87,0.00,14.88
79380.59,2216,12172306,0,1,153.34,142,46883.87,0.00,14.88
79440.67,2216,12181588,0,1,153.34,142,46883.87,0.00,14.88
79500.90,2216,12190972,0,1,153.34,142,46883.87,0.00,14.88
79560.93,2216,12200560,0,1,153.35,142,46883.87,0.00,14.88
79621.03,2216,12210012,0,1,153.35,142,46883.87,0.00,14.88
79681.22,2216,12219260,0,1,153.35,142,46883.87,0.00,14.88
79741.32,2216,12228168,0,1,153.35,142,46883.87,0.00,14.88
79801.42,2216,12237467,0,1,153.35,142,46883.87,0.00,14.88
79861.61,2216,12246851,0,1,153.35,142,46883.87,0.00,14.88
79921.65,2216,12256235,0,1,153.35,142,46883.87,0.00,14.88
79981.81,2216,12265160,0,1,153.35,142,46883.87,0.00,14.88
80041.84,2216,12274476,0,1,153.35,142,46883.87,0.00,14.88
80101.84,2216,12283894,0,1,153.35,142,46883.87,0.00,14.88
80161.88,2216,12293176,0,1,153.35,142,46883.87,0.00,14.88
80221.89,2216,12302492,0,1,153.36,142,46883.87,0.00,14.88
80281.94,2216,12311672,0,1,153.36,142,46883.87,0.00,14.88
80341.96,2216,12320767,0,1,153.35,142,46883.87,0.00,14.88
80402.18,2216,12329947,0,1,153.35,142,46883.87,0.00,14.88
80462.24,2216,12339195,0,1,153.35,142,46883.87,0.00,14.88
80522.49,2216,12348103,0,1,153.35,142,46883.87,0.00,14.88
80582.68,2216,12357453,0,1,153.35,142,46883.87,0.00,14.88
80642.73,2216,12366871,0,1,153.35,142,46883.87,0.00,14.88
80702.82,2216,12376255,0,1,153.36,142,46883.87,0.00,14.88
80762.99,2216,12385639,0,1,153.36,142,46883.87,0.00,14.88
80823.14,2216,12395091,0,1,153.36,142,46883.87,0.00,14.88
80883.27,2216,12404543,0,1,153.36,142,46883.87,0.00,14.88
80943.45,2216,12413927,0,1,153.37,142,46883.87,0.00,14.88
81003.61,2216,12423413,0,1,153.37,142,46883.87,0.00,14.88
81063.78,2216,12432831,0,1,153.37,142,46883.87,0.00,14.88
81123.94,2216,12442385,0,1,153.38,142,46883.87,0.00,14.88
81184.08,2216,12451837,0,1,153.38,142,46883.87,0.00,14.88
81244.22,2216,12461051,0,1,153.38,142,46883.87,0.00,14.88
81304.35,2216,12470435,0,1,153.38,142,46883.87,0.00,14.88
81364.55,2216,12479751,0,1,153.38,142,46883.87,0.00,14.88
81424.65,2216,12489135,0,1,153.38,142,46883.87,0.00,14.88
81484.69,2216,12498519,0,1,153.38,142,46883.87,0.00,14.88
81544.76,2216,12507410,0,1,153.38,142,46883.87,0.00,14.88
81604.83,2216,12515876,0,1,153.37,142,46883.87,0.00,14.88
81664.91,2216,12524648,0,1,153.37,142,46883.87,0.00,14.88
81724.91,2216,12534100,0,1,153.37,142,46883.87,0.00,14.88
81784.95,2216,12543484,0,1,153.37,142,46883.87,0.00,14.88
81845.05,2216,12553004,0,1,153.38,142,46883.87,0.00,14.88
81905.31,2216,12562218,0,1,153.37,142,46883.87,0.00,14.88
81965.48,2216,12571670,0,1,153.38,142,46883.87,0.00,14.88
82025.58,2216,12580884,0,1,153.38,142,46883.87,0.00,14.88
82085.74,2216,12590302,0,1,153.38,142,46883.87,0.00,14.88
82145.89,2216,12599839,0,1,153.38,142,46883.87,0.00,14.88
82205.92,2216,12609087,0,1,153.38,142,46883.87,0.00,14.88
82265.95,2216,12618573,0,1,153.39,142,46883.87,0.00,14.88
82326.06,2216,12627957,0,1,153.39,142,46883.87,0.00,14.88
82386.16,2216,12637103,0,1,153.39,142,46883.87,0.00,14.88
82446.19,2216,12645977,0,1,153.38,142,46883.87,0.00,14.88
82506.23,2216,12655123,0,1,153.38,142,46883.87,0.00,14.88
82566.41,2216,12664643,0,1,153.39,142,46883.87,0.00,14.88
82626.42,2216,12674265,0,1,153.39,142,46883.87,0.00,14.88
82686.65,2216,12683751,0,1,153.40,142,46883.87,0.00,14.88
82746.70,2216,12693169,0,1,153.40,142,46883.87,0.00,14.88
82806.89,2216,12702757,0,1,153.40,142,46883.87,0.00,14.88
82867.01,2216,12712039,0,1,153.40,142,46883.87,0.00,14.88
82927.27,2216,12721321,0,1,153.40,142,46883.87,0.00,14.88
82987.35,2216,12730773,0,1,153.41,142,46883.87,0.00,14.88
83047.50,2216,12739647,0,1,153.40,142,46883.87,0.00,14.88
83107.66,2216,12749133,0,1,153.41,142,46883.87,0.00,14.88
83167.91,2216,12758534,0,1,153.41,142,46883.87,0.00,14.88
83227.93,2216,12768054,0,1,153.41,142,46883.87,0.00,14.88
83288.17,2216,12777506,0,1,153.41,142,46883.87,0.00,14.88
83348.33,2216,12787060,0,1,153.42,142,46883.87,0.00,14.88
83408.35,2216,12795968,0,1,153.41,142,46883.87,0.00,14.88
83468.55,2216,12804332,0,1,153.40,142,46883.87,0.00,14.88
83528.67,2216,12813308,0,1,153.40,142,46883.87,0.00,14.88
83588.80,2216,12823066,0,1,153.41,142,46883.87,0.00,14.88
83648.86,2216,12831617,0,1,153.40,142,46883.87,0.00,14.88
83709.00,2216,12840797,0,1,153.40,142,46883.87,0.00,14.88
83769.14,2216,12850215,0,1,153.40,142,46883.87,0.00,14.88
83829.34,2216,12859123,0,1,153.40,142,46883.87,0.00,14.88
83889.39,2216,12867827,0,1,153.39,142,46883.87,0.00,14.88
83949.39,2216,12877177,0,1,153.39,142,46883.87,0.00,14.88
84009.58,2216,12886697,0,1,153.40,142,46883.87,0.00,14.88
84069.71,2216,12896013,0,1,153.40,142,46883.87,0.00,14.88
84129.77,2216,12905550,0,1,153.40,142,46883.87,0.00,14.88
84189.95,2216,12915002,0,1,153.40,142,46883.87,0.00,14.88
84250.12,2216,12924420,0,1,153.41,142,46883.87,0.00,14.88
84310.35,2216,12933651,0,1,153.41,142,46883.87,0.00,14.88
84370.51,2216,12942814,0,1,153.40,142,46883.87,0.00,14.88
84430.53,2216,12952198,0,1,153.41,142,46883.87,0.00,14.88
84490.63,2216,12961514,0,1,153.41,142,46883.87,0.00,14.88
84550.83,2216,12969742,0,1,153.40,142,46883.87,0.00,14.88
84610.90,2216,12979194,0,1,153.40,142,46883.87,0.00,14.88
84671.07,2216,12988782,0,1,153.40,142,46883.87,0.00,14.88
84731.08,2216,12998166,0,1,153.40,142,46883.87,0.00,14.88
84791.27,2216,13007329,0,1,153.40,142,46883.87,0.00,14.88
84851.49,2216,13016713,0,1,153.41,142,46883.87,0.00,14.88
84911.69,2216,13026403,0,1,153.41,142,46883.87,0.00,14.88
84971.81,2216,13035991,0,1,153.42,142,46883.87,0.00,14.88
85031.98,2216,13045477,0,1,153.42,142,46883.87,0.00,14.88
85092.14,2216,13054827,0,1,153.42,142,46883.87,0.00,14.88
85152.30,2216,13064211,0,1,153.42,142,46883.87,0.00,14.88
85212.39,2216,13073629,0,1,153.42,142,46883.87,0.00,14.88
85272.56,2216,13083081,0,1,153.43,142,46883.87,0.00,14.88
85332.72,2216,13092567,0,1,153.43,142,46883.87,0.00,14.88
85392.94,2216,13101407,0,1,153.42,142,46883.87,0.00,14.88
85452.99,2216,13110655,0,1,153.43,142,46883.87,0.00,14.88
85513.08,2216,13120005,0,1,153.43,142,46883.87,0.00,14.88
85573.17,2216,13129015,0,1,153.42,142,46883.87,0.00,14.88
85633.26,2216,13137379,0,1,153.41,142,46883.87,0.00,14.88
85693.43,2216,13145743,0,1,153.40,142,46883.87,0.00,14.88
85753.43,2216,13153903,0,1,153.39,142,46883.87,0.00,14.88
85813.62,2216,13163049,0,1,153.39,142,46883.87,0.00,14.88
85873.81,2216,13172314,0,1,153.39,142,46883.87,0.00,14.88
85933.86,2216,13181851,0,1,153.40,142,46883.87,0.00,14.88
85993.90,2216,13190827,0,1,153.39,142,46883.87,0.00,14.88
86053.96,2216,13200245,0,1,153.39,142,46883.87,0.00,14.88
86114.20,2216,13209289,0,1,153.39,142,46883.87,0.00,14.88
86174.25,2216,13218673,0,1,153.39,142,46883.87,0.00,14.88
86234.33,2216,13228125,0,1,153.40,142,46883.87,0.00,14.88
86294.39,2216,13237611,0,1,153.40,142,46883.87,0.00,14.88
86354.46,2216,13247063,0,1,153.40,142,46883.87,0.00,14.88
